1.757478	
1.767322	
1.777407	
1.787703	
1.797741	
1.807825	
1.817992	
1.828223	
1.838299	
1.848479	
1.858612	
1.868774	
1.87887	
1.888995	
1.899172	
1.919035	
1.923305	
1.933364	
1.943625	
1.953626	
1.963758	
1.97387	
1.983972	
1.994119	
2.004736	
2.014429	
2.024526	
2.034597	
2.045122	
2.054855	
2.064964	
2.07513	
2.085191	
2.095347	
2.105455	
2.115627	
2.125732	
2.135914	
2.145933	
2.156439	
2.166512	
2.176653	
2.186783	
2.196921	
2.207056	
2.21724	
2.227354	
2.237489	
2.24757	
2.257743	
2.267888	
2.278044	
2.28814	
2.298236	
2.308453	
2.318578	
2.328849	
2.338979	
2.349112	
2.359192	
2.369378	
2.379503	
2.389641	
2.399759	
2.409834	
2.420033	
2.430197	
2.440282	
2.450424	
2.461479	
2.470727	
2.480822	
2.490911	
2.501161	
2.511151	
2.521338	
2.531514	
2.541616	
2.551745	
2.561971	
2.572584	
2.582255	
2.592412	
2.60247	
2.612694	
2.622713	
2.6329	
2.643057	
2.653132	
2.663243	
2.673572	
2.683525	
2.693612	
2.703727	
2.71383	
2.723965	
2.734511	
2.744239	
2.754422	
2.764588	
2.774609	
2.78503	
2.794852	
2.805015	
2.815094	
2.825346	
2.83541	
2.845513	
2.855618	
2.865745	
2.883739	
2.887925	
2.89811	
2.908231	
2.918351	
2.928446	
2.938621	
2.949219	
2.958894	
2.969033	
2.979114	
2.989304	
2.999371	
3.009534	
3.019672	
3.029764	
3.039966	
3.050479	
3.060702	
3.070747	
3.080833	
3.091011	
3.101154	
3.111273	
3.121398	
3.13152	
3.141665	
3.152073	
3.161949	
3.172074	
3.18225	
3.19237	
3.202451	
3.212633	
3.222692	
3.232817	
3.242878	
3.253087	
3.263249	
3.273328	
3.283466	
3.293544	
3.303733	
3.313805	
3.323926	
3.334137	
3.344158	
3.354664	
3.364568	
3.374598	
3.384709	
3.394783	
3.405203	
3.415054	
3.425235	
3.435345	
3.445411	
3.455594	
3.465717	
3.475867	
3.486	
3.496082	
3.506253	
3.516495	
3.526606	
3.536734	
3.547606	
3.556954	
3.567069	
3.577207	
3.587395	
3.597504	
3.607568	
3.619946	192.851536	192.850156	193.078429	193.077049	
3.629821	192.853146	192.850156	193.080039	193.077049	
3.639943	192.855419	192.850156	193.082312	193.077049	
3.650047	192.858302	192.850156	193.085195	193.077049	
3.660152	192.861796	192.850156	193.088689	193.077049	
3.670348	192.86595	192.850156	193.092843	193.085775	
3.680478	192.87069	192.858882	193.097582	193.085775	
3.690635	192.876061	192.858882	193.102954	193.085775	
3.700835	192.88208	192.858882	193.108973	193.085775	
3.710889	192.888616	192.858882	193.115509	193.085775	
3.721076	192.895869	192.858882	193.122762	193.085775	
3.731206	192.90369	192.858882	193.130583	193.085775	
3.74135	192.912142	192.858882	193.139035	193.085775	
3.751431	192.921145	192.858882	193.148037	193.085775	
3.761587	192.93084	192.858882	193.157733	193.085775	
3.771686	192.941092	192.858882	193.167985	193.085775	
3.781913	192.952105	192.867609	193.178998	193.085775	
3.792028	192.963604	192.876336	193.190496	193.085775	
3.802173	192.975759	192.885062	193.202652	193.085775	
3.812278	192.988479	192.893789	193.215371	193.094502	
3.822515	193.002004	192.902516	193.228897	193.103228	
3.832591	193.015903	192.919969	193.242796	193.111955	
3.842674	193.030433	192.928696	193.257326	193.120682	
3.852863	193.04574	192.946149	193.272633	193.138135	
3.862936	193.061477	192.963602	193.28837	193.146862	
3.873475	193.078628	192.972329	193.305521	193.164315	
3.883221	193.095031	192.989782	193.321923	193.181768	
3.893328	193.112664	193.007235	193.339557	193.207948	
3.904848	193.133891	193.024689	193.360784	193.225401	
3.913803	193.150308	193.042142	193.377201	193.251581	
3.923969	193.169923	193.068322	193.396816	193.277761	
3.934162	193.190209	193.085775	193.417102	193.303941	
3.94429	193.210977	193.103228	193.43787	193.330121	
3.962385	193.250501	193.129408	193.477393	193.356301	
3.966746	193.259945	193.164315	193.486838	193.391208	
3.976913	193.282775	193.190495	193.509667	193.426114	
3.987041	193.306142	193.207948	193.533035	193.452294	
3.997136	193.330054	193.242855	193.556947	193.487201	
4.007234	193.354565	193.277761	193.581458	193.522107	
4.017399	193.379876	193.303941	193.606768	193.557014	
4.02766	193.406058	193.330121	193.63295	193.583194	
4.037732	193.432352	193.365028	193.659245	193.618101	
4.047828	193.459327	193.399934	193.68622	193.653007	
4.057928	193.48692	193.434841	193.713812	193.679187	
4.06813	193.515432	193.469748	193.742325	193.714094	
4.078333	193.544558	193.504654	193.771451	193.749	
4.088409	193.573927	193.539561	193.800819	193.783907	
4.098582	193.604217	193.574467	193.831109	193.810087	
4.108719	193.635012	193.609374	193.861905	193.85372	
4.118833	193.666338	193.644281	193.893231	193.8799	
4.129036	193.698577	193.679187	193.92547	193.914807	
4.139153	193.731153	193.714094	193.958046	193.949713	
4.149297	193.76443	193.749	193.991323	193.98462	
4.159388	193.798139	193.783907	194.025032	194.019526	
4.169562	193.83276	193.818813	194.059652	194.054433	
4.179692	193.867845	193.85372	194.094737	194.089339	
4.189851	193.903647	193.888627	194.13054	194.124246	
4.200017	193.940112	193.923533	194.167005	194.150426	
4.210105	193.97687	193.95844	194.203762	194.185333	
4.220246	194.014461	193.993346	194.241354	194.220239	
4.230771	194.054172	194.028253	194.281065	194.255146	
4.240585	194.091712	194.06316	194.318605	194.290052	
4.250681	194.130968	194.098066	194.35786	194.324959	
4.260897	194.171335	194.132973	194.398228	194.368592	
4.270932	194.211574	194.159153	194.438467	194.403499	
4.281181	194.253317	194.202786	194.48021	194.447132	
4.291327	194.29525	194.237692	194.522143	194.482039	
4.301463	194.337784	194.272599	194.564677	194.525672	
4.31158	194.380796	194.307506	194.607689	194.569305	
4.321659	194.42429	194.342412	194.651182	194.604212	
4.331937	194.469282	194.386045	194.696174	194.639118	
4.34202	194.514015	194.420952	194.740908	194.682751	
4.352129	194.559478	194.464585	194.786371	194.726385	
4.362281	194.605753	194.499492	194.832646	194.770018	
4.372389	194.652464	194.543125	194.879356	194.813651	
4.382529	194.699916	194.586758	194.926809	194.857284	
4.392659	194.747932	194.630392	194.974825	194.900918	
4.402752	194.796388	194.674025	195.023281	194.953277	
4.413018	194.846332	194.717658	195.073224	194.996911	
4.423472	194.897841	194.770018	195.124734	195.040544	
4.433234	194.946478	194.813651	195.173371	195.092904	
4.443379	194.997658	194.866011	195.224551	195.145264	
4.462433	195.096511	194.962004	195.323404	195.241257	
4.466741	195.118754	194.988184	195.345647	195.267437	
4.476967	195.1724	195.040544	195.399293	195.319797	
4.487047	195.225896	195.092904	195.452788	195.372156	
4.497162	195.280192	195.15399	195.507085	195.424516	
4.507373	195.335638	195.20635	195.562531	195.476876	
4.517476	195.391101	195.267437	195.617994	195.537963	
4.53668	195.49931	195.328523	195.726203	195.599049	
4.541136	195.524285	195.407063	195.751177	195.677589	
4.55122	195.58169	195.46815	195.808583	195.738676	
4.561298	195.639648	195.529236	195.866541	195.799762	
4.571423	195.698521	195.581596	195.925414	195.860849	
4.58155	195.758016	195.651409	195.984909	195.930662	
4.591739	195.818476	195.712496	196.045369	195.991748	
4.601855	195.879418	195.773582	196.106311	196.052835	
4.612004	195.940611	195.843395	196.167504	196.122648	
4.622367	196.004069	195.904482	196.230962	196.183735	
4.63232	196.065544	195.974295	196.292437	196.244821	
4.642443	196.128714	196.035382	196.355607	196.314634	
4.652581	196.192583	196.105195	196.419475	196.384447	
4.662695	196.256906	196.175008	196.483799	196.454261	
4.672787	196.32172	196.244821	196.548612	196.524074	
4.682911	196.387354	196.314634	196.614247	196.593887	
4.693124	196.454175	196.384447	196.681068	196.654973	
4.703249	196.521032	196.454261	196.747925	196.724787	
4.713337	196.588281	196.524074	196.815173	196.7946	
4.72372	196.658159	196.593887	196.885052	196.864413	
4.733628	196.725389	196.6637	196.952281	196.9255	
4.743725	196.794553	196.733513	197.021446	196.995313	
4.753862	196.864533	196.803326	197.091426	197.065126	
4.763951	196.934832	196.87314	197.161725	197.134939	
4.774107	197.006247	196.951679	197.23314	197.204752	
4.784249	197.078137	197.021493	197.30503	197.274565	
4.794433	197.150978	197.100032	197.377871	197.344379	
4.804516	197.223696	197.169846	197.450589	197.422918	
4.8146	197.297031	197.239659	197.523924	197.492732	
4.825381	197.376185	197.318199	197.603078	197.562545	
4.834955	197.446982	197.388012	197.673874	197.641084	
4.845096	197.522559	197.466552	197.749452	197.710898	
4.855175	197.598296	197.536365	197.825189	197.789437	
4.865257	197.674674	197.606178	197.901567	197.859251	
4.87546	197.752627	197.684718	197.97952	197.93779	
4.885555	197.830325	197.763258	198.057218	198.007604	
4.895676	197.908846	197.841797	198.135739	198.09487	
4.905844	197.98837	197.920337	198.215262	198.164683	
4.915944	198.067971	197.99015	198.294864	198.243223	
4.926512	198.151986	198.06869	198.378879	198.321763	
4.936574	198.232509	198.155957	198.459402	198.400303	
4.946663	198.313835	198.234496	198.540728	198.478843	
4.956873	198.396814	198.313036	198.623707	198.566109	
4.9669	198.47888	198.391576	198.705772	198.644649	
4.977058	198.562657	198.478843	198.78955	198.723189	
4.987204	198.646961	198.566109	198.873854	198.810455	
4.99731	198.731536	198.644649	198.958428	198.888995	
5.007471	198.817192	198.723189	199.044085	198.976261	
5.017584	198.90303	198.810455	199.129923	199.063528	
5.027746	198.989983	198.897722	199.216875	199.142068	
5.046033	199.148826	199.054801	199.375719	199.299147	
5.050414	199.186776	199.089708	199.413669	199.342781	
5.060544	199.275387	199.176974	199.50228	199.430047	
5.070644	199.364355	199.264241	199.591248	199.517313	
5.081186	199.455933	199.360234	199.682826	199.613307	
5.091288	199.543045	199.456227	199.769938	199.700573	
5.10144	199.630001	199.543493	199.856894	199.787839	
5.111579	199.716252	199.63076	199.943145	199.883833	
5.121701	199.801709	199.73548	200.028602	199.979826	
5.131907	199.887295	199.822746	200.114188	200.067092	
5.142115	199.97228	199.918739	200.199173	200.163085	
5.152195	200.055559	200.014732	200.282452	200.259078	
5.162359	200.138941	200.110725	200.365834	200.346345	
5.172477	200.221347	200.206718	200.44824	200.433611	
5.182538	200.302706	200.293985	200.529599	200.538331	
5.192716	200.384353	200.389978	200.611246	200.625598	
5.202829	200.464897	200.477245	200.69179	200.712864	
5.21305	200.545655	200.573238	200.772547	200.808857	
5.223074	200.624281	200.660504	200.851174	200.887397	
5.233516	200.705557	200.747771	200.93245	200.98339	
5.243374	200.781684	200.835037	201.008577	201.070656	
5.253499	200.859265	200.922303	201.086158	201.157923	
5.263639	200.936374	201.000843	201.163267	201.236463	
5.273735	201.012493	201.08811	201.239385	201.323729	
5.283868	201.088348	201.16665	201.315241	201.410996	
5.294016	201.163689	201.245189	201.390582	201.489535	
5.304132	201.23813	201.323729	201.465022	201.568075	
5.314255	201.312065	201.402269	201.538958	201.646615	
5.332385	201.44214	201.480809	201.669033	201.716428	
5.337376	201.477996	201.568075	201.704889	201.812421	
5.347071	201.546884	201.637888	201.773777	201.882235	
5.357244	201.618565	201.707702	201.845458	201.952048	
5.36734	201.689123	201.777515	201.916016	202.021861	
5.377413	201.758934	201.847328	201.985827	202.091674	
5.387658	201.829311	201.917141	202.056203	202.161487	
5.39774	201.897937	201.978228	202.12483	202.222574	
5.407859	201.966236	202.039314	202.193128	202.28366	
5.418021	202.034199	202.100401	202.261092	202.353473	
5.428126	202.101185	202.161487	202.328078	202.41456	
5.438612	202.170068	202.222574	202.396961	202.475647	
5.448558	202.23481	202.28366	202.461702	202.528006	
5.458565	202.299323	202.353473	202.526215	202.589093	
5.468689	202.363988	202.405833	202.590881	202.650179	
5.478784	202.427904	202.46692	202.654797	202.711266	
5.48894	202.49157	202.528006	202.718463	202.772352	
5.499046	202.554339	202.589093	202.781232	202.824712	
5.517253	202.665003	202.693813	202.891896	202.929432	
5.521622	202.691613	202.719993	202.918506	202.955612	
5.531787	202.752782	202.781079	202.979675	203.016699	
5.542899	202.8189	202.842166	203.045793	203.069058	
5.552734	202.879499	202.894526	203.106392	203.130145	
5.56287	202.935971	202.955612	203.162864	203.191232	
5.57311	202.995074	203.016699	203.221967	203.243591	
5.583518	203.05451	203.069058	203.281403	203.295951	
5.593289	203.109746	203.130145	203.336639	203.348311	
5.603399	203.166315	203.191232	203.393208	203.409398	
5.613524	203.222353	203.243591	203.449245	203.461758	
5.62362	203.277619	203.295951	203.504512	203.522844	
5.633763	203.332552	203.357038	203.559445	203.575204	
5.644358	203.389289	203.400671	203.616181	203.627564	
5.65407	203.440712	203.461758	203.667605	203.679924	
5.664205	203.493754	203.514117	203.720647	203.74101	
5.674384	203.546457	203.575204	203.77335	203.79337	
5.685036	203.600926	203.627564	203.827819	203.84573	
5.694601	203.649286	203.679924	203.876178	203.89809	
5.704722	203.699874	203.732284	203.926767	203.95045	
5.714842	203.749861	203.784643	203.976754	204.00281	
5.725005	203.799442	203.837003	204.026335	204.055169	
5.735221	203.848672	203.889363	204.075564	204.098803	
5.745225	203.896289	203.941723	204.123182	204.151163	
5.755434	203.944274	203.994083	204.171166	204.203522	
5.766061	203.99357	204.037716	204.220463	204.247156	
5.775639	204.037426	204.090076	204.264319	204.299516	
5.794073	204.119469	204.168616	204.346362	204.386782	
5.79853	204.139342	204.194796	204.366235	204.404235	
5.80858	204.183453	204.238429	204.410346	204.447869	
5.818744	204.227438	204.282062	204.454331	204.500228	
5.829082	204.271588	204.325696	204.498481	204.543862	
5.839029	204.313447	204.369329	204.54034	204.587495	
5.849195	204.355651	204.412962	204.582544	204.622402	
5.859329	204.397111	204.447869	204.624004	204.666035	
5.869487	204.438081	204.491502	204.664973	204.709668	
5.879547	204.47804	204.535135	204.704932	204.753301	
5.889741	204.51794	204.570042	204.744833	204.788208	
5.899845	204.556895	204.613675	204.783788	204.831841	
5.919583	204.630176	204.683488	204.857069	204.901654	
5.923926	204.646352	204.700941	204.873245	204.919107	
5.934092	204.683526	204.735848	204.910419	204.954014	
5.944728	204.721748	204.770754	204.948641	204.988921	
5.954451	204.756129	204.805661	204.983022	205.023827	
5.964538	204.79121	204.840568	205.018102	205.050007	
5.975075	204.8272	204.875474	205.054093	205.084914	
5.985179	204.861139	204.910381	205.088032	205.11982	
5.995306	204.894565	204.936561	205.121458	205.146	
6.005446	204.927419	204.971467	205.154312	205.180907	
6.015572	204.959637	204.997647	205.18653	205.207087	
6.025692	204.991253	205.032554	205.218146	205.233267	
6.035867	205.022442	205.058734	205.249335	205.268173	
6.047709	205.057882	205.09364	205.284774	205.294353	
6.056449	205.083647	205.11982	205.310539	205.320533	
6.066583	205.112908	205.146	205.3398	205.346713	
6.076913	205.142116	205.17218	205.369009	205.372893	
6.086818	205.169562	205.19836	205.396455	205.399073	
6.096993	205.197165	205.233267	205.424058	205.425253	
6.107117	205.224032	205.25072	205.450924	205.451433	
6.117279	205.250399	205.285627	205.477292	205.477613	
6.127406	205.276096	205.30308	205.502989	205.495066	
6.13747	205.301057	205.32926	205.52795	205.529973	
6.149035	205.328942	205.35544	205.555835	205.547426	
6.157804	205.349679	205.38162	205.576572	205.573606	
6.167911	205.372981	205.4078	205.599873	205.599786	
6.178048	205.395772	205.425253	205.622665	205.625966	
6.188206	205.418018	205.451433	205.64491	205.643419	
6.198431	205.439807	205.468886	205.666699	205.669599	
6.208492	205.460684	205.495066	205.687576	205.687052	
6.218627	205.481129	205.512519	205.708022	205.713232	
6.228746	205.500953	205.529973	205.727845	205.739412	
6.238841	205.520156	205.556153	205.747048	205.756866	
6.250293	205.541174	205.573606	205.768067	205.774319	
6.25915	205.557031	205.599786	205.783924	205.791772	
6.269335	205.574654	205.617239	205.801546	205.809225	
6.279402	205.591513	205.634692	205.818406	205.835405	
6.289538	205.607907	205.652146	205.8348	205.844132	
6.299726	205.623805	205.669599	205.850698	205.861585	
6.309838	205.639014	205.678326	205.865906	205.879039	
6.319953	205.653661	205.695779	205.880554	205.896492	
6.330086	205.667772	205.704506	205.894664	205.913945	
6.340204	205.681288	205.721959	205.908181	205.922672	
6.351325	205.695441	205.739412	205.922334	205.940125	
6.360495	205.70669	205.739412	205.933583	205.948852	
6.370787	205.718718	205.756866	205.945611	205.966305	
6.380807	205.729882	205.765592	205.956774	205.975032	
6.39087	205.740544	205.774319	205.967437	205.983758	
6.40146	205.751153	205.783045	205.978046	206.001212	
6.411635	205.760805	205.791772	205.987697	206.009938	
6.421728	205.769833	205.800499	205.996726	206.018665	
6.431922	205.778409	205.809225	206.005301	206.018665	
6.442248	205.786579	205.809225	206.013472	206.027392	
6.4529	205.794319	205.809225	206.021211	206.036118	
6.462289	205.80075	205.817952	206.027643	206.044845	
6.472399	205.807145	205.826679	206.034038	206.044845	
6.482513	205.813032	205.826679	206.039924	206.053571	
6.49261	205.818405	205.826679	206.045298	206.053571	
6.502756	205.823303	205.835405	206.050196	206.053571	
6.512925	205.827721	205.835405	206.054614	206.053571	
6.523074	205.831652	205.835405	206.058545	206.053571	
6.533241	205.835125	205.835405	206.062017	206.053571	
6.543502	205.838169	205.835405	206.065062	206.053571	
6.554981	205.840995	205.835405	206.067888	206.053571	
6.563932	205.842935	205.835405	206.069828	206.053571	
6.574033	205.844722	205.835405	206.071615	206.053571	
6.584166	205.850156	205.835405	206.077049	206.053571	
6.602639	205.850156	205.835405	206.077049	206.053571	
6.607039	205.850156	205.835405	206.077049	206.053571	
6.617141	205.850156	205.835405	206.077049	206.053571	
6.627286	205.850156	205.835405	206.077049	206.053571	
6.637411	205.850156	205.835405	206.077049	206.053571	
6.647551	205.850156	205.826679	206.077049	206.053571	
6.657744	205.850156	205.826679	206.077049	206.053571	
6.667859	205.850156	205.826679	206.077049	206.053571	
6.677958	205.850156	205.835405	206.077049	206.053571	
6.688088	205.850156	205.835405	206.077049	206.053571	
6.698264	205.850156	205.835405	206.077049	206.053571	
6.71005	205.850156	205.835405	206.077049	206.053571	
6.720129	205.850156	205.835405	206.077049	206.053571	
6.730251	205.850156	205.835405	206.077049	206.053571	
6.740366	205.850156	205.835405	206.077049	206.053571	
6.750573	205.850156	205.835405	206.077049	206.053571	
6.760772	205.850156	205.835405	206.077049	206.053571	
6.770873	205.850156	205.835405	206.077049	206.053571	
6.781078	205.850156	205.835405	206.077049	206.053571	
6.791122	205.850156	205.835405	206.077049	206.053571	
6.801221	205.850156	205.835405	206.077049	206.053571	
6.811416	205.850156	205.835405	206.077049	206.053571	
6.821539	205.850156	205.835405	206.077049	206.053571	
6.831754	205.850156	205.835405	206.077049	206.053571	
6.841817	205.850156	205.835405	206.077049	206.053571	
6.852229	205.850156	205.835405	206.077049	206.053571	
6.862147	205.850156	205.835405	206.077049	206.053571	
6.872229	205.850156	205.835405	206.077049	206.053571	
6.882374	205.850156	205.835405	206.077049	206.053571	
6.892509	205.850156	205.835405	206.077049	206.053571	
6.902618	205.850156	205.835405	206.077049	206.053571	
6.912783	205.850156	205.835405	206.077049	206.053571	
6.922878	205.850156	205.835405	206.077049	206.053571	
6.933098	205.850156	205.835405	206.077049	206.053571	
6.943141	205.850156	205.835405	206.077049	206.053571	
6.953587	205.850156	205.835405	206.077049	206.053571	
6.963433	205.850156	205.835405	206.077049	206.053571	
6.973555	205.850156	205.835405	206.077049	206.053571	
6.983678	205.850156	205.835405	206.077049	206.053571	
6.993781	205.850156	205.835405	206.077049	206.053571	
7.003963	205.850156	205.835405	206.077049	206.053571	
7.014061	205.850156	205.835405	206.077049	206.053571	
7.024215	205.850156	205.835405	206.077049	206.053571	
7.034397	205.850156	205.835405	206.077049	206.053571	
7.044495	205.850156	205.835405	206.077049	206.053571	
7.055037	205.850156	205.835405	206.077049	206.053571	
7.064805	205.850156	205.835405	206.077049	206.053571	
7.074894	205.850156	205.835405	206.077049	206.053571	
7.085091	205.850156	205.835405	206.077049	206.053571	
7.095115	205.850156	205.835405	206.077049	206.053571	
7.105293	205.850156	205.835405	206.077049	206.053571	
7.115394	205.850156	205.835405	206.077049	206.053571	
7.125575	205.850156	205.835405	206.077049	206.053571	
7.135674	205.850156	205.835405	206.077049	206.053571	
7.145815	205.850156	205.835405	206.077049	206.053571	
7.156341	205.850156	205.835405	206.077049	206.053571	
7.166307	205.850156	205.835405	206.077049	206.053571	
7.176417	205.850156	205.835405	206.077049	206.053571	
7.18658	205.850156	205.835405	206.077049	206.053571	
7.196687	205.850156	205.835405	206.077049	206.053571	
7.206845	205.850156	205.835405	206.077049	206.053571	
7.216972	205.850156	205.835405	206.077049	206.053571	
7.227278	205.850156	205.835405	206.077049	206.053571	
7.237292	205.850156	205.835405	206.077049	206.053571	
7.247349	205.850156	205.835405	206.077049	206.053571	
7.257507	205.850156	205.835405	206.077049	206.053571	
7.267719	205.850156	205.835405	206.077049	206.053571	
7.277898	205.850156	205.835405	206.077049	206.053571	
7.288017	205.850156	205.835405	206.077049	206.053571	
7.298094	205.850156	205.835405	206.077049	206.053571	
7.308274	205.850156	205.835405	206.077049	206.053571	
7.318408	205.850156	205.835405	206.077049	206.053571	
7.328803	205.850156	205.835405	206.077049	206.053571	
7.338719	205.850156	205.835405	206.077049	206.053571	
7.348779	205.850156	205.835405	206.077049	206.053571	
7.358951	205.850156	205.835405	206.077049	206.053571	
7.369148	205.850156	205.835405	206.077049	206.053571	
7.379247	205.850156	205.835405	206.077049	206.053571	
7.389423	205.850156	205.835405	206.077049	206.053571	
7.399468	205.850156	205.835405	206.077049	206.053571	
7.409638	205.850156	205.835405	206.077049	206.053571	
7.419805	205.850156	205.835405	206.077049	206.053571	
7.429934	205.850156	205.835405	206.077049	206.053571	
7.440066	205.850156	205.835405	206.077049	206.053571	
7.450166	205.850156	205.835405	206.077049	206.053571	
7.47833	205.850156	205.835405	206.077049	206.053571	
7.482739	205.850156	205.835405	206.077049	206.053571	
7.492869	205.850156	205.835405	206.077049	206.053571	
7.503084	205.850156	205.835405	206.077049	206.053571	
7.513121	205.850156	205.835405	206.077049	206.053571	
7.52323	205.850156	205.835405	206.077049	206.053571	
7.533386	205.850156	205.835405	206.077049	206.053571	
7.54349	205.850156	205.835405	206.077049	206.053571	
7.554491	205.850156	205.835405	206.077049	206.053571	
7.564511	205.850156	205.835405	206.077049	206.053571	
7.57388	205.850156	205.835405	206.077049	206.053571	
7.584022	205.850156	205.835405	206.077049	206.053571	
7.594129	205.850156	205.835405	206.077049	206.053571	
7.604267	205.850156	205.835405	206.077049	206.053571	
7.622678	205.850156	205.835405	206.077049	206.053571	
7.627036	205.850156	205.835405	206.077049	206.053571	
7.637236	205.850156	205.835405	206.077049	206.053571	
7.647342	205.850156	205.835405	206.077049	206.053571	
7.657441	205.850156	205.835405	206.077049	206.053571	
7.676558	205.850156	205.835405	206.077049	206.053571	
7.680907	205.850156	205.835405	206.077049	206.053571	
7.691071	205.850156	205.835405	206.077049	206.053571	
7.70127	205.850156	205.835405	206.077049	206.053571	
7.711307	205.850156	205.835405	206.077049	206.053571	
7.721483	205.850156	205.835405	206.077049	206.053571	
7.731612	205.850156	205.835405	206.077049	206.053571	
7.741796	205.850156	205.835405	206.077049	206.053571	
7.751922	205.850156	205.835405	206.077049	206.053571	
7.762253	205.850156	205.835405	206.077049	206.053571	
7.772277	205.850156	205.835405	206.077049	206.053571	
7.782355	205.850156	205.835405	206.077049	206.053571	
7.79247	205.850156	205.835405	206.077049	206.053571	
7.802623	205.850156	205.835405	206.077049	206.053571	
7.812697	205.850156	205.835405	206.077049	206.053571	
7.822855	205.850156	205.835405	206.077049	206.053571	
7.833106	205.850156	205.835405	206.077049	206.053571	
7.843098	205.850156	205.835405	206.077049	206.053571	
7.853734	205.850156	205.835405	206.077049	206.053571	
7.863603	205.850156	205.835405	206.077049	206.053571	
7.873867	205.850156	205.835405	206.077049	206.053571	
7.883678	205.850156	205.835405	206.077049	206.053571	
7.893744	205.850156	205.835405	206.077049	206.053571	
7.905022	205.850156	205.835405	206.077049	206.053571	
7.914168	205.850156	205.835405	206.077049	206.053571	
7.924318	205.850156	205.835405	206.077049	206.053571	
7.934513	205.850156	205.835405	206.077049	206.053571	
7.944544	205.850156	205.835405	206.077049	206.053571	
7.95468	205.850156	205.835405	206.077049	206.053571	
7.965241	205.850156	205.835405	206.077049	206.053571	
7.97502	205.850156	205.835405	206.077049	206.053571	
7.985114	205.850156	205.835405	206.077049	206.053571	
7.995207	205.850156	205.835405	206.077049	206.053571	
8.005365	205.850156	205.835405	206.077049	206.053571	
8.015499	205.850156	205.835405	206.077049	206.053571	
8.025616	205.850156	205.835405	206.077049	206.053571	
8.035776	205.850156	205.835405	206.077049	206.053571	
8.053651	205.850156	205.835405	206.077049	206.053571	
8.057958	205.850156	205.835405	206.077049	206.053571	
8.069153	205.850156	205.835405	206.077049	206.053571	
8.078347	205.850156	205.835405	206.077049	206.053571	
8.08847	205.850156	205.835405	206.077049	206.053571	
8.098624	205.850156	205.835405	206.077049	206.053571	
8.108704	205.850156	205.835405	206.077049	206.053571	
8.11887	205.850156	205.835405	206.077049	206.053571	
8.128991	205.850156	205.835405	206.077049	206.053571	
8.139126	205.850156	205.835405	206.077049	206.053571	
8.149322	205.850156	205.835405	206.077049	206.053571	
8.159362	205.850156	205.835405	206.077049	206.053571	
8.170333	205.850156	205.835405	206.077049	206.053571	
8.179776	205.850156	205.835405	206.077049	206.053571	
8.189867	205.850156	205.835405	206.077049	206.053571	
8.199974	205.850156	205.835405	206.077049	206.053571	
8.210069	205.850156	205.835405	206.077049	206.053571	
8.220249	205.850156	205.835405	206.077049	206.053571	
8.230403	205.850156	205.835405	206.077049	206.053571	
8.240501	205.850156	205.835405	206.077049	206.053571	
8.250594	205.850156	205.835405	206.077049	206.053571	
8.260714	205.850156	205.835405	206.077049	206.053571	
8.271526	205.850156	205.835405	206.077049	206.053571	
8.28103	205.850156	205.835405	206.077049	206.053571	
8.291148	205.850156	205.835405	206.077049	206.053571	
8.301348	205.850156	205.835405	206.077049	206.053571	
8.311353	205.850156	205.835405	206.077049	206.053571	
8.321569	205.850156	205.835405	206.077049	206.053571	
8.331669	205.850156	205.835405	206.077049	206.053571	
8.341822	205.850156	205.835405	206.077049	206.053571	
8.351945	205.850156	205.835405	206.077049	206.053571	
8.362239	205.850156	205.835405	206.077049	206.053571	
8.372782	205.850156	205.835405	206.077049	206.053571	
8.382417	205.850156	205.835405	206.077049	206.053571	
8.392515	205.850156	205.835405	206.077049	206.053571	
8.402663	205.850156	205.835405	206.077049	206.053571	
8.412766	205.850156	205.835405	206.077049	206.053571	
8.422858	205.850156	205.835405	206.077049	206.053571	
8.43306	205.850156	205.835405	206.077049	206.053571	
8.443165	205.850156	205.835405	206.077049	206.053571	
8.453353	205.850156	205.835405	206.077049	206.053571	
8.472272	205.850156	205.835405	206.077049	206.053571	
8.477252	205.850156	205.835405	206.077049	206.053571	
8.486891	205.850156	205.835405	206.077049	206.053571	
8.496986	205.850156	205.835405	206.077049	206.053571	
8.507271	205.850156	205.835405	206.077049	206.053571	
8.517326	205.850156	205.835405	206.077049	206.053571	
8.527408	205.850156	205.835405	206.077049	206.053571	
8.537549	205.850156	205.835405	206.077049	206.053571	
8.547685	205.850156	205.835405	206.077049	206.053571	
8.557827	205.850156	205.835405	206.077049	206.053571	
8.567924	205.850156	205.835405	206.077049	206.053571	
8.579468	205.850156	205.835405	206.077049	206.053571	
8.589345	205.850156	205.835405	206.077049	206.053571	
8.599454	205.850156	205.835405	206.077049	206.053571	
8.609569	205.850156	205.835405	206.077049	206.053571	
8.619682	205.850156	205.835405	206.077049	206.053571	
8.629849	205.850156	205.835405	206.077049	206.053571	
8.639977	205.850156	205.835405	206.077049	206.053571	
8.650098	205.850156	205.835405	206.077049	206.053571	
8.660233	205.850156	205.835405	206.077049	206.053571	
8.670333	205.850156	205.835405	206.077049	206.053571	
8.680537	205.850156	205.835405	206.077049	206.053571	
8.690751	205.850156	205.835405	206.077049	206.053571	
8.700829	205.850156	205.835405	206.077049	206.053571	
8.710959	205.850156	205.835405	206.077049	206.053571	
8.721039	205.850156	205.835405	206.077049	206.053571	
8.731225	205.850156	205.835405	206.077049	206.053571	
8.741386	205.850156	205.835405	206.077049	206.053571	
8.751436	205.850156	205.835405	206.077049	206.053571	
8.761615	205.850156	205.835405	206.077049	206.053571	
8.771747	205.850156	205.835405	206.077049	206.053571	
8.782227	205.850156	205.835405	206.077049	206.053571	
8.792351	205.850156	205.835405	206.077049	206.053571	
8.802225	205.850156	205.835405	206.077049	206.053571	
8.812356	205.850156	205.835405	206.077049	206.053571	
8.822442	205.850156	205.835405	206.077049	206.053571	
8.83278	205.850156	205.835405	206.077049	206.053571	
8.842773	205.850156	205.835405	206.077049	206.053571	
8.852876	205.850156	205.835405	206.077049	206.053571	
8.863038	205.850156	205.835405	206.077049	206.053571	
8.873476	205.850156	205.835405	206.077049	206.053571	
8.883307	205.850156	205.835405	206.077049	206.053571	
8.893466	205.850156	205.835405	206.077049	206.053571	
8.903543	205.850156	205.835405	206.077049	206.053571	
8.913632	205.850156	205.835405	206.077049	206.053571	
8.923782	205.850156	205.835405	206.077049	206.053571	
8.933905	205.850156	205.835405	206.077049	206.053571	
8.944033	205.850156	205.835405	206.077049	206.053571	
8.954155	205.850156	205.835405	206.077049	206.053571	
8.964313	205.850156	205.835405	206.077049	206.053571	
8.983577	205.850156	205.835405	206.077049	206.053571	
8.987992	205.850156	205.835405	206.077049	206.053571	
8.998368	205.850156	205.835405	206.077049	206.053571	
9.008266	205.850156	205.835405	206.077049	206.053571	
9.018359	205.850156	205.835405	206.077049	206.053571	
9.028526	205.850156	205.835405	206.077049	206.053571	
9.038724	205.850156	205.835405	206.077049	206.053571	
9.048755	205.850156	205.835405	206.077049	206.053571	
9.058914	205.850156	205.835405	206.077049	206.053571	
9.06901	205.850156	205.835405	206.077049	206.053571	
9.079157	205.850156	205.835405	206.077049	206.053571	
9.089365	205.850156	205.835405	206.077049	206.053571	
9.099476	205.850156	205.835405	206.077049	206.053571	
9.109678	205.850156	205.835405	206.077049	206.053571	
9.119721	205.850156	205.835405	206.077049	206.053571	
9.129892	205.850156	205.835405	206.077049	206.053571	
9.140056	205.850156	205.835405	206.077049	206.053571	
9.150168	205.850156	205.835405	206.077049	206.053571	
9.160285	205.850156	205.835405	206.077049	206.053571	
9.170386	205.850156	205.835405	206.077049	206.053571	
9.180547	205.850156	205.835405	206.077049	206.053571	
9.190793	205.850156	205.835405	206.077049	206.053571	
9.200848	205.850156	205.835405	206.077049	206.053571	
9.211437	205.850156	205.835405	206.077049	206.053571	
9.221084	205.850156	205.835405	206.077049	206.053571	
9.231258	205.850156	205.835405	206.077049	206.053571	
9.241386	205.850156	205.835405	206.077049	206.053571	
9.251481	205.850156	205.835405	206.077049	206.053571	
9.261676	205.850156	205.835405	206.077049	206.053571	
9.271717	205.850156	205.835405	206.077049	206.053571	
9.281984	205.850156	205.835405	206.077049	206.053571	
9.292224	205.850156	205.835405	206.077049	206.053571	
9.30228	205.850156	205.835405	206.077049	206.053571	
9.31239	205.850156	205.835405	206.077049	206.053571	
9.322606	205.850156	205.835405	206.077049	206.053571	
9.332643	205.850156	205.835405	206.077049	206.053571	
9.342904	205.850156	205.835405	206.077049	206.053571	
9.352963	205.850156	205.835405	206.077049	206.053571	
9.363103	205.850156	205.835405	206.077049	206.053571	
9.373259	205.850156	205.835405	206.077049	206.053571	
9.383657	205.850156	205.835405	206.077049	206.053571	
9.393536	205.850156	205.835405	206.077049	206.053571	
9.403614	205.850156	205.835405	206.077049	206.053571	
9.413762	205.850156	205.835405	206.077049	206.053571	
9.423914	205.850156	205.835405	206.077049	206.053571	
9.434031	205.850156	205.835405	206.077049	206.053571	
9.444147	205.850156	205.835405	206.077049	206.053571	
9.454266	205.850156	205.835405	206.077049	206.053571	
9.47366	205.850156	205.835405	206.077049	206.053571	
9.478	205.850156	205.835405	206.077049	206.053571	
9.489278	205.850156	205.835405	206.077049	206.053571	
9.498288	205.850156	205.835405	206.077049	206.053571	
9.508452	205.850156	205.835405	206.077049	206.053571	
9.518584	205.850156	205.835405	206.077049	206.053571	
9.528716	205.850156	205.835405	206.077049	206.053571	
9.538857	205.850156	205.835405	206.077049	206.053571	
9.549011	205.850156	205.835405	206.077049	206.053571	
9.559143	205.850156	205.835405	206.077049	206.053571	
9.569257	205.850156	205.835405	206.077049	206.053571	
9.579363	205.850156	205.835405	206.077049	206.053571	
9.590893	205.850156	205.835405	206.077049	206.053571	
9.599666	205.850156	205.835405	206.077049	206.053571	
9.609778	205.850156	205.835405	206.077049	206.053571	
9.619949	205.850156	205.835405	206.077049	206.053571	
9.630045	205.850156	205.835405	206.077049	206.053571	
9.640188	205.850156	205.835405	206.077049	206.053571	
9.650306	205.850156	205.835405	206.077049	206.053571	
9.660465	205.850156	205.835405	206.077049	206.053571	
9.670599	205.850156	205.835405	206.077049	206.053571	
9.680681	205.850156	205.835405	206.077049	206.053571	
9.691983	205.850156	205.835405	206.077049	206.053571	
9.700997	205.850156	205.835405	206.077049	206.053571	
9.711355	205.850156	205.835405	206.077049	206.053571	
9.721259	205.850156	205.835405	206.077049	206.053571	
9.731364	205.850156	205.835405	206.077049	206.053571	
9.741553	205.850156	205.835405	206.077049	206.053571	
9.751596	205.850156	205.835405	206.077049	206.053571	
9.761752	205.850156	205.835405	206.077049	206.053571	
9.771924	205.850156	205.835405	206.077049	206.053571	
9.782251	205.850156	205.835405	206.077049	206.053571	
9.79323	205.850156	205.835405	206.077049	206.053571	
9.802316	205.850156	205.835405	206.077049	206.053571	
9.812425	205.850156	205.835405	206.077049	206.053571	
9.822561	205.850156	205.835405	206.077049	206.053571	
9.832627	205.850156	205.835405	206.077049	206.053571	
9.84289	205.850156	205.835405	206.077049	206.053571	
9.852961	205.850156	205.835405	206.077049	206.053571	
9.863097	205.850156	205.835405	206.077049	206.053571	
9.873217	205.850156	205.835405	206.077049	206.053571	
9.883664	205.850156	205.835405	206.077049	206.053571	
9.894863	205.850156	205.835405	206.077049	206.053571	
9.904867	205.850156	205.835405	206.077049	206.053571	
9.913979	205.850156	205.835405	206.077049	206.053571	
9.924126	205.850156	205.835405	206.077049	206.053571	
9.934236	205.850156	205.835405	206.077049	206.053571	
9.944428	205.850156	205.835405	206.077049	206.053571	
9.954529	205.850156	205.835405	206.077049	206.053571	
9.964642	205.850156	205.835405	206.077049	206.053571	
9.974752	205.850156	205.835405	206.077049	206.053571	
9.985171	205.850156	205.835405	206.077049	206.053571	
9.996276	205.850156	205.835405	206.077049	206.053571	
10.00514	205.850156	205.835405	206.077049	206.053571	
10.01527	205.850156	205.835405	206.077049	206.053571	
10.02538	205.850156	205.835405	206.077049	206.053571	
10.03548	205.850156	205.835405	206.077049	206.053571	
10.04604	205.850156	205.835405	206.077049	206.053571	
10.05582	205.850156	205.835405	206.077049	206.053571	
10.06595	205.850156	205.835405	206.077049	206.053571	
10.07603	205.850156	205.835405	206.077049	206.053571	
10.08652	205.850156	205.835405	206.077049	206.053571	
10.09719	205.850156	205.835405	206.077049	206.053571	
10.10688	205.850156	205.835405	206.077049	206.053571	
10.11698	205.850156	205.835405	206.077049	206.053571	
10.1271	205.850156	205.835405	206.077049	206.053571	
10.13721	205.850156	205.835405	206.077049	206.053571	
10.14737	205.850156	205.835405	206.077049	206.053571	
10.15759	205.850156	205.835405	206.077049	206.053571	
10.16766	205.850156	205.835405	206.077049	206.053571	
10.1778	205.850156	205.835405	206.077049	206.053571	
10.18791	205.850156	205.835405	206.077049	206.053571	
10.19851	205.850156	205.835405	206.077049	206.053571	
10.20841	205.850156	205.835405	206.077049	206.053571	
10.21834	205.850156	205.835405	206.077049	206.053571	
10.22847	205.850156	205.835405	206.077049	206.053571	
10.23859	205.850156	205.835405	206.077049	206.053571	
10.2487	205.850156	205.835405	206.077049	206.053571	
10.25935	205.850156	205.835405	206.077049	206.053571	
10.26936	205.850156	205.835405	206.077049	206.053571	
10.27943	205.850156	205.835405	206.077049	206.053571	
10.28953	205.850156	205.835405	206.077049	206.053571	
10.30871	205.850156	205.835405	206.077049	206.053571	
10.3131	205.850156	205.835405	206.077049	206.053571	
10.32323	205.850156	205.835405	206.077049	206.053571	
10.33339	205.850156	205.835405	206.077049	206.053571	
10.34373	205.850156	205.835405	206.077049	206.053571	
10.35361	205.850156	205.835405	206.077049	206.053571	
10.36377	205.850156	205.835405	206.077049	206.053571	
10.37392	205.850156	205.835405	206.077049	206.053571	
10.38402	205.850156	205.835405	206.077049	206.053571	
10.39415	205.850156	205.835405	206.077049	206.053571	
10.4044	205.850156	205.835405	206.077049	206.053571	
10.41451	205.850156	205.835405	206.077049	206.053571	
10.42458	205.850156	205.835405	206.077049	206.053571	
10.43503	205.850156	205.835405	206.077049	206.053571	
10.44518	205.850156	205.835405	206.077049	206.053571	
10.45502	205.850156	205.835405	206.077049	206.053571	
10.47466	205.850156	205.835405	206.077049	206.053571	
10.47913	205.850156	205.835405	206.077049	206.053571	
10.48923	205.850156	205.835405	206.077049	206.053571	
10.50052	205.850156	205.835405	206.077049	206.053571	
10.50962	205.850156	205.835405	206.077049	206.053571	
10.51966	205.850156	205.835405	206.077049	206.053571	
10.52976	205.850156	205.835405	206.077049	206.053571	
10.53988	205.850156	205.835405	206.077049	206.053571	
10.55004	205.850156	205.835405	206.077049	206.053571	
10.56041	205.850156	205.835405	206.077049	206.053571	
10.57081	205.850156	205.835405	206.077049	206.053571	
10.58091	205.850156	205.835405	206.077049	206.053571	
10.59106	205.850156	205.835405	206.077049	206.053571	
10.60183	205.850156	205.835405	206.077049	206.053571	
10.61139	205.850156	205.835405	206.077049	206.053571	
10.6216	205.850156	205.835405	206.077049	206.053571	
10.63163	205.850156	205.835405	206.077049	206.053571	
10.64172	205.850156	205.835405	206.077049	206.053571	
10.65193	205.850156	205.835405	206.077049	206.053571	
10.66205	205.850156	205.835405	206.077049	206.053571	
10.67254	205.850156	205.835405	206.077049	206.053571	
10.68225	205.850156	205.835405	206.077049	206.053571	
10.69239	205.850156	205.835405	206.077049	206.053571	
10.7031	205.850156	205.835405	206.077049	206.053571	
10.7127	205.850156	205.835405	206.077049	206.053571	
10.72282	205.850156	205.835405	206.077049	206.053571	
10.73295	205.850156	205.835405	206.077049	206.053571	
10.74347	205.850156	205.835405	206.077049	206.053571	
10.75325	205.850156	205.835405	206.077049	206.053571	
10.76334	205.850156	205.835405	206.077049	206.053571	
10.77355	205.850156	205.835405	206.077049	206.053571	
10.78361	205.850156	205.835405	206.077049	206.053571	
10.79377	205.850156	205.835405	206.077049	206.053571	
10.80471	205.850156	205.835405	206.077049	206.053571	
10.81403	205.850156	205.835405	206.077049	206.053571	
10.82414	205.850156	205.835405	206.077049	206.053571	
10.83427	205.850156	205.835405	206.077049	206.053571	
10.84446	205.850156	205.835405	206.077049	206.053571	
10.85494	205.850156	205.835405	206.077049	206.053571	
10.86471	205.850156	205.835405	206.077049	206.053571	
10.87479	205.850156	205.835405	206.077049	206.053571	
10.88493	205.850156	205.835405	206.077049	206.053571	
10.89507	205.850156	205.835405	206.077049	206.053571	
10.90568	205.850156	205.835405	206.077049	206.053571	
10.91535	205.850156	205.835405	206.077049	206.053571	
10.92552	205.850156	205.835405	206.077049	206.053571	
10.93558	205.850156	205.835405	206.077049	206.053571	
10.94567	205.850156	205.835405	206.077049	206.053571	
10.96414	205.850156	205.835405	206.077049	206.053571	
10.96849	205.850156	205.835405	206.077049	206.053571	
10.97863	205.850156	205.835405	206.077049	206.053571	
10.98883	205.850156	205.835405	206.077049	206.053571	
10.99895	205.850156	205.835405	206.077049	206.053571	
11.00964	205.850156	205.835405	206.077049	206.053571	
11.01974	205.850156	205.835405	206.077049	206.053571	
11.0299	205.850156	205.835405	206.077049	206.053571	
11.04	205.850156	205.835405	206.077049	206.053571	
11.05009	205.850156	205.835405	206.077049	206.053571	
11.06031	205.850156	205.835405	206.077049	206.053571	
11.07041	205.850156	205.835405	206.077049	206.053571	
11.08057	205.850156	205.835405	206.077049	206.053571	
11.09072	205.850156	205.835405	206.077049	206.053571	
11.10084	205.850156	205.835405	206.077049	206.053571	
11.11133	205.850156	205.835405	206.077049	206.053571	
11.12119	205.850156	205.835405	206.077049	206.053571	
11.13133	205.850156	205.835405	206.077049	206.053571	
11.14152	205.850156	205.835405	206.077049	206.053571	
11.15155	205.850156	205.835405	206.077049	206.053571	
11.16172	205.850156	205.835405	206.077049	206.053571	
11.17184	205.850156	205.835405	206.077049	206.053571	
11.182	205.850156	205.835405	206.077049	206.053571	
11.19212	205.850156	205.835405	206.077049	206.053571	
11.20238	205.850156	205.835405	206.077049	206.053571	
11.21266	205.850156	205.835405	206.077049	206.053571	
11.22257	205.850156	205.835405	206.077049	206.053571	
11.23268	205.850156	205.835405	206.077049	206.053571	
11.2428	205.850156	205.835405	206.077049	206.053571	
11.2529	205.850156	205.835405	206.077049	206.053571	
11.26313	205.850156	205.835405	206.077049	206.053571	
11.27326	205.850156	205.835405	206.077049	206.053571	
11.28334	205.850156	205.835405	206.077049	206.053571	
11.29351	205.850156	205.835405	206.077049	206.053571	
11.30373	205.850156	205.835405	206.077049	206.053571	
11.31409	205.850156	205.835405	206.077049	206.053571	
11.32387	205.850156	205.835405	206.077049	206.053571	
11.33401	205.850156	205.835405	206.077049	206.053571	
11.34415	205.850156	205.835405	206.077049	206.053571	
11.35427	205.850156	205.835405	206.077049	206.053571	
11.36447	205.850156	205.835405	206.077049	206.053571	
11.37475	205.850156	205.835405	206.077049	206.053571	
11.38482	205.850156	205.835405	206.077049	206.053571	
11.39491	205.850156	205.835405	206.077049	206.053571	
11.40568	205.850156	205.835405	206.077049	206.053571	
11.41559	205.850156	205.835405	206.077049	206.053571	
11.4254	205.850156	205.835405	206.077049	206.053571	
11.43551	205.850156	205.835405	206.077049	206.053571	
11.44565	205.850156	205.835405	206.077049	206.053571	
11.45577	205.850156	205.835405	206.077049	206.053571	
11.47418	205.850156	205.835405	206.077049	206.053571	
11.47854	205.850156	205.835405	206.077049	206.053571	
11.48868	205.850156	205.835405	206.077049	206.053571	
11.49878	205.850156	205.835405	206.077049	206.053571	
11.50956	205.850156	205.835405	206.077049	206.062298	
11.51921	205.850156	205.835405	206.077049	206.062298	
11.52933	205.850156	205.835405	206.077049	206.053571	
11.53945	205.850156	205.835405	206.077049	206.053571	
11.54963	205.850156	205.835405	206.077049	206.053571	
11.56043	205.850156	205.835405	206.077049	206.053571	
11.5698	205.850156	205.835405	206.077049	206.053571	
11.57991	205.850156	205.835405	206.077049	206.053571	
11.59005	205.850156	205.835405	206.077049	206.053571	
11.60017	205.850156	205.835405	206.077049	206.053571	
11.61034	205.850156	205.835405	206.077049	206.053571	
11.6205	205.850156	205.835405	206.077049	206.053571	
11.63058	205.850156	205.835405	206.077049	206.053571	
11.64072	205.850156	205.835405	206.077049	206.053571	
11.65084	205.850156	205.835405	206.077049	206.053571	
11.66099	205.850156	205.835405	206.077049	206.053571	
11.67117	205.850156	205.835405	206.077049	206.053571	
11.68123	205.850156	205.835405	206.077049	206.053571	
11.6914	205.850156	205.835405	206.077049	206.053571	
11.7016	205.850156	205.835405	206.077049	206.053571	
11.71347	205.850156	205.835405	206.077049	206.053571	
11.72359	205.850156	205.835405	206.077049	206.053571	
11.73374	205.850156	205.835405	206.077049	206.053571	
11.74382	205.850156	205.835405	206.077049	206.053571	
11.75394	205.850156	205.835405	206.077049	206.053571	
11.76414	205.850156	205.835405	206.077049	206.053571	
11.77423	205.850156	205.835405	206.077049	206.053571	
11.78443	205.850156	205.835405	206.077049	206.053571	
11.79452	205.850156	205.835405	206.077049	206.053571	
11.81668	205.850156	205.835405	206.077049	206.053571	
