2.386708	3.63350586	3.63028484	-3.93893848	-3.93571746	
2.396803	3.63556831	3.63028484	-3.94100093	-3.93571746	
2.406925	3.63825195	3.63901149	-3.94368457	-3.93571746	
2.417136	3.64158946	3.63901149	-3.94702208	-3.93571746	
2.427251	3.6455042	3.63901149	-3.95093682	-3.93571746	
2.43737	3.65003472	3.63901149	-3.95546734	-3.93571746	
2.447504	3.65518896	3.63901149	-3.96062158	-3.93571746	
2.457614	3.66094408	3.63901149	-3.9663767	-3.93571746	
2.467755	3.66733627	3.63901149	-3.97276889	-3.93571746	
2.477881	3.67433244	3.63901149	-3.97976506	-3.93571746	
2.488009	3.68194383	3.63901149	-3.98737645	-3.93571746	
2.498174	3.69020841	3.63901149	-3.99564102	-3.93571746	
2.508255	3.69900843	3.63901149	-4.00444105	-3.93571746	
2.518387	3.70846932	3.63901149	-4.01390194	-3.93571746	
2.528531	3.71856764	3.63901149	-4.02400026	-3.93571746	
2.538652	3.72924739	3.63901149	-4.03468001	-3.93571746	
2.548772	3.74054138	3.63901149	-4.045974	-3.93571746	
2.558897	3.7524585	3.63901149	-4.05789112	-3.93571746	
2.56904	3.76501729	3.63901149	-4.07044991	-3.93571746	
2.579419	3.77853054	3.63901149	-4.08396315	-3.93571746	
2.589328	3.79198525	3.63901149	-4.09741787	-3.93571746	
2.599437	3.80639045	3.63901149	-4.11182307	-3.93571746	
2.609573	3.82135294	3.64773814	-4.12678556	-3.93571746	
2.619703	3.83697358	3.64773814	-4.1424062	-3.94444411	
2.62983	3.85320157	3.64773814	-4.15863419	-3.94444411	
2.639979	3.87008688	3.64773814	-4.1755195	-3.94444411	
2.650154	3.8876321	3.64773814	-4.19306472	-3.94444411	
2.660226	3.90561063	3.64773814	-4.21104324	-3.94444411	
2.670348	3.92429282	3.64773814	-4.22972544	-3.94444411	
2.680489	3.9436277	3.65646478	-4.24906032	-3.94444411	
2.690612	3.96354257	3.66519143	-4.26897519	-3.94444411	
2.700735	3.98407441	3.67391808	-4.28950702	-3.95317076	
2.710868	4.00524083	3.68264472	-4.31067345	-3.9618974	
2.720994	4.02700316	3.70009801	-4.33243578	-3.97062405	
2.731117	4.04938276	3.71755131	-4.35481538	-3.98807734	
2.741266	4.07243652	3.7350046	-4.37786914	-3.99680399	
2.751393	4.0960454	3.75245789	-4.40147802	-4.01425728	
2.761568	4.12040838	3.77863783	-4.425841	-4.03171057	
2.771703	4.14527352	3.79609112	-4.45070614	-4.04916386	
2.781834	4.1707443	3.81354442	-4.47617692	-4.0753438	
2.791962	4.19682799	3.83972435	-4.50226061	-4.0927971	
2.802144	4.22367444	3.85717765	-4.52910706	-4.11897703	
2.81222	4.25085014	3.87463094	-4.55628276	-4.13643033	
2.822332	4.27873481	3.90081088	-4.58416743	-4.16261027	
2.832629	4.30777443	3.92699082	-4.61320705	-4.1887902	
2.842613	4.33652024	3.94444411	-4.64195286	-4.21497014	
2.853005	4.36710448	3.97062405	-4.6725371	-4.24115008	
2.862865	4.3966726	3.99680399	-4.70210522	-4.25860337	
2.873	4.42770251	4.03171057	-4.73313513	-4.29350996	
2.883124	4.45931339	4.05789051	-4.76474601	-4.32841654	
2.89324	4.49151304	4.08407045	-4.79694566	-4.35459648	
2.903377	4.52439673	4.11897703	-4.82982935	-4.38950307	
2.91351	4.55787999	4.15388362	-4.86331261	-4.42440965	
2.923792	4.59250136	4.18006356	-4.89793398	-4.45931624	
2.933778	4.6267122	4.21497014	-4.93214481	-4.50294947	
2.943932	4.6621259	4.24987673	-4.96755852	-4.53785606	
2.96554	4.74104294	4.30223661	-5.04647556	-4.62512252	
2.969884	4.75676334	4.34586984	-5.06219596	-4.64257581	
2.984123	4.81006194	4.38950307	-5.11549456	-4.68620904	
2.994053	4.84766311	4.4331363	-5.15309573	-4.73856892	
3.014159	4.92685172	4.48549618	-5.23228434	-4.79965544	
3.018526	4.94393192	4.5465827	-5.24936454	-4.86074197	
3.033154	5.00300044	4.59021593	-5.30843306	-4.91310184	
3.041154	5.03550997	4.62512252	-5.34094258	-4.96546172	
3.054097	5.08931854	4.66875575	-5.39475116	-5.00909495	
3.059863	5.11336141	4.71238898	-5.41879403	-5.05272818	
3.085364	5.22511543	4.7734755	-5.53054805	-5.18362788	
3.095683	5.27049309	4.83456203	-5.57592571	-5.23598776	
3.102702	5.30160916	4.87819526	-5.60704178	-5.25344105	
3.116893	5.36594122	4.95673508	-5.67137384	-5.33198086	
3.135806	5.45420075	5.03527489	-5.75963337	-5.41924733	
3.154215	5.54206684	5.131268	-5.84749946	-5.51524044	
3.175982	5.65222712	5.20108117	-5.95765974	-5.6025069	
3.224024	5.86324654	5.29707428	-6.16867916	-5.85557964	
3.23407	5.90844284	5.52396708	-6.21387546	-5.89048623	
3.246959	5.9653805	5.62868684	-6.27081312	-5.96902604	
3.258168	6.01426714	5.69850001	-6.31969976	-6.02138592	
3.26817	6.05733674	5.75958653	-6.36276935	-6.0737458	
3.27833	6.10052799	5.82067306	-6.40596061	-6.11737903	
3.288435	6.14290104	5.88175958	-6.44833366	-6.16973891	
3.298575	6.18484278	5.93411946	-6.4902754	-6.22209878	
3.308687	6.22609978	5.98647933	-6.5315324	-6.26573201	
3.318818	6.26685801	6.03883921	-6.57229063	-6.31809189	
3.328951	6.30705237	6.09119909	-6.61248499	-6.36172512	
3.339066	6.34659462	6.14355897	-6.65202724	-6.40535835	
3.34921	6.38567302	6.1871922	-6.69110564	-6.45771823	
3.359322	6.42406023	6.23082543	-6.72949285	-6.49262482	
3.36949	6.46209065	6.28318531	-6.76752327	-6.54498469	
3.379662	6.49953867	6.31809189	-6.80497129	-6.57989128	
3.38975	6.53612501	6.36172512	-6.84155763	-6.62352451	
3.399889	6.57231649	6.40535835	-6.87774911	-6.66715774	
3.410043	6.60797123	6.44026494	-6.91340385	-6.71079097	
3.420147	6.64289888	6.48389817	-6.9483315	-6.75442421	
3.430277	6.67733609	6.5275314	-6.98276871	-6.79805744	
3.440399	6.71117809	6.56243799	-7.01661071	-6.84169067	
3.450523	6.74445202	6.59734457	-7.04988464	-6.8853239	
3.460649	6.77715804	6.63225116	-7.08259066	-6.92023048	
3.478803	6.83356421	6.68461104	-7.13899683	-6.9987703	
3.483138	6.84708214	6.70206433	-7.15251476	-7.01622359	
3.493254	6.87791599	6.72824427	-7.18334861	-7.05113018	
3.503386	6.90824308	6.75442421	-7.2136757	-7.08603676	
3.513517	6.93800038	6.78933079	-7.243433	-7.12094335	
3.523819	6.96765219	6.80678408	-7.27308481	-7.15584993	
3.533822	6.99589744	6.83296402	-7.30133006	-7.18202987	
3.543939	7.02390851	6.85914396	-7.32934113	-7.21693646	
3.554156	7.05162108	6.87659725	-7.3570537	-7.2431164	
3.564185	7.07824451	6.89405055	-7.38367713	-7.26929633	
3.574383	7.10476116	6.92023048	-7.41019378	-7.29547627	
3.584447	7.13036433	6.93768378	-7.43579695	-7.32165621	
3.594583	7.1555874	6.96386372	-7.46102002	-7.3391095	
3.604706	7.18020245	6.98131701	-7.48563507	-7.36528944	
3.614828	7.20425895	6.9987703	-7.50969157	-7.38274274	
3.625044	7.22797418	7.01622359	-7.5334068	-7.40019603	
3.635137	7.25083707	7.03367689	-7.55626969	-7.41764932	
3.645604	7.27393826	7.05985682	-7.57937088	-7.43510261	
3.655379	7.29500361	7.07731012	-7.60043623	-7.46128255	
3.665453	7.31615868	7.09476341	-7.6215913	-7.4700092	
3.675647	7.33699287	7.1122167	-7.64242549	-7.48746249	
3.685754	7.35708901	7.13839664	-7.66252163	-7.50491578	
3.695865	7.37664235	7.14712329	-7.68207497	-7.52236908	
3.705987	7.39565622	7.17330323	-7.70108884	-7.53982237	
3.716113	7.41412487	7.18202987	-7.71955749	-7.54854901	
3.726261	7.43207361	7.19948316	-7.73750622	-7.56600231	
3.736376	7.44940868	7.21693646	-7.7548413	-7.57472895	
3.754416	7.47819982	7.2431164	-7.78363244	-7.59218225	
3.758745	7.48515365	7.2431164	-7.79058627	-7.60090889	
3.768905	7.5007936	7.26056969	-7.80622622	-7.60963554	
3.779027	7.51582893	7.26929633	-7.82126155	-7.60963554	
3.789155	7.53032526	7.27802298	-7.83575788	-7.61836218	
3.799272	7.54426131	7.29547627	-7.84969393	-7.62708883	
3.809401	7.55767172	7.31292957	-7.86310434	-7.64454212	
3.819566	7.57058712	7.31292957	-7.87601974	-7.64454212	
3.829661	7.58287472	7.33038286	-7.88830734	-7.66199542	
3.839791	7.59466653	7.3391095	-7.90009915	-7.67072206	
3.849926	7.60592928	7.34783615	-7.9113619	-7.67944871	
3.860038	7.61663602	7.34783615	-7.92206864	-7.67944871	
3.870181	7.62684398	7.36528944	-7.9322766	-7.696902	
3.880309	7.63650898	7.37401609	-7.9419416	-7.696902	
3.890475	7.64568111	7.38274274	-7.95111373	-7.71435529	
3.900577	7.65427831	7.38274274	-7.95971093	-7.71435529	
3.910709	7.66238367	7.39146938	-7.96781629	-7.72308194	
3.920884	7.67000333	7.40019603	-7.97543595	-7.73180859	
3.930967	7.67705543	7.40892267	-7.98248805	-7.73180859	
3.94109	7.68363108	7.41764932	-7.98906369	-7.74053523	
3.951219	7.68971188	7.41764932	-7.9951445	-7.74926188	
3.961361	7.69530806	7.43510261	-8.00074068	-7.74926188	
3.971471	7.70040705	7.43510261	-8.00583967	-7.75798853	
3.981605	7.70504059	7.44382926	-8.01047321	-7.76671517	
3.991955	7.70928381	7.45255591	-8.01471643	-7.76671517	
4.001875	7.71292186	7.45255591	-8.01835448	-7.77544182	
4.012015	7.71619518	7.46128255	-8.0216278	-7.78416846	
4.022132	7.71903635	7.4700092	-8.02446896	-7.78416846	
4.03228	7.72147608	7.4700092	-8.02690869	-7.79289511	
4.042477	7.7235345	7.4700092	-8.02896711	-7.79289511	
4.052601	7.72521889	7.4700092	-8.03065151	-7.80162176	
4.062714	7.73028484	7.4700092	-8.03571746	-7.80162176	
4.072882	7.73028484	7.4700092	-8.03571746	-7.80162176	
4.082973	7.73028484	7.47873584	-8.03571746	-7.80162176	
4.093104	7.73028484	7.47873584	-8.03571746	-7.80162176	
4.103265	7.73028484	7.47873584	-8.03571746	-7.80162176	
4.113377	7.73028484	7.47873584	-8.03571746	-7.80162176	
4.123542	7.73028484	7.47873584	-8.03571746	-7.80162176	
4.133694	7.73028484	7.47873584	-8.03571746	-7.80162176	
4.143778	7.73028484	7.47873584	-8.03571746	-7.80162176	
4.153928	7.73028484	7.47873584	-8.03571746	-7.80162176	
4.164904	7.73028484	7.47873584	-8.03571746	-7.80162176	
4.176101	7.73028484	7.47873584	-8.03571746	-7.80162176	
4.184303	7.73028484	7.47873584	-8.03571746	-7.80162176	
4.194477	7.73028484	7.47873584	-8.03571746	-7.80162176	
4.204567	7.73028484	7.47873584	-8.03571746	-7.80162176	
4.214709	7.73028484	7.47873584	-8.03571746	-7.80162176	
4.224846	7.73028484	7.47873584	-8.03571746	-7.80162176	
4.235022	7.73028484	7.47873584	-8.03571746	-7.80162176	
4.245157	7.73028484	7.47873584	-8.03571746	-7.80162176	
4.25522	7.73028484	7.47873584	-8.03571746	-7.80162176	
4.265713	7.73028484	7.47873584	-8.03571746	-7.80162176	
4.276203	7.73028484	7.47873584	-8.03571746	-7.80162176	
4.285601	7.73028484	7.47873584	-8.03571746	-7.80162176	
4.295722	7.73028484	7.47873584	-8.03571746	-7.80162176	
4.305884	7.73028484	7.47873584	-8.03571746	-7.80162176	
4.31598	7.73028484	7.47873584	-8.03571746	-7.80162176	
4.326118	7.73028484	7.47873584	-8.03571746	-7.80162176	
4.336243	7.73028484	7.47873584	-8.03571746	-7.80162176	
4.346413	7.73028484	7.47873584	-8.03571746	-7.80162176	
4.364367	7.73028484	7.47873584	-8.03571746	-7.80162176	
4.368691	7.73028484	7.47873584	-8.03571746	-7.80162176	
4.378815	7.73028484	7.47873584	-8.03571746	-7.80162176	
4.388944	7.73028484	7.47873584	-8.03571746	-7.80162176	
4.399103	7.73028484	7.47873584	-8.03571746	-7.80162176	
4.409238	7.73028484	7.47873584	-8.03571746	-7.80162176	
4.419355	7.73028484	7.47873584	-8.03571746	-7.80162176	
4.42948	7.73028484	7.47873584	-8.03571746	-7.80162176	
4.439616	7.73028484	7.47873584	-8.03571746	-7.80162176	
4.449752	7.73028484	7.47873584	-8.03571746	-7.80162176	
4.459914	7.73028484	7.47873584	-8.03571746	-7.80162176	
4.47003	7.73028484	7.47873584	-8.03571746	-7.80162176	
4.480169	7.73028484	7.47873584	-8.03571746	-7.80162176	
4.490345	7.73028484	7.47873584	-8.03571746	-7.80162176	
4.500438	7.73028484	7.47873584	-8.03571746	-7.80162176	
4.510551	7.73028484	7.47873584	-8.03571746	-7.80162176	
4.520697	7.73028484	7.47873584	-8.03571746	-7.80162176	
4.530842	7.73028484	7.47873584	-8.03571746	-7.80162176	
4.540942	7.73028484	7.47873584	-8.03571746	-7.80162176	
4.551081	7.73028484	7.47873584	-8.03571746	-7.80162176	
4.561209	7.73028484	7.47873584	-8.03571746	-7.80162176	
4.571327	7.73028484	7.47873584	-8.03571746	-7.80162176	
4.581456	7.73028484	7.47873584	-8.03571746	-7.80162176	
4.591577	7.73028484	7.47873584	-8.03571746	-7.80162176	
4.601719	7.73028484	7.47873584	-8.03571746	-7.80162176	
4.61188	7.73028484	7.47873584	-8.03571746	-7.80162176	
4.622019	7.73028484	7.47873584	-8.03571746	-7.80162176	
4.632129	7.73028484	7.47873584	-8.03571746	-7.80162176	
4.642338	7.73028484	7.47873584	-8.03571746	-7.80162176	
4.652391	7.73028484	7.47873584	-8.03571746	-7.80162176	
4.662576	7.73028484	7.47873584	-8.03571746	-7.80162176	
4.672671	7.73028484	7.47873584	-8.03571746	-7.80162176	
4.68279	7.73028484	7.47873584	-8.03571746	-7.80162176	
4.692922	7.73028484	7.47873584	-8.03571746	-7.80162176	
4.703036	7.73028484	7.47873584	-8.03571746	-7.80162176	
4.713203	7.73028484	7.47873584	-8.03571746	-7.80162176	
4.723379	7.73028484	7.47873584	-8.03571746	-7.80162176	
4.733429	7.73028484	7.47873584	-8.03571746	-7.80162176	
4.743574	7.73028484	7.47873584	-8.03571746	-7.80162176	
4.753752	7.73028484	7.47873584	-8.03571746	-7.80162176	
4.763921	7.73028484	7.47873584	-8.03571746	-7.80162176	
4.773959	7.73028484	7.47873584	-8.03571746	-7.80162176	
4.784099	7.73028484	7.47873584	-8.03571746	-7.80162176	
4.794277	7.73028484	7.47873584	-8.03571746	-7.80162176	
4.804477	7.73028484	7.47873584	-8.03571746	-7.80162176	
4.81447	7.73028484	7.47873584	-8.03571746	-7.80162176	
4.824787	7.73028484	7.47873584	-8.03571746	-7.80162176	
4.834922	7.73028484	7.47873584	-8.03571746	-7.80162176	
4.845095	7.73028484	7.47873584	-8.03571746	-7.80162176	
4.855206	7.73028484	7.47873584	-8.03571746	-7.80162176	
4.865616	7.73028484	7.47873584	-8.03571746	-7.80162176	
4.875418	7.73028484	7.47873584	-8.03571746	-7.80162176	
4.885543	7.73028484	7.47873584	-8.03571746	-7.80162176	
4.895673	7.73028484	7.47873584	-8.03571746	-7.80162176	
4.905814	7.73028484	7.47873584	-8.03571746	-7.80162176	
4.915968	7.73028484	7.47873584	-8.03571746	-7.80162176	
4.926093	7.73028484	7.47873584	-8.03571746	-7.80162176	
4.936241	7.73028484	7.47873584	-8.03571746	-7.80162176	
4.946455	7.73028484	7.47873584	-8.03571746	-7.80162176	
4.956557	7.73028484	7.47873584	-8.03571746	-7.80162176	
4.966665	7.73028484	7.47873584	-8.03571746	-7.80162176	
4.976799	7.73028484	7.47873584	-8.03571746	-7.80162176	
4.98691	7.73028484	7.47873584	-8.03571746	-7.80162176	
4.997039	7.73028484	7.47873584	-8.03571746	-7.80162176	
5.007172	7.73028484	7.47873584	-8.03571746	-7.80162176	
5.017296	7.73028484	7.47873584	-8.03571746	-7.80162176	
5.027416	7.73028484	7.47873584	-8.03571746	-7.80162176	
5.037554	7.73028484	7.47873584	-8.03571746	-7.80162176	
5.047773	7.73028484	7.47873584	-8.03571746	-7.80162176	
5.057879	7.73028484	7.47873584	-8.03571746	-7.80162176	
5.067981	7.73028484	7.47873584	-8.03571746	-7.80162176	
5.07811	7.73028484	7.47873584	-8.03571746	-7.80162176	
5.088243	7.73028484	7.47873584	-8.03571746	-7.80162176	
5.098427	7.73028484	7.47873584	-8.03571746	-7.80162176	
5.108501	7.73028484	7.47873584	-8.03571746	-7.80162176	
5.118623	7.73028484	7.47873584	-8.03571746	-7.80162176	
5.128767	7.73028484	7.47873584	-8.03571746	-7.80162176	
5.138903	7.73028484	7.47873584	-8.03571746	-7.80162176	
5.149022	7.73028484	7.47873584	-8.03571746	-7.80162176	
5.159145	7.73028484	7.47873584	-8.03571746	-7.80162176	
5.16933	7.73028484	7.47873584	-8.03571746	-7.80162176	
5.191225	7.73028484	7.47873584	-8.03571746	-7.80162176	
5.195603	7.73028484	7.47873584	-8.03571746	-7.80162176	
5.205712	7.73028484	7.47873584	-8.03571746	-7.80162176	
5.215917	7.73028484	7.47873584	-8.03571746	-7.80162176	
5.225968	7.73028484	7.47873584	-8.03571746	-7.80162176	
5.236088	7.73028484	7.47873584	-8.03571746	-7.80162176	
5.246258	7.73028484	7.47873584	-8.03571746	-7.80162176	
5.256362	7.73028484	7.47873584	-8.03571746	-7.80162176	
5.275506	7.73028484	7.47873584	-8.03571746	-7.80162176	
5.279908	7.73028484	7.47873584	-8.03571746	-7.80162176	
5.289994	7.73028484	7.47873584	-8.03571746	-7.80162176	
5.300116	7.73028484	7.47873584	-8.03571746	-7.80162176	
5.310245	7.73028484	7.47873584	-8.03571746	-7.80162176	
5.320371	7.73028484	7.47873584	-8.03571746	-7.80162176	
5.330539	7.73028484	7.47873584	-8.03571746	-7.80162176	
5.340627	7.73028484	7.47873584	-8.03571746	-7.80162176	
5.350773	7.73028484	7.47873584	-8.03571746	-7.80162176	
5.360919	7.73028484	7.47873584	-8.03571746	-7.80162176	
5.371662	7.73028484	7.47873584	-8.03571746	-7.80162176	
