5.271015	
5.278762	
5.288931	
5.299011	
5.309153	
5.319321	
5.329514	
5.340926	
5.349831	
5.360043	
5.37011	
5.380224	
5.39035	
5.400458	
5.410651	
5.420751	
5.43085	
5.440999	
5.451114	
5.461242	
5.471393	
5.481532	
5.491597	
5.501741	
5.511861	
5.521949	
5.532167	
5.542208	
5.55238	
5.562494	
5.572639	
5.582789	
5.592914	
5.603051	
5.613204	
5.623338	
5.633543	
5.64359	
5.653718	
5.663879	
5.67402	
5.684149	
5.694268	
5.704385	
5.714568	
5.724689	
5.734819	
5.744947	
5.755098	
5.765221	
5.775315	
5.785565	
5.795599	
5.805726	
5.815859	
5.825996	
5.83611	
5.846265	
5.856407	
5.866573	
5.87667	
5.886862	
5.896987	
5.907143	
5.917295	
5.927421	
5.937605	
5.947661	
5.957752	
5.967929	
5.978061	
5.988199	
5.998345	
6.008455	
6.018576	
6.028664	
6.040142	
6.048931	
6.059048	
6.069129	
6.079349	
6.089515	
6.099576	
6.109689	
6.119804	
6.129955	
6.140064	
6.150184	
6.160345	
6.170451	
6.180615	
6.190735	
6.200852	
6.211029	
6.221071	
6.231183	
6.241326	
6.251428	
6.261563	
6.271645	
6.281833	
6.291915	
6.302298	
6.312252	
6.322338	
6.332478	
6.342611	
6.352745	
6.362923	
6.373026	
6.383188	
6.393323	
6.403428	
6.413606	
6.423721	
6.433858	
6.443982	
6.454073	
6.46428	
6.474386	
6.484481	
6.494652	
6.504792	
6.515012	
6.525022	
6.535199	
6.545326	
6.555437	
6.565579	
6.57571	
6.585885	
6.596223	
6.606095	
6.61641	
6.626366	
6.636469	
6.646627	
6.656756	
6.666916	
6.677007	
6.687099	
6.697268	
6.707369	
6.717511	
6.727684	
6.737826	
6.747924	
6.758093	
6.76824	
6.778285	
6.78843	
6.798561	
6.808691	
6.818795	
6.828972	
6.839238	
6.8492	
6.859351	
6.869454	
6.879593	
6.88974	
6.899818	
6.909955	
6.920067	
6.93023	
6.940323	
6.950446	
6.960657	
6.970748	
6.980854	
6.990981	
7.001092	
7.01144	
7.021321	
7.031482	
7.043499	
7.051703	
7.061806	
7.071943	
7.082187	
7.092233	
7.102361	
7.112514	
7.122623	
7.1328	
7.142951	
7.153073	
7.163218	
7.173376	
7.183501	
7.193714	
7.203762	
7.213865	
7.224041	
7.234164	
7.24432	
7.254433	
7.264583	
7.274665	
7.284818	
7.294965	
7.305139	
7.315293	
7.325402	
7.335494	
7.354307	
7.358499	
7.368621	
7.378726	
7.388906	
7.399017	
7.409159	
7.419335	
7.429418	
7.439549	
7.44975	
7.45981	
7.469919	
7.48001	
7.490171	
7.500294	
7.51042	
7.52051	
7.538516	
7.542681	
7.552819	
7.563068	
7.573131	
7.583288	
7.593365	
7.603543	
7.613658	
7.6238	
7.633958	
7.644024	
7.654198	
7.664376	
7.674469	
7.684586	
7.69473	
7.704826	
7.715008	
7.725113	
7.735262	
7.745396	
7.755497	
7.765739	
7.775739	
7.785891	
7.796003	
7.806121	
7.816282	
7.826398	
7.836523	
7.846685	
7.856809	
7.866941	
7.877076	
7.887208	
7.897332	
7.907447	
7.917572	
7.927714	
7.937879	
7.947973	
7.958085	
7.968222	
7.978416	
7.988492	
7.998627	
8.008757	
8.018829	
8.028965	
8.039105	
8.049339	
8.059389	
8.069892	
8.079833	
8.089961	
8.100033	
8.110162	
8.12032	
8.130428	
8.140532	
8.158508	
8.162682	
8.172815	
8.190967	
8.195218	
8.205289	
8.215422	
8.225553	
8.23569	
8.245821	
8.255953	
8.26613	
8.276186	
8.286345	
8.296509	
8.306624	
8.316731	
8.326875	
8.337	
8.347207	
8.35727	
8.36739	
8.377537	
8.387661	
8.397826	
8.407943	
8.418115	
8.428212	
8.438611	
8.448514	
8.458583	
8.468699	
8.47883	
8.488919	
8.499148	
8.509189	
8.519346	
8.529439	
8.539573	
8.549698	
8.559805	
8.56996	
8.580253	
8.590352	
8.600552	
8.610691	
8.620777	
8.630894	
8.64098	
8.651378	
8.661243	
8.67139	
8.681497	
8.69158	
8.701729	
8.711874	
8.722049	
8.739969	
8.744139	
8.754281	
8.764414	
8.774503	
8.784705	
8.794822	
8.80497	
8.815115	
8.825276	
8.835433	
8.845558	
8.855693	
8.865911	
8.875953	
8.886078	
8.896207	
8.906348	
8.916514	
8.926627	
8.936772	
8.946894	
8.95701	
8.967153	
8.977323	
8.987466	
8.997587	
9.007714	
9.021011	5.40338748	5.40179403	4.44345639	4.44186295	
9.027968	5.40437645	5.40179403	4.44444536	4.44186295	
9.038113	5.40654924	5.40179403	4.44661815	4.44186295	
9.050227	5.41006789	5.40179403	4.4501368	4.44186295	
9.058601	5.4128622	5.41052068	4.45293112	4.45058959	
9.068449	5.41671096	5.41052068	4.45677988	4.45058959	
9.078591	5.42133365	5.41052068	4.46140256	4.45058959	
9.088739	5.42657616	5.41052068	4.46664507	4.45058959	
9.098885	5.43243323	5.41052068	4.47250214	4.45058959	
9.108943	5.43884927	5.41052068	4.47891818	4.45058959	
9.119117	5.44595815	5.41052068	4.48602707	4.45058959	
9.129374	5.45376445	5.41052068	4.49383336	4.45058959	
9.139534	5.46210652	5.41052068	4.50217544	4.45058959	
9.149612	5.4709906	5.41052068	4.51105951	4.45058959	
9.159695	5.48048911	5.41052068	4.52055802	4.45058959	
9.170012	5.49085933	5.41052068	4.53092825	4.45058959	
9.179969	5.50144434	5.41052068	4.54151325	4.45058959	
9.190083	5.51281688	5.41052068	4.55288579	4.45058959	
9.200203	5.524812	5.41052068	4.56488091	4.45058959	
9.210312	5.53740689	5.41052068	4.5774758	4.45058959	
9.220445	5.55065407	5.41052068	4.59072299	4.45058959	
9.238535	5.57668625	5.41052068	4.61675516	4.45931624	
9.242857	5.58283566	5.41052068	4.62290457	4.46804289	
9.252988	5.59805267	5.41052068	4.63812158	4.46804289	
9.263101	5.61385739	5.41052068	4.65392631	4.48549618	
9.273229	5.63030331	5.41052068	4.67037222	4.49422282	
9.283438	5.64749991	5.41052068	4.68756882	4.50294947	
9.293539	5.66512859	5.41924733	4.7051975	4.52040276	
9.303674	5.68343584	5.41924733	4.72350476	4.52912941	
9.313861	5.70245943	5.42797397	4.74252834	4.5465827	
9.324703	5.723447	5.42797397	4.76351591	4.56403599	
9.334106	5.74212904	5.44542727	4.78219795	4.57276264	
9.34427	5.76295107	5.45415391	4.80301999	4.59021593	
9.35435	5.7842139	5.46288056	4.82428281	4.60766923	
9.382206	5.84914802	5.49778714	4.88921693	4.65130246	
9.386517	5.85898804	5.50651379	4.89905696	4.6600291	
9.396632	5.88290075	5.52396708	4.92296966	4.6774824	
9.40676	5.90745765	5.54142038	4.94752656	4.69493569	
9.416869	5.93077031	5.56760031	4.97083922	4.71238898	
9.427486	5.95460826	5.58505361	4.99467717	4.72984227	
9.437211	5.97588909	5.6025069	5.015958	4.74729557	
9.447329	5.99744332	5.62868684	5.03751223	4.7734755	
9.457456	6.01842352	5.65486678	5.05849243	4.7909288	
9.467532	6.03871939	5.68104672	5.0787883	4.81710874	
9.477721	6.05864126	5.70722665	5.09871017	4.83456203	
9.487792	6.07775613	5.73340659	5.11782504	4.86074197	
9.498035	6.0965918	5.75958653	5.13666071	4.88692191	
9.508104	6.11452493	5.78576647	5.15459384	4.9043752	
9.518513	6.1325656	5.81194641	5.17263451	4.93055514	
9.528751	6.14949017	5.84685299	5.18955908	4.95673508	
9.53856	6.16526904	5.87303293	5.20533796	4.98291501	
9.54865	6.18091933	5.89921287	5.22098824	5.00909495	
9.560498	6.19845704	5.92539281	5.23852595	5.03527489	
9.568839	6.21048244	5.95157275	5.25055135	5.06145483	
9.578979	6.22448311	5.97775269	5.26455202	5.08763477	
9.589075	6.23784944	6.00393263	5.27791835	5.10508806	
9.599287	6.25078794	6.02138592	5.29085686	5.131268	
9.609375	6.26300952	6.04756586	5.30307843	5.15744794	
9.619838	6.2750719	6.0737458	5.31514082	5.17490123	
9.630281	6.28651629	6.09119909	5.3265852	5.20108117	
9.639778	6.2964441	6.11737903	5.33651301	5.22726111	
9.649983	6.30653121	6.13483232	5.34660012	5.2447144	
9.660015	6.31590726	6.16101226	5.35597617	5.27089434	
9.670152	6.32483174	6.17846555	5.36490065	5.28834763	
9.680314	6.33322379	6.19591884	5.3732927	5.30580093	
9.69043	6.34103767	6.20464549	5.38110658	5.32325422	
9.700525	6.34830254	6.22209878	5.38837146	5.34070751	
9.718619	6.35924992	6.23082543	5.39931884	5.3581608	
9.722933	6.36192342	6.25700537	5.40199233	5.3756141	
9.733396	6.36770316	6.26573201	5.40777207	5.39306739	
9.743232	6.37267754	6.27445866	5.41274645	5.40179403	
9.753496	6.37735557	6.28318531	5.41742448	5.41052068	
9.763568	6.38147759	6.3006386	5.4215465	5.42797397	
9.773704	6.38515551	6.3006386	5.42522443	5.43670062	
9.783859	6.3883836	6.30936525	5.42845251	5.44542727	
9.794053	6.39118145	6.31809189	5.43125036	5.45415391	
9.80413	6.39353894	6.32681854	5.43360785	5.46288056	
9.814225	6.39551034	6.33554518	5.43557925	5.47160721	
9.824402	6.39712795	6.33554518	5.43719687	5.47160721	
9.834663	6.40179403	6.33554518	5.44186295	5.48033385	
9.844809	6.40179403	6.33554518	5.44186295	5.47160721	
9.855039	6.40179403	6.34427183	5.44186295	5.47160721	
9.865023	6.40179403	6.34427183	5.44186295	5.46288056	
9.875123	6.40179403	6.34427183	5.44186295	5.46288056	
9.885286	6.40179403	6.34427183	5.44186295	5.46288056	
9.895464	6.40179403	6.34427183	5.44186295	5.45415391	
9.905579	6.40179403	6.34427183	5.44186295	5.45415391	
9.915704	6.40179403	6.34427183	5.44186295	5.45415391	
9.925799	6.40179403	6.34427183	5.44186295	5.44542727	
9.936058	6.40179403	6.34427183	5.44186295	5.44542727	
9.946194	6.40179403	6.34427183	5.44186295	5.44542727	
9.956327	6.40179403	6.34427183	5.44186295	5.44542727	
9.966414	6.40179403	6.34427183	5.44186295	5.44542727	
9.976538	6.40179403	6.34427183	5.44186295	5.44542727	
9.986686	6.40179403	6.34427183	5.44186295	5.44542727	
9.996808	6.40179403	6.34427183	5.44186295	5.44542727	
10.00693	6.40179403	6.34427183	5.44186295	5.44542727	
10.01711	6.40179403	6.34427183	5.44186295	5.44542727	
10.0272	6.40179403	6.34427183	5.44186295	5.44542727	
10.03744	6.40179403	6.34427183	5.44186295	5.44542727	
10.04774	6.40179403	6.34427183	5.44186295	5.44542727	
10.05765	6.40179403	6.34427183	5.44186295	5.44542727	
10.06778	6.40179403	6.34427183	5.44186295	5.44542727	
10.07807	6.40179403	6.34427183	5.44186295	5.44542727	
10.08802	6.40179403	6.34427183	5.44186295	5.44542727	
10.09825	6.40179403	6.34427183	5.44186295	5.44542727	
10.10832	6.40179403	6.34427183	5.44186295	5.44542727	
10.11844	6.40179403	6.34427183	5.44186295	5.44542727	
10.12863	6.40179403	6.34427183	5.44186295	5.44542727	
10.13879	6.40179403	6.34427183	5.44186295	5.44542727	
10.14886	6.40179403	6.34427183	5.44186295	5.44542727	
10.15898	6.40179403	6.34427183	5.44186295	5.44542727	
10.16934	6.40179403	6.34427183	5.44186295	5.44542727	
10.17976	6.40179403	6.34427183	5.44186295	5.44542727	
10.18951	6.40179403	6.34427183	5.44186295	5.44542727	
10.19965	6.40179403	6.34427183	5.44186295	5.44542727	
10.20976	6.40179403	6.34427183	5.44186295	5.44542727	
10.2199	6.40179403	6.34427183	5.44186295	5.44542727	
10.23002	6.40179403	6.34427183	5.44186295	5.44542727	
10.24024	6.40179403	6.34427183	5.44186295	5.44542727	
10.25036	6.40179403	6.34427183	5.44186295	5.44542727	
10.26073	6.40179403	6.34427183	5.44186295	5.44542727	
10.27099	6.40179403	6.34427183	5.44186295	5.44542727	
10.28124	6.40179403	6.34427183	5.44186295	5.44542727	
10.29104	6.40179403	6.34427183	5.44186295	5.44542727	
10.30116	6.40179403	6.34427183	5.44186295	5.44542727	
10.31128	6.40179403	6.34427183	5.44186295	5.44542727	
10.32138	6.40179403	6.34427183	5.44186295	5.44542727	
10.33157	6.40179403	6.34427183	5.44186295	5.44542727	
10.34176	6.40179403	6.34427183	5.44186295	5.44542727	
10.35185	6.40179403	6.34427183	5.44186295	5.44542727	
10.36205	6.40179403	6.34427183	5.44186295	5.44542727	
10.38014	6.40179403	6.34427183	5.44186295	5.44542727	
10.38451	6.40179403	6.34427183	5.44186295	5.44542727	
10.39461	6.40179403	6.34427183	5.44186295	5.44542727	
10.40474	6.40179403	6.34427183	5.44186295	5.44542727	
10.41487	6.40179403	6.34427183	5.44186295	5.44542727	
10.42499	6.40179403	6.34427183	5.44186295	5.44542727	
10.43515	6.40179403	6.34427183	5.44186295	5.44542727	
10.44534	6.40179403	6.34427183	5.44186295	5.44542727	
10.45549	6.40179403	6.34427183	5.44186295	5.44542727	
10.4656	6.40179403	6.34427183	5.44186295	5.44542727	
10.4757	6.40179403	6.34427183	5.44186295	5.44542727	
10.48583	6.40179403	6.34427183	5.44186295	5.44542727	
10.496	6.40179403	6.34427183	5.44186295	5.44542727	
10.50616	6.40179403	6.34427183	5.44186295	5.44542727	
10.51626	6.40179403	6.34427183	5.44186295	5.44542727	
10.52636	6.40179403	6.34427183	5.44186295	5.44542727	
10.53655	6.40179403	6.34427183	5.44186295	5.44542727	
10.54671	6.40179403	6.34427183	5.44186295	5.44542727	
10.55694	6.40179403	6.34427183	5.44186295	5.44542727	
10.567	6.40179403	6.34427183	5.44186295	5.44542727	
10.57708	6.40179403	6.34427183	5.44186295	5.44542727	
10.5873	6.40179403	6.34427183	5.44186295	5.44542727	
10.59741	6.40179403	6.34427183	5.44186295	5.44542727	
10.60752	6.40179403	6.34427183	5.44186295	5.44542727	
10.61767	6.40179403	6.34427183	5.44186295	5.44542727	
10.62777	6.40179403	6.34427183	5.44186295	5.44542727	
10.63793	6.40179403	6.34427183	5.44186295	5.44542727	
10.64819	6.40179403	6.34427183	5.44186295	5.44542727	
10.65828	6.40179403	6.34427183	5.44186295	5.44542727	
10.66835	6.40179403	6.34427183	5.44186295	5.44542727	
10.67847	6.40179403	6.34427183	5.44186295	5.44542727	
10.68883	6.40179403	6.34427183	5.44186295	5.44542727	
10.69875	6.40179403	6.34427183	5.44186295	5.44542727	
10.70919	6.40179403	6.34427183	5.44186295	5.44542727	
10.71901	6.40179403	6.34427183	5.44186295	5.44542727	
10.72914	6.40179403	6.34427183	5.44186295	5.44542727	
10.73921	6.40179403	6.34427183	5.44186295	5.44542727	
10.74945	6.40179403	6.34427183	5.44186295	5.44542727	
10.75955	6.40179403	6.34427183	5.44186295	5.44542727	
10.76965	6.40179403	6.34427183	5.44186295	5.44542727	
10.77976	6.40179403	6.34427183	5.44186295	5.44542727	
10.79003	6.40179403	6.34427183	5.44186295	5.44542727	
10.80007	6.40179403	6.34427183	5.44186295	5.44542727	
10.81021	6.40179403	6.34427183	5.44186295	5.44542727	
10.8203	6.40179403	6.34427183	5.44186295	5.44542727	
10.83042	6.40179403	6.34427183	5.44186295	5.44542727	
10.84163	6.40179403	6.34427183	5.44186295	5.44542727	
10.85081	6.40179403	6.34427183	5.44186295	5.44542727	
10.86085	6.40179403	6.34427183	5.44186295	5.44542727	
10.871	6.40179403	6.34427183	5.44186295	5.44542727	
10.88107	6.40179403	6.34427183	5.44186295	5.44542727	
10.89138	6.40179403	6.34427183	5.44186295	5.44542727	
10.90137	6.40179403	6.34427183	5.44186295	5.44542727	
10.91151	6.40179403	6.34427183	5.44186295	5.44542727	
10.92165	6.40179403	6.34427183	5.44186295	5.44542727	
10.93172	6.40179403	6.34427183	5.44186295	5.44542727	
10.94282	6.40179403	6.34427183	5.44186295	5.44542727	
10.95213	6.40179403	6.34427183	5.44186295	5.44542727	
10.96227	6.40179403	6.34427183	5.44186295	5.44542727	
10.97236	6.40179403	6.34427183	5.44186295	5.44542727	
10.98246	6.40179403	6.34427183	5.44186295	5.44542727	
10.99275	6.40179403	6.34427183	5.44186295	5.44542727	
11.00286	6.40179403	6.34427183	5.44186295	5.44542727	
11.013	6.40179403	6.34427183	5.44186295	5.44542727	
11.02309	6.40179403	6.34427183	5.44186295	5.44542727	
11.03322	6.40179403	6.34427183	5.44186295	5.44542727	
11.04402	6.40179403	6.34427183	5.44186295	5.44542727	
11.06346	6.40179403	6.34427183	5.44186295	5.44542727	
11.06783	6.40179403	6.34427183	5.44186295	5.44542727	
11.07795	6.40179403	6.34427183	5.44186295	5.44542727	
11.0881	6.40179403	6.34427183	5.44186295	5.44542727	
11.09832	6.40179403	6.34427183	5.44186295	5.44542727	
11.10842	6.40179403	6.34427183	5.44186295	5.44542727	
11.11853	6.40179403	6.34427183	5.44186295	5.44542727	
11.12867	6.40179403	6.34427183	5.44186295	5.44542727	
11.13874	6.40179403	6.34427183	5.44186295	5.44542727	
11.14966	6.40179403	6.34427183	5.44186295	5.44542727	
11.15943	6.40179403	6.34427183	5.44186295	5.44542727	
11.16955	6.40179403	6.34427183	5.44186295	5.44542727	
11.17966	6.40179403	6.34427183	5.44186295	5.44542727	
11.18995	6.40179403	6.34427183	5.44186295	5.44542727	
11.19993	6.40179403	6.34427183	5.44186295	5.44542727	
11.21016	6.40179403	6.34427183	5.44186295	5.44542727	
11.22018	6.40179403	6.34427183	5.44186295	5.44542727	
11.23029	6.40179403	6.34427183	5.44186295	5.44542727	
11.24043	6.40179403	6.34427183	5.44186295	5.44542727	
11.25085	6.40179403	6.34427183	5.44186295	5.44542727	
11.26079	6.40179403	6.34427183	5.44186295	5.44542727	
11.27083	6.40179403	6.34427183	5.44186295	5.44542727	
11.28101	6.40179403	6.34427183	5.44186295	5.44542727	
11.29144	6.40179403	6.34427183	5.44186295	5.44542727	
11.3012	6.40179403	6.34427183	5.44186295	5.44542727	
11.31133	6.40179403	6.34427183	5.44186295	5.44542727	
11.32148	6.40179403	6.34427183	5.44186295	5.44542727	
11.33163	6.40179403	6.34427183	5.44186295	5.44542727	
11.3557	6.40179403	6.34427183	5.44186295	5.44542727	
11.36006	6.40179403	6.34427183	5.44186295	5.44542727	
11.37021	6.40179403	6.34427183	5.44186295	5.44542727	
11.38029	6.40179403	6.34427183	5.44186295	5.44542727	
11.39047	6.40179403	6.34427183	5.44186295	5.44542727	
11.40067	6.40179403	6.34427183	5.44186295	5.44542727	
11.41077	6.40179403	6.34427183	5.44186295	5.44542727	
11.42883	6.40179403	6.34427183	5.44186295	5.44542727	
11.43312	6.40179403	6.34427183	5.44186295	5.44542727	
11.44327	6.40179403	6.34427183	5.44186295	5.44542727	
11.45377	6.40179403	6.34427183	5.44186295	5.44542727	
11.4636	6.40179403	6.34427183	5.44186295	5.44542727	
11.47373	6.40179403	6.34427183	5.44186295	5.44542727	
11.48382	6.40179403	6.34427183	5.44186295	5.44542727	
11.49395	6.40179403	6.34427183	5.44186295	5.44542727	
11.50413	6.40179403	6.34427183	5.44186295	5.44542727	
11.51429	6.40179403	6.34427183	5.44186295	5.44542727	
11.52442	6.40179403	6.34427183	5.44186295	5.44542727	
11.53453	6.40179403	6.34427183	5.44186295	5.44542727	
11.54462	6.40179403	6.34427183	5.44186295	5.44542727	
11.5551	6.40179403	6.34427183	5.44186295	5.44542727	
11.56495	6.40179403	6.34427183	5.44186295	5.44542727	
11.57508	6.40179403	6.34427183	5.44186295	5.44542727	
11.58524	6.40179403	6.34427183	5.44186295	5.44542727	
11.59533	6.40179403	6.34427183	5.44186295	5.44542727	
11.60551	6.40179403	6.34427183	5.44186295	5.44542727	
11.61564	6.40179403	6.34427183	5.44186295	5.44542727	
11.62577	6.40179403	6.34427183	5.44186295	5.44542727	
11.63593	6.40179403	6.34427183	5.44186295	5.44542727	
11.64601	6.40179403	6.34427183	5.44186295	5.44542727	
11.65627	6.40179403	6.34427183	5.44186295	5.44542727	
11.6664	6.40179403	6.34427183	5.44186295	5.44542727	
11.67649	6.40179403	6.34427183	5.44186295	5.44542727	
11.68662	6.40179403	6.34427183	5.44186295	5.44542727	
11.69675	6.40179403	6.34427183	5.44186295	5.44542727	
11.70686	6.40179403	6.34427183	5.44186295	5.44542727	
11.71701	6.40179403	6.34427183	5.44186295	5.44542727	
11.72715	6.40179403	6.34427183	5.44186295	5.44542727	
11.73731	6.40179403	6.34427183	5.44186295	5.44542727	
11.74743	6.40179403	6.34427183	5.44186295	5.44542727	
11.75787	6.40179403	6.34427183	5.44186295	5.44542727	
11.76778	6.40179403	6.34427183	5.44186295	5.44542727	
11.77789	6.40179403	6.34427183	5.44186295	5.44542727	
11.78805	6.40179403	6.34427183	5.44186295	5.44542727	
11.79831	6.40179403	6.34427183	5.44186295	5.44542727	
11.80837	6.40179403	6.34427183	5.44186295	5.44542727	
11.8185	6.40179403	6.34427183	5.44186295	5.44542727	
11.8286	6.40179403	6.34427183	5.44186295	5.44542727	
11.8389	6.40179403	6.34427183	5.44186295	5.44542727	
11.84894	6.40179403	6.34427183	5.44186295	5.44542727	
11.85906	6.40179403	6.34427183	5.44186295	5.44542727	
11.86913	6.40179403	6.34427183	5.44186295	5.44542727	
11.8793	6.40179403	6.34427183	5.44186295	5.44542727	
11.88939	6.40179403	6.34427183	5.44186295	5.44542727	
11.8998	6.40179403	6.34427183	5.44186295	5.44542727	
11.90964	6.40179403	6.34427183	5.44186295	5.44542727	
11.91977	6.40179403	6.34427183	5.44186295	5.44542727	
11.92988	6.40179403	6.34427183	5.44186295	5.44542727	
11.93998	6.40179403	6.34427183	5.44186295	5.44542727	
11.95015	6.40179403	6.34427183	5.44186295	5.44542727	
11.96036	6.40179403	6.34427183	5.44186295	5.44542727	
11.97044	6.40179403	6.34427183	5.44186295	5.44542727	
11.98068	6.40179403	6.34427183	5.44186295	5.44542727	
11.99083	6.40179403	6.34427183	5.44186295	5.44542727	
12.00124	6.40179403	6.34427183	5.44186295	5.44542727	
12.01118	6.40179403	6.34427183	5.44186295	5.44542727	
12.02108	6.40179403	6.34427183	5.44186295	5.44542727	
12.03124	6.40179403	6.34427183	5.44186295	5.44542727	
12.04134	6.40179403	6.34427183	5.44186295	5.44542727	
12.05174	6.40179403	6.34427183	5.44186295	5.44542727	
12.06169	6.40179403	6.34427183	5.44186295	5.44542727	
12.07178	6.40179403	6.34427183	5.44186295	5.44542727	
12.0819	6.40179403	6.34427183	5.44186295	5.44542727	
12.09207	6.40179403	6.34427183	5.44186295	5.44542727	
12.11041	6.40179403	6.34427183	5.44186295	5.44542727	
12.11474	6.40179403	6.34427183	5.44186295	5.44542727	
12.12485	6.40179403	6.34427183	5.44186295	5.44542727	
12.13498	6.40179403	6.34427183	5.44186295	5.44542727	
12.14509	6.40179403	6.34427183	5.44186295	5.44542727	
12.15526	6.40179403	6.34427183	5.44186295	5.44542727	
12.16545	6.40179403	6.34427183	5.44186295	5.44542727	
12.17556	6.40179403	6.34427183	5.44186295	5.44542727	
12.18571	6.40179403	6.34427183	5.44186295	5.44542727	
12.1958	6.40179403	6.34427183	5.44186295	5.44542727	
12.20598	6.40179403	6.34427183	5.44186295	5.44542727	
12.21612	6.40179403	6.34427183	5.44186295	5.44542727	
12.22632	6.40179403	6.34427183	5.44186295	5.44542727	
12.2364	6.40179403	6.34427183	5.44186295	5.44542727	
12.24649	6.40179403	6.34427183	5.44186295	5.44542727	
12.25686	6.40179403	6.34427183	5.44186295	5.44542727	
12.26685	6.40179403	6.34427183	5.44186295	5.44542727	
12.27691	6.40179403	6.34427183	5.44186295	5.44542727	
12.28709	6.40179403	6.34427183	5.44186295	5.44542727	
12.29718	6.40179403	6.34427183	5.44186295	5.44542727	
12.30736	6.40179403	6.34427183	5.44186295	5.44542727	
12.31747	6.40179403	6.34427183	5.44186295	5.44542727	
12.3276	6.40179403	6.34427183	5.44186295	5.44542727	
12.33775	6.40179403	6.34427183	5.44186295	5.44542727	
12.34784	6.40179403	6.34427183	5.44186295	5.44542727	
12.35801	6.40179403	6.34427183	5.44186295	5.44542727	
12.36822	6.40179403	6.34427183	5.44186295	5.44542727	
12.37837	6.40179403	6.34427183	5.44186295	5.44542727	
12.38846	6.40179403	6.34427183	5.44186295	5.44542727	
12.39858	6.40179403	6.34427183	5.44186295	5.44542727	
12.40866	6.40179403	6.34427183	5.44186295	5.44542727	
12.41883	6.40179403	6.34427183	5.44186295	5.44542727	
12.42895	6.40179403	6.34427183	5.44186295	5.44542727	
12.43909	6.40179403	6.34427183	5.44186295	5.44542727	
12.44921	6.40179403	6.34427183	5.44186295	5.44542727	
12.45974	6.40179403	6.34427183	5.44186295	5.44542727	
12.46955	6.40179403	6.34427183	5.44186295	5.44542727	
12.47962	6.40179403	6.34427183	5.44186295	5.44542727	
12.48974	6.40179403	6.34427183	5.44186295	5.44542727	
12.49986	6.40179403	6.34427183	5.44186295	5.44542727	
12.51001	6.40179403	6.34427183	5.44186295	5.44542727	
12.52011	6.40179403	6.34427183	5.44186295	5.44542727	
12.5303	6.40179403	6.34427183	5.44186295	5.44542727	
12.54037	6.40179403	6.34427183	5.44186295	5.44542727	
12.55046	6.40179403	6.34427183	5.44186295	5.44542727	
12.56917	6.40179403	6.34427183	5.44186295	5.44542727	
12.57351	6.40179403	6.34427183	5.44186295	5.44542727	
12.58385	6.40179403	6.34427183	5.44186295	5.44542727	
12.59381	6.40179403	6.34427183	5.44186295	5.44542727	
12.6039	6.40179403	6.34427183	5.44186295	5.44542727	
12.61407	6.40179403	6.34427183	5.44186295	5.44542727	
12.62421	6.40179403	6.34427183	5.44186295	5.44542727	
12.6344	6.40179403	6.34427183	5.44186295	5.44542727	
12.64448	6.40179403	6.34427183	5.44186295	5.44542727	
12.65458	6.40179403	6.34427183	5.44186295	5.44542727	
12.66591	6.40179403	6.34427183	5.44186295	5.44542727	
12.67493	6.40179403	6.34427183	5.44186295	5.44542727	
12.68504	6.40179403	6.34427183	5.44186295	5.44542727	
12.69518	6.40179403	6.34427183	5.44186295	5.44542727	
12.70529	6.40179403	6.34427183	5.44186295	5.44542727	
12.71546	6.40179403	6.34427183	5.44186295	5.44542727	
12.72559	6.40179403	6.34427183	5.44186295	5.44542727	
12.73574	6.40179403	6.34427183	5.44186295	5.44542727	
12.74587	6.40179403	6.34427183	5.44186295	5.44542727	
12.75597	6.40179403	6.34427183	5.44186295	5.44542727	
12.76726	6.40179403	6.34427183	5.44186295	5.44542727	
12.77631	6.40179403	6.34427183	5.44186295	5.44542727	
12.78646	6.40179403	6.34427183	5.44186295	5.44542727	
12.79658	6.40179403	6.34427183	5.44186295	5.44542727	
12.80666	6.40179403	6.34427183	5.44186295	5.44542727	
12.81686	6.40179403	6.34427183	5.44186295	5.44542727	
12.82698	6.40179403	6.34427183	5.44186295	5.44542727	
12.8371	6.40179403	6.34427183	5.44186295	5.44542727	
12.84736	6.40179403	6.34427183	5.44186295	5.44542727	
12.85737	6.40179403	6.34427183	5.44186295	5.44542727	
12.86891	6.40179403	6.34427183	5.44186295	5.44542727	
12.87766	6.40179403	6.34427183	5.44186295	5.44542727	
12.88783	6.40179403	6.34427183	5.44186295	5.44542727	
12.89792	6.40179403	6.34427183	5.44186295	5.44542727	
12.908	6.40179403	6.34427183	5.44186295	5.44542727	
12.9182	6.40179403	6.34427183	5.44186295	5.44542727	
12.92831	6.40179403	6.34427183	5.44186295	5.44542727	
12.93847	6.40179403	6.34427183	5.44186295	5.44542727	
12.94856	6.40179403	6.34427183	5.44186295	5.44542727	
12.95865	6.40179403	6.34427183	5.44186295	5.44542727	
12.97017	6.40179403	6.34427183	5.44186295	5.44542727	
12.97895	6.40179403	6.34427183	5.44186295	5.44542727	
12.99706	6.40179403	6.34427183	5.44186295	5.44542727	
13.00169	6.40179403	6.34427183	5.44186295	5.44542727	
13.01188	6.40179403	6.34427183	5.44186295	5.44542727	
13.0219	6.40179403	6.34427183	5.44186295	5.44542727	
13.03214	6.40179403	6.34427183	5.44186295	5.44542727	
13.04231	6.40179403	6.34427183	5.44186295	5.44542727	
13.05234	6.40179403	6.34427183	5.44186295	5.44542727	
13.06272	6.40179403	6.34427183	5.44186295	5.44542727	
13.07291	6.40179403	6.34427183	5.44186295	5.44542727	
13.08303	6.40179403	6.34427183	5.44186295	5.44542727	
13.09315	6.40179403	6.34427183	5.44186295	5.44542727	
13.10322	6.40179403	6.34427183	5.44186295	5.44542727	
13.11341	6.40179403	6.34427183	5.44186295	5.44542727	
13.12353	6.40179403	6.34427183	5.44186295	5.44542727	
13.13366	6.40179403	6.34427183	5.44186295	5.44542727	
13.14382	6.40179403	6.34427183	5.44186295	5.44542727	
13.15391	6.40179403	6.34427183	5.44186295	5.44542727	
13.16408	6.40179403	6.34427183	5.44186295	5.44542727	
13.17429	6.40179403	6.34427183	5.44186295	5.44542727	
13.1844	6.40179403	6.34427183	5.44186295	5.44542727	
13.19459	6.40179403	6.34427183	5.44186295	5.44542727	
13.20467	6.40179403	6.34427183	5.44186295	5.44542727	
13.21477	6.40179403	6.34427183	5.44186295	5.44542727	
13.22498	6.40179403	6.34427183	5.44186295	5.44542727	
13.23508	6.40179403	6.34427183	5.44186295	5.44542727	
13.2452	6.40179403	6.34427183	5.44186295	5.44542727	
13.25535	6.40179403	6.34427183	5.44186295	5.44542727	
13.26544	6.40179403	6.34427183	5.44186295	5.44542727	
13.27594	6.40179403	6.34427183	5.44186295	5.44542727	
13.28578	6.40179403	6.34427183	5.44186295	5.44542727	
13.29592	6.40179403	6.34427183	5.44186295	5.44542727	
13.30607	6.40179403	6.34427183	5.44186295	5.44542727	
13.31614	6.40179403	6.34427183	5.44186295	5.44542727	
13.32633	6.40179403	6.34427183	5.44186295	5.44542727	
13.33641	6.40179403	6.34427183	5.44186295	5.44542727	
13.35651	6.40179403	6.34427183	5.44186295	5.44542727	
13.36082	6.40179403	6.34427183	5.44186295	5.44542727	
13.3719	6.40179403	6.34427183	5.44186295	5.44542727	
13.38134	6.40179403	6.34427183	5.44186295	5.44542727	
13.39126	6.40179403	6.34427183	5.44186295	5.44542727	
13.40137	6.40179403	6.34427183	5.44186295	5.44542727	
13.4115	6.40179403	6.34427183	5.44186295	5.44542727	
13.42166	6.40179403	6.34427183	5.44186295	5.44542727	
13.43179	6.40179403	6.34427183	5.44186295	5.44542727	
13.4419	6.40179403	6.34427183	5.44186295	5.44542727	
13.45206	6.40179403	6.34427183	5.44186295	5.44542727	
13.46215	6.40179403	6.34427183	5.44186295	5.44542727	
13.4731	6.40179403	6.34427183	5.44186295	5.44542727	
13.48258	6.40179403	6.34427183	5.44186295	5.44542727	
13.4927	6.40179403	6.34427183	5.44186295	5.44542727	
13.50283	6.40179403	6.34427183	5.44186295	5.44542727	
13.51302	6.40179403	6.34427183	5.44186295	5.44542727	
13.52309	6.40179403	6.34427183	5.44186295	5.44542727	
13.53326	6.40179403	6.34427183	5.44186295	5.44542727	
13.54339	6.40179403	6.34427183	5.44186295	5.44542727	
13.55352	6.40179403	6.34427183	5.44186295	5.44542727	
13.56368	6.40179403	6.34427183	5.44186295	5.44542727	
13.5743	6.40179403	6.34427183	5.44186295	5.44542727	
13.58403	6.40179403	6.34427183	5.44186295	5.44542727	
13.59413	6.40179403	6.34427183	5.44186295	5.44542727	
13.60425	6.40179403	6.34427183	5.44186295	5.44542727	
13.61454	6.40179403	6.34427183	5.44186295	5.44542727	
13.62454	6.40179403	6.34427183	5.44186295	5.44542727	
13.6347	6.40179403	6.34427183	5.44186295	5.44542727	
13.6448	6.40179403	6.34427183	5.44186295	5.44542727	
13.65494	6.40179403	6.34427183	5.44186295	5.44542727	
13.66506	6.40179403	6.34427183	5.44186295	5.44542727	
13.6755	6.40179403	6.34427183	5.44186295	5.44542727	
13.6854	6.40179403	6.34427183	5.44186295	5.44542727	
13.69551	6.40179403	6.34427183	5.44186295	5.44542727	
13.70576	6.40179403	6.34427183	5.44186295	5.44542727	
13.7158	6.40179403	6.34427183	5.44186295	5.44542727	
13.72594	6.40179403	6.34427183	5.44186295	5.44542727	
13.73604	6.40179403	6.34427183	5.44186295	5.44542727	
13.74625	6.40179403	6.34427183	5.44186295	5.44542727	
13.75632	6.40179403	6.34427183	5.44186295	5.44542727	
13.76641	6.40179403	6.34427183	5.44186295	5.44542727	
13.77677	6.40179403	6.34427183	5.44186295	5.44542727	
13.79279	6.40179403	6.34427183	5.44186295	5.44542727	
13.80425	6.40179403	6.34427183	5.44186295	5.44542727	
