4.034963	
4.045011	
4.055107	
4.065198	
4.075455	
4.085536	
4.095609	
4.105732	
4.11583	
4.126189	
4.136138	
4.146226	
4.156372	
4.166475	
4.176617	
4.186716	
4.197032	
4.207131	
4.217235	
4.227693	
4.237753	
4.24782	
4.257956	
4.268133	
4.278233	
4.28837	
4.298491	
4.308643	
4.318793	
4.328885	
4.339024	
4.34918	
4.359396	
4.369432	
4.379515	
4.399844	
4.404028	
4.414141	
4.424265	
4.434419	
4.444519	
4.454716	
4.464987	
4.474902	
4.485024	
4.495117	
4.505262	
4.515376	
4.525519	
4.535608	
4.545748	
4.555864	
4.566033	
4.576166	
4.586261	
4.596376	
4.606506	
4.616578	
4.626884	
4.636855	
4.646995	
4.657131	
4.667238	
4.677512	
4.695355	
4.699511	
4.70968	
4.71977	
4.729906	
4.740055	
4.750135	
4.760281	
4.770415	
4.780567	
4.790682	
4.801214	
4.811324	
4.821483	
4.831582	
4.841702	
4.851845	
4.861979	
4.872118	
4.882253	
4.892397	
4.902554	
4.912657	
4.922787	
4.932899	
4.943221	
4.953244	
4.963346	
4.973599	
4.983606	
4.993789	
5.003881	
5.014005	
5.024128	
5.034229	
5.044401	
5.054495	
5.064595	
5.074753	
5.084844	
5.095034	
5.105082	
5.115196	
5.125376	
5.135448	
5.145575	
5.155697	
5.165841	
5.175936	
5.186104	
5.19626	
5.206362	
5.216437	
5.226544	
5.236752	
5.246873	
5.256948	
5.267084	
5.27722	
5.287324	
5.297508	
5.307624	
5.317728	
5.328056	
5.338181	
5.348327	
5.358459	
5.368601	
5.378728	
5.388867	
5.399041	
5.409163	
5.419289	
5.429556	
5.439598	
5.449719	
5.46085	
5.470052	
5.48015	
5.490245	
5.500408	
5.518506	
5.522664	
5.532796	
5.543005	
5.553056	
5.563228	
5.57336	
5.583488	
5.593626	
5.603745	
5.614065	
5.624013	
5.634135	
5.644293	
5.654345	
5.664502	
5.674608	
5.68475	
5.695038	
5.705235	
5.715135	
5.725254	
5.735378	
5.745458	
5.755581	
5.765767	
5.775855	
5.786019	
5.796178	
5.80624	
5.816334	
5.826502	
5.836626	
5.846725	
5.856868	
5.867005	
5.87711	
5.887238	
5.897355	
5.907569	
5.917687	
5.927763	
5.937877	
5.948131	
5.958238	
5.968364	
5.978488	
5.988596	
5.998777	
6.008898	
6.019058	
6.029159	
6.039303	
6.049423	
6.059551	
6.069689	
6.079809	
6.089926	
6.100169	11.6510176	11.6500728	10.5950934	10.5941486	
6.110256	11.6525522	11.6500728	10.596628	10.5941486	
6.120339	11.654697	11.6500728	10.5987728	10.5941486	
6.130457	11.6574649	11.6500728	10.6015407	10.5941486	
6.140649	11.6608787	11.6500728	10.6049545	10.5941486	
6.150785	11.6648877	11.6500728	10.6089635	10.6028752	
6.160896	11.6694992	11.6587994	10.613575	10.6028752	
6.171062	11.6747587	11.6587994	10.6188345	10.6028752	
6.181155	11.6805882	11.6587994	10.624664	10.6028752	
6.191307	11.6870726	11.667526	10.6311484	10.6028752	
6.201725	11.6943944	11.6762527	10.6384702	10.6028752	
6.211599	11.701889	11.6762527	10.6459648	10.6116019	
6.221782	11.7102553	11.6762527	10.6543311	10.6116019	
6.232221	11.7196181	11.6849793	10.6636939	10.6116019	
6.242207	11.7289218	11.693706	10.6729976	10.6116019	
6.252154	11.7388986	11.693706	10.6829744	10.6116019	
6.262222	11.7496096	11.7024326	10.6936854	10.6116019	
6.272348	11.7609992	11.7111593	10.705075	10.6203285	
6.282519	11.7730626	11.7198859	10.7171384	10.6203285	
6.292627	11.7856637	11.7286126	10.7297395	10.6203285	
6.303054	11.7993292	11.7286126	10.743405	10.6203285	
6.312957	11.8128683	11.7373392	10.7569441	10.6290551	
6.323074	11.8273293	11.7460659	10.7714051	10.6290551	
6.333223	11.842452	11.7460659	10.7865278	10.6290551	
6.343305	11.8580843	11.7547925	10.8021601	10.6377818	
6.353958	11.8753044	11.7635192	10.8193802	10.6377818	
6.36407	11.8922405	11.7635192	10.8363163	10.6465084	
6.374205	11.9098337	11.7722458	10.8539095	10.6465084	
6.384578	11.9287865	11.7809725	10.8728623	10.6552351	
6.394566	11.9470612	11.7809725	10.891137	10.6639617	
6.404808	11.9667241	11.7896991	10.9107999	10.6726884	
6.414919	11.9867407	11.7984257	10.9308165	10.681415	
6.425006	12.0073319	11.7984257	10.9514077	10.6988683	
6.435142	12.0287028	11.8071524	10.9727786	10.7163216	
6.445389	12.0508089	11.815879	10.9948848	10.7250483	
6.455388	12.0730277	11.8246057	11.0171035	10.7425015	
6.46551	12.096145	11.8333323	11.0402208	10.7512282	
6.475645	12.1199087	11.842059	11.0639845	10.7774081	
6.485781	12.1442863	11.8507856	11.0883621	10.7861348	
6.495874	12.1691828	11.8682389	11.1132586	10.8035881	
6.506168	12.1952226	11.8856922	11.1392984	10.8210414	
6.516212	12.2211939	11.8944189	11.1652697	10.8472213	
6.52634	12.2480298	11.9118721	11.1921056	10.8646746	
6.536436	12.2753806	11.9293254	11.2194564	10.8821279	
6.546844	12.3042478	11.9555054	11.2483236	10.9083078	
6.556729	12.3322184	11.9729587	11.2762942	10.9257611	
6.566813	12.3613711	11.990412	11.3054469	10.9519411	
6.57696	12.3913315	12.0253185	11.3354073	10.978121	
6.587072	12.4217978	12.0427718	11.3658737	11.0043009	
6.597215	12.4529884	12.0776784	11.3970642	11.0304809	
6.607466	12.4851451	12.1038584	11.4292209	11.0566608	
6.625367	12.5436061	12.1562182	11.4876819	11.1090207	
6.629725	12.5577712	12.1649449	11.501847	11.126474	
6.639753	12.5911513	12.1998515	11.5352271	11.1613806	
6.649935	12.6256846	12.2347581	11.5697604	11.1962872	
6.660125	12.6608687	12.2696646	11.6049446	11.2311937	
6.670231	12.6963555	12.3045712	11.6404313	11.2661003	
6.68033	12.7324291	12.3394778	11.6765049	11.3010069	
6.690442	12.7691703	12.3743844	11.7132461	11.3446401	
6.701714	12.8109507	12.4180176	11.7550265	11.3795467	
6.710805	12.8450462	12.4529242	11.789122	11.4144533	
6.720904	12.8835818	12.4965574	11.8276576	11.4580865	
6.731033	12.9228521	12.531464	11.8669279	11.5017198	
6.741128	12.9625931	12.5750973	11.9066689	11.545353	
6.751261	13.0031169	12.6187305	11.9471927	11.5889862	
6.761408	13.0443069	12.6536371	11.9883827	11.6326195	
6.771574	13.0861989	12.6885437	12.0302747	11.6762527	
6.781754	13.1287581	12.7409035	12.0728339	11.7286126	
6.791826	13.1714839	12.7845368	12.1155597	11.7722458	
6.802959	13.2195113	12.82817	12.1635871	11.815879	
6.812149	13.2595617	12.8718032	12.2036375	11.8682389	
6.822252	13.3042554	12.9154365	12.2483312	11.9118721	
6.832401	13.3497812	12.9590697	12.293857	11.964232	
6.842492	13.3956468	13.0027029	12.3397226	12.0078653	
6.852675	13.4425743	13.0550628	12.3866501	12.0602251	
6.862797	13.4898055	13.1074227	12.4338813	12.112585	
6.872967	13.5379064	13.1510559	12.4819822	12.1649449	
6.883071	13.586433	13.2034158	12.5305088	12.2173048	
6.89319	13.6353729	13.247049	12.5794487	12.2696646	
6.904239	13.6897633	13.2994089	12.6338391	12.3220245	
6.913602	13.7362841	13.3517688	12.6803599	12.3743844	
6.923695	13.7870814	13.4041287	12.7311572	12.4267443	
6.933788	13.8384743	13.4564885	12.7825501	12.4878308	
6.944058	13.891454	13.5088484	12.8355298	12.5401907	
6.954055	13.943544	13.5612083	12.8876198	12.5925506	
6.964185	13.996984	13.6135682	12.9410598	12.6536371	
6.98227	14.0948212	13.7095613	13.038897	12.7496302	
6.986545	14.1178527	13.7357412	13.0619285	12.7758101	
6.996858	14.1743131	13.7881011	13.1183889	12.82817	
7.024051	14.3289658	13.9451807	13.2730417	12.9852496	
7.028424	14.3535909	13.9713607	13.2976667	13.0114296	
7.038529	14.4114109	14.0324472	13.3554867	13.0725161	
7.048624	14.4697849	14.0848071	13.4138607	13.124876	
7.058813	14.52934	14.1546202	13.4734158	13.1946891	
7.068903	14.5889127	14.2069801	13.5329885	13.247049	
7.079155	14.6500775	14.2680666	13.5941533	13.3081355	
7.089213	14.7106859	14.3291532	13.6547617	13.3692221	
7.099314	14.7721608	14.3902397	13.7162366	13.4390352	
7.109586	14.8353522	14.4513262	13.779428	13.5001218	
7.119694	14.8980871	14.5124127	13.8421629	13.5612083	
7.129816	14.9615427	14.5734993	13.9056185	13.6222948	
7.139942	15.025645	14.6433124	13.9697208	13.6833813	
7.150062	15.0903172	14.7043989	14.034393	13.7531945	
7.160207	15.1557869	14.7654855	14.0998627	13.814281	
7.170343	15.2218018	14.8352986	14.1658776	13.8753676	
7.180496	15.288533	14.8963852	14.2326088	13.9451807	
7.190601	15.3556001	14.9574717	14.2996759	14.0062672	
7.200894	15.4245088	15.0272849	14.3685846	14.0760804	
7.211087	15.4936555	15.097098	14.4377314	14.1371669	
7.221258	15.5627809	15.1669112	14.5068567	14.2069801	
7.231361	15.6322231	15.2367244	14.5762989	14.2767933	
7.241526	15.7027901	15.2978109	14.6468659	14.3466065	
7.251617	15.7734313	15.3676241	14.7175071	14.4164196	
7.261791	15.84527	15.4374372	14.7893458	14.4862328	
7.271862	15.9169939	15.5072504	14.8610697	14.556046	
7.282032	15.9900392	15.5770636	14.934115	14.6258591	
7.292204	16.0637489	15.6468767	15.0078247	14.6956723	
7.302286	16.1373624	15.7254166	15.0814382	14.7654855	
7.31256	16.2131141	15.7952297	15.1571899	14.8352986	
7.322598	16.2875979	15.8650429	15.2316737	14.9051118	
7.332773	16.3637918	15.9348561	15.3078676	14.974925	
7.342897	16.4402021	16.0046692	15.3842779	15.0447382	
7.352994	16.5170347	16.0744824	15.4611105	15.1145513	
7.363193	16.5952785	16.1530222	15.5393543	15.1930911	
7.373305	16.6734348	16.231562	15.6175106	15.271631	
7.383421	16.752236	16.3013752	15.6963118	15.3414441	
7.393607	16.8322705	16.379915	15.7763463	15.4199839	
7.403927	16.9145217	16.4584548	15.8585975	15.4985238	
7.414147	16.9954761	16.528268	15.9395519	15.5770636	
7.423993	17.074546	16.6068078	16.0186218	15.6556034	
7.434271	17.1577988	16.6853476	16.1018746	15.7428699	
7.444282	17.2394092	16.7638875	16.183485	15.812683	
7.45434	17.3220938	16.8424273	16.2661696	15.8999495	
7.464498	17.4061475	16.9209671	16.3502233	15.9784893	
7.474618	17.4905586	16.9995069	16.4346344	16.0570291	
7.484766	17.5757543	17.0867734	16.5198301	16.1442956	
7.494901	17.6615245	17.1653132	16.6056003	16.2228354	
7.505254	17.7497893	17.243853	16.6938651	16.3013752	
7.515338	17.8363464	17.3311195	16.7804222	16.3886417	
7.525294	17.9223348	17.4183859	16.8664106	16.4759081	
7.535407	18.0103505	17.5056524	16.9544263	16.554448	
7.545521	18.0989886	17.5929189	17.0430644	16.6417144	
7.555663	18.1885169	17.6801853	17.1325927	16.7289809	
7.565833	18.2788692	17.7674518	17.222945	16.8162473	
7.575906	18.3689742	17.8547182	17.31305	16.9035138	
7.593884	18.5322004	17.9507114	17.4762762	16.9907803	
7.598319	18.5723887	18.0554311	17.5164645	17.1042267	
7.608312	18.6637093	18.1514242	17.6077851	17.1914931	
7.618523	18.7577102	18.2386907	17.701786	17.2787596	
7.628673	18.8516917	18.3346838	17.7957675	17.3747527	
7.638787	18.9459708	18.4219503	17.8900466	17.4707458	
7.64887	19.0405791	18.5179434	17.9846549	17.5667389	
7.659045	19.1367414	18.6052098	18.0808172	17.662732	
7.669208	19.2333337	18.7012029	18.1774095	17.7499985	
7.679346	19.3302846	18.797196	18.2743604	17.8459916	
7.689474	19.4278129	18.8844625	18.3718887	17.9419847	
7.699778	19.5277174	18.9804556	18.4717932	18.0379778	
7.709815	19.6255335	19.0764487	18.5696093	18.1339709	
7.719952	19.7249931	19.1724418	18.6690689	18.229964	
7.730059	19.8247407	19.2684349	18.7688165	18.3259571	
7.7402	19.9254617	19.3644281	18.8695375	18.4306769	
7.750311	20.0264872	19.4604212	18.970563	18.52667	
7.76047	20.1286534	19.5651409	19.0727292	18.6313898	
7.770613	20.231225	19.6524074	19.1753008	18.7273829	
7.780748	20.3343519	19.7484005	19.2784277	18.8321026	
7.790877	20.4380229	19.8443936	19.3820987	18.9368224	
7.80098	20.5420497	19.9491134	19.4861255	19.0415421	
7.811153	20.647786	20.0538331	19.5918618	19.1462619	
7.821325	20.7534539	20.1585529	19.6975297	19.2509816	
7.831444	20.8594324	20.254546	19.8035082	19.3469748	
7.841601	20.9665029	20.3592657	19.9105787	19.4516945	
7.851669	21.0732516	20.4639855	20.0173274	19.5564143	
7.861913	21.1824906	20.5687052	20.1265664	19.6698607	
7.871989	21.2904992	20.673425	20.234575	19.7745804	
7.882123	21.3998343	20.7868714	20.3439101	19.8793002	
7.892265	21.5097862	20.8915911	20.453862	19.9927466	
7.902344	21.6196841	20.9963109	20.5637599	20.106193	
7.912526	21.7295344	21.1010307	20.6736102	20.2109127	
7.922726	21.8389219	21.2144771	20.7829977	20.3243591	
7.932808	21.9464379	21.3191968	20.8905137	20.4378055	
7.943359	22.0583168	21.4326432	21.0023926	20.5512519	
7.953098	22.1609885	21.537363	21.1050643	20.6646983	
7.963184	22.2670538	21.6508094	21.2111296	20.7694181	
7.973592	22.3752548	21.7642558	21.3193306	20.8828645	
7.983687	22.4798828	21.8689755	21.4239586	20.9963109	
7.993822	22.5843293	21.9824219	21.5284051	21.1097573	
8.003935	22.6879574	22.0958683	21.6320332	21.2232037	
8.014049	22.7910233	22.2005881	21.7350991	21.3279235	
8.024269	22.8944698	22.3140345	21.8385456	21.4413699	
8.034375	22.9961941	22.4274809	21.9402699	21.5460896	
8.044539	23.0979022	22.5322006	22.041978	21.659536	
8.054639	23.1983612	22.645647	22.142437	21.7729824	
8.065153	23.3023139	22.7590934	22.2463897	21.8777022	
8.074854	23.3976409	22.8638132	22.3417167	21.9824219	
8.085	23.4967425	22.9772596	22.4408183	22.0958683	
8.095158	23.5953535	23.0819794	22.5394293	22.2005881	
8.105224	23.6925064	23.1866991	22.6365822	22.3053078	
8.115412	23.7902311	23.3001455	22.7343069	22.4100276	
8.125593	23.8872596	23.4048653	22.8313354	22.5147474	
8.135673	23.9826929	23.509585	22.9267687	22.6194671	
8.145801	24.0779947	23.6143048	23.0220705	22.7154602	
8.1559	24.1724244	23.7190245	23.1165002	22.82018	
8.174328	24.3423459	23.8237443	23.2864217	22.9161731	
8.17863	24.382018	23.9459173	23.3260939	23.0383461	
8.18878	24.4749781	24.0506371	23.4190539	23.1430659	
8.199128	24.5691424	24.1553568	23.5132182	23.239059	
8.209042	24.6587214	24.2600766	23.6027972	23.3437787	
8.22011	24.7580897	24.3647964	23.7021655	23.4397719	
8.2294	24.8409067	24.4607895	23.7849825	23.535765	
8.241554	24.9484008	24.5567826	23.8924766	23.6317581	
8.24958	25.0190547	24.6615023	23.9631305	23.7364778	
8.259759	25.1080215	24.7574954	24.0520973	23.8324709	
8.269969	25.1966886	24.8534885	24.1407644	23.928464	
8.280062	25.2836247	24.9494817	24.2277005	24.0157305	
8.290193	25.3703699	25.0454748	24.3144457	24.1117236	
8.300368	25.456882	25.1327412	24.4009578	24.2077167	
8.310435	25.5418584	25.2200077	24.4859342	24.2949832	
8.321358	25.6334247	25.3160008	24.5775005	24.3909763	
8.330747	25.7115338	25.4032673	24.6556096	24.4695161	
8.340902	25.7954987	25.4905337	24.7395745	24.5655092	
8.351033	25.878565	25.5690735	24.8226408	24.6527757	
8.3611	25.960562	25.6650667	24.9046378	24.7400421	
8.371321	26.0432113	25.7436065	24.9872871	24.8273086	
8.381381	26.1239295	25.8308729	25.0680053	24.9145751	
8.401554	26.2828818	25.9879526	25.2269576	25.0803814	
8.405926	26.3174147	26.0228591	25.2614905	25.1152879	
8.424934	26.4646382	26.1101256	25.408714	25.2025544	
8.429958	26.5035565	26.223572	25.4476323	25.3072742	
8.440009	26.5807761	26.3021118	25.5248519	25.3945406	
8.450135	26.6579607	26.3806516	25.6020365	25.4730804	
8.460242	26.7344019	26.4591915	25.6784777	25.5516202	
8.470432	26.8108521	26.5377313	25.7549279	25.6301601	
8.480544	26.88612	26.6162711	25.8301958	25.7086999	
8.490678	26.9609564	26.6948109	25.9050322	25.7872397	
8.500814	27.035198	26.7733507	25.9792738	25.8657795	
8.510919	27.1086224	26.8518905	26.0526982	25.9355927	
8.521072	27.1818043	26.9304304	26.1258801	26.0141325	
8.531281	27.2547772	27.0002435	26.198853	26.0926723	
8.54144	27.3267614	27.0787833	26.2708372	26.1624855	
8.551542	27.3977597	27.1573232	26.3418355	26.2410253	
8.561621	27.4680021	27.2271363	26.4120779	26.3108385	
8.571766	27.5380998	27.3056761	26.4821756	26.3893783	
8.581959	27.6079059	27.3754893	26.5519817	26.4591915	
8.592044	27.6764138	27.4453025	26.6204896	26.520278	
8.602173	27.7445917	27.5151157	26.6886675	26.5900912	
8.612284	27.8120509	27.5849288	26.7561267	26.6599043	
8.623612	27.886924	27.6460154	26.8309998	26.7209908	
8.632613	27.94587	27.7158285	26.8899458	26.790804	
8.642705	28.011407	27.7856417	26.9554828	26.8606172	
8.652841	28.0766341	27.8554549	27.0207099	26.9217037	
8.665192	28.1551806	27.9339947	27.0992564	26.9915169	
8.674811	28.2158407	27.9950812	27.1599165	27.0613301	
8.684961	28.279239	28.0561677	27.2233148	27.1224166	
8.695084	28.3418769	28.1172542	27.2859528	27.1835031	
8.705226	28.4040552	28.1870674	27.348131	27.2445896	
8.715444	28.4660807	28.2481539	27.4101565	27.3056761	
8.72639	28.531807	28.3092405	27.4758828	27.3667627	
8.735669	28.5870157	28.370327	27.5310915	27.4278492	
8.745735	28.6463191	28.4314135	27.5903949	27.4889357	
8.763921	28.751132	28.4925	27.6952078	27.5412956	
8.768197	28.7758233	28.5623132	27.7198991	27.6111088	
8.778366	28.8338287	28.6233997	27.7779045	27.6809219	
8.788504	28.891025	28.6757596	27.8351008	27.7332818	
8.798625	28.9475289	28.7368461	27.8916047	27.7856417	
8.808785	29.0036642	28.789206	27.94774	27.8467282	
8.818873	29.0588053	28.8502925	28.0028811	27.8990881	
8.830258	29.1202905	28.9026524	28.0643663	27.9601746	
8.840364	29.1742269	28.9550123	28.1183027	28.0125345	
8.850419	29.2273304	29.0073722	28.1714062	28.0648944	
8.860622	29.2806208	29.059732	28.2246966	28.1172542	
8.870689	29.3325998	29.1120919	28.2766756	28.1696141	
8.880863	29.3845512	29.1644518	28.328627	28.221974	
8.890991	29.4356472	29.2168117	28.379723	28.2743339	
8.901127	29.4862057	29.2691716	28.4302815	28.3266938	
8.91153	29.5374534	29.3215314	28.4815292	28.3790536	
8.921605	29.5864811	29.3738913	28.5305569	28.4226869	
8.932095	29.6369434	29.4262512	28.5810192	28.4750467	
8.942015	29.6840495	29.4786111	28.6281253	28.51868	
8.952087	29.7312751	29.5309709	28.6753509	28.5710399	
8.962226	29.7782441	29.5833308	28.7223199	28.6146731	
8.972328	29.8244371	29.6269641	28.7685129	28.6583063	
8.982491	29.8703259	29.6793239	28.8144017	28.7019395	
8.992621	29.9154539	29.7229572	28.8595297	28.7542994	
9.002731	29.9599096	29.775317	28.9039854	28.7979327	
9.012874	30.0039132	29.8189503	28.947989	28.8328392	
9.022989	30.0471951	29.8625835	28.9912709	28.8851991	
9.033439	30.0913055	29.9149434	29.0353813	28.9201057	
9.043349	30.1325395	29.9585766	29.0766153	28.9637389	
9.053444	30.1739689	30.0022098	29.1180447	29.0073722	
9.063633	30.2151688	30.0458431	29.1592446	29.0422788	
9.073945	30.2565439	30.0894763	29.2006197	29.085912	
9.083875	30.2952613	30.1331095	29.2393371	29.1295452	
9.094032	30.3345564	30.1767428	29.2786322	29.1644518	
9.104154	30.3731255	30.220376	29.3172013	29.208085	
9.114272	30.4110886	30.2640092	29.3551644	29.2429916	
9.12436	30.4483638	30.2989158	29.3924396	29.2866248	
9.134618	30.4856548	30.342549	29.4297306	29.3215314	
9.144746	30.5218579	30.3861823	29.4659337	29.356438	
9.154835	30.5573506	30.4210889	29.5014264	29.3913446	
9.165148	30.5930261	30.4559954	29.5371019	29.4262512	
9.175332	30.6276458	30.490902	29.5717216	29.4611578	
9.185211	30.6606761	30.5258086	29.6047519	29.504791	
9.195312	30.6939555	30.5607152	29.6380313	29.5396976	
9.205492	30.7267241	30.5956218	29.6707999	29.5746042	
9.215571	30.7586604	30.6305284	29.7027362	29.6095108	
9.225711	30.790211	30.665435	29.7342868	29.6444173	
9.236184	30.8221704	30.7003415	29.7662462	29.6793239	
9.246152	30.8520024	30.7352481	29.7960782	29.7142305	
9.256209	30.881523	30.7614281	29.8255988	29.7404105	
9.26625	30.9104349	30.787608	29.8545107	29.775317	
9.276738	30.9399973	30.8225146	29.8840731	29.8102236	
9.286537	30.9670675	30.8399679	29.9111433	29.8364036	
9.29667	30.9944792	30.8748745	29.938555	29.8625835	
9.306792	31.0212802	30.9010544	29.965356	29.8887634	
9.316892	31.0474402	30.9185077	29.991516	29.9149434	
9.32704	31.0731399	30.9446876	30.0172157	29.9411233	
9.337459	31.0989199	30.9708676	30.0429957	29.9673033	
9.347332	31.1228392	30.9883209	30.066915	29.9934832	
9.365344	31.1640657	31.0319541	30.1081415	30.0371164	
9.369597	31.1738731	31.0406807	30.1179489	30.0545697	
9.379784	31.1966303	31.058134	30.1407061	30.072023	
9.389988	31.2188291	31.084314	30.1629049	30.098203	
9.400032	31.2401164	31.1017673	30.1841922	30.1156562	
9.410212	31.2611133	31.1192206	30.2051891	30.1331095	
9.420296	31.2813342	31.1366739	30.22541	30.1592895	
9.430504	31.301222	31.1541271	30.2452978	30.1767428	
9.440958	31.3209773	31.1715804	30.2650531	30.1941961	
9.450791	31.3390188	31.1890337	30.2830946	30.2029227	
9.460913	31.357017	31.206487	30.3010928	30.220376	
9.471012	31.374411	31.2239403	30.3184868	30.2291026	
9.481279	31.391509	31.232667	30.3355848	30.2465559	
9.491317	31.4076661	31.2501203	30.3517419	30.2552826	
9.50147	31.4234416	31.2588469	30.3675174	30.2640092	
9.511586	31.4385879	31.2763002	30.3826637	30.2814625	
9.521686	31.4531559	31.2850268	30.3972317	30.2901892	
9.531852	31.4672599	31.2937535	30.4113357	30.2989158	
9.542095	31.480886	31.3024801	30.4249618	30.2989158	
9.552158	31.4937192	31.3112068	30.437795	30.3076425	
9.56228	31.5060778	31.3199334	30.4501536	30.3163691	
9.572398	31.5178787	31.3286601	30.4619545	30.3250958	
9.582524	31.5291424	31.3286601	30.4732182	30.3338224	
9.592644	31.5398411	31.3286601	30.4839169	30.3338224	
9.602838	31.5500706	31.3286601	30.4941464	30.3338224	
9.612954	31.5596775	31.3286601	30.5037533	30.342549	
9.623097	31.5687692	31.3286601	30.512845	30.342549	
9.633189	31.5772854	31.3286601	30.5213612	30.342549	
9.643467	31.5854095	31.3286601	30.5294853	30.342549	
9.653531	31.5928737	31.3286601	30.5369495	30.342549	
9.663672	31.5998111	31.3286601	30.5438869	30.342549	
9.673788	31.6062481	31.3286601	30.5503239	30.342549	
9.684044	31.6122505	31.3286601	30.5563263	30.342549	
9.694118	31.6176505	31.3286601	30.5617263	30.342549	
9.704215	31.6225717	31.3286601	30.5666475	30.342549	
9.714329	31.6270182	31.3286601	30.571094	30.342549	
9.724458	31.6309989	31.3286601	30.5750747	30.342549	
9.734552	31.6345085	31.3286601	30.5785843	30.342549	
9.744795	31.63761	31.3286601	30.5816858	30.342549	
9.754859	31.6402393	31.3286601	30.5843151	30.342549	
9.765013	31.642481	31.3286601	30.5865568	30.342549	
9.775098	31.64433	31.3286601	30.5884058	30.342549	
9.785412	31.6500728	31.3286601	30.5941486	30.342549	
9.795425	31.6500728	31.3286601	30.5941486	30.342549	
9.806033	31.6500728	31.3286601	30.5941486	30.342549	
9.816046	31.6500728	31.3286601	30.5941486	30.342549	
9.82619	31.6500728	31.3286601	30.5941486	30.342549	
9.83661	31.6500728	31.3286601	30.5941486	30.342549	
9.846475	31.6500728	31.3286601	30.5941486	30.342549	
9.85657	31.6500728	31.3286601	30.5941486	30.342549	
9.86669	31.6500728	31.3286601	30.5941486	30.342549	
9.876802	31.6500728	31.3286601	30.5941486	30.342549	
9.88696	31.6500728	31.3286601	30.5941486	30.342549	
9.897084	31.6500728	31.3286601	30.5941486	30.342549	
9.907196	31.6500728	31.3286601	30.5941486	30.342549	
9.917345	31.6500728	31.3286601	30.5941486	30.342549	
9.935425	31.6500728	31.3286601	30.5941486	30.342549	
9.940803	31.6500728	31.3286601	30.5941486	30.342549	
9.949978	31.6500728	31.3286601	30.5941486	30.342549	
9.960016	31.6500728	31.3286601	30.5941486	30.342549	
9.970154	31.6500728	31.3286601	30.5941486	30.342549	
9.98026	31.6500728	31.3286601	30.5941486	30.342549	
9.990462	31.6500728	31.3286601	30.5941486	30.342549	
10.0013	31.6500728	31.3286601	30.5941486	30.342549	
10.01098	31.6500728	31.3286601	30.5941486	30.342549	
10.02091	31.6500728	31.3286601	30.5941486	30.342549	
10.03098	31.6500728	31.3286601	30.5941486	30.342549	
10.04205	31.6500728	31.3286601	30.5941486	30.342549	
10.05129	31.6500728	31.3286601	30.5941486	30.342549	
10.06142	31.6500728	31.3286601	30.5941486	30.342549	
10.07154	31.6500728	31.3286601	30.5941486	30.342549	
10.08166	31.6500728	31.3286601	30.5941486	30.342549	
10.09184	31.6500728	31.3286601	30.5941486	30.342549	
10.10209	31.6500728	31.3286601	30.5941486	30.342549	
10.11214	31.6500728	31.3286601	30.5941486	30.342549	
10.12226	31.6500728	31.3286601	30.5941486	30.342549	
10.13235	31.6500728	31.3286601	30.5941486	30.342549	
10.14331	31.6500728	31.3286601	30.5941486	30.342549	
10.15269	31.6500728	31.3286601	30.5941486	30.342549	
10.16279	31.6500728	31.3286601	30.5941486	30.342549	
10.17295	31.6500728	31.3286601	30.5941486	30.342549	
10.18302	31.6500728	31.3286601	30.5941486	30.342549	
10.1932	31.6500728	31.3286601	30.5941486	30.342549	
10.20335	31.6500728	31.3286601	30.5941486	30.342549	
10.21348	31.6500728	31.3286601	30.5941486	30.342549	
10.22364	31.6500728	31.3286601	30.5941486	30.342549	
10.23394	31.6500728	31.3286601	30.5941486	30.342549	
10.24748	31.6500728	31.3286601	30.5941486	30.342549	
10.25405	31.6500728	31.3286601	30.5941486	30.342549	
10.26407	31.6500728	31.3286601	30.5941486	30.342549	
10.2742	31.6500728	31.3286601	30.5941486	30.342549	
10.28437	31.6500728	31.3286601	30.5941486	30.342549	
10.29446	31.6500728	31.3286601	30.5941486	30.342549	
10.30462	31.6500728	31.3286601	30.5941486	30.342549	
10.31476	31.6500728	31.3286601	30.5941486	30.342549	
10.32495	31.6500728	31.3286601	30.5941486	30.342549	
10.335	31.6500728	31.3286601	30.5941486	30.342549	
10.34581	31.6500728	31.3286601	30.5941486	30.342549	
10.35532	31.6500728	31.3286601	30.5941486	30.342549	
10.36541	31.6500728	31.3286601	30.5941486	30.342549	
10.37557	31.6500728	31.3286601	30.5941486	30.342549	
10.38666	31.6500728	31.3286601	30.5941486	30.342549	
10.39592	31.6500728	31.3286601	30.5941486	30.342549	
10.40619	31.6500728	31.3286601	30.5941486	30.342549	
10.4162	31.6500728	31.3286601	30.5941486	30.342549	
10.42656	31.6500728	31.3286601	30.5941486	30.342549	
10.43645	31.6500728	31.3286601	30.5941486	30.342549	
10.44702	31.6500728	31.3286601	30.5941486	30.342549	
10.45678	31.6500728	31.3286601	30.5941486	30.342549	
10.46688	31.6500728	31.3286601	30.5941486	30.342549	
10.47702	31.6500728	31.3286601	30.5941486	30.342549	
10.4871	31.6500728	31.3286601	30.5941486	30.342549	
10.49726	31.6500728	31.3286601	30.5941486	30.342549	
10.50738	31.6500728	31.3286601	30.5941486	30.342549	
10.51756	31.6500728	31.3286601	30.5941486	30.342549	
10.52767	31.6500728	31.3286601	30.5941486	30.342549	
10.53778	31.6500728	31.3286601	30.5941486	30.342549	
10.54828	31.6500728	31.3286601	30.5941486	30.342549	
10.55831	31.6500728	31.3286601	30.5941486	30.342549	
10.56834	31.6500728	31.3286601	30.5941486	30.342549	
10.57855	31.6500728	31.3286601	30.5941486	30.342549	
10.58866	31.6500728	31.3286601	30.5941486	30.342549	
10.5988	31.6500728	31.3286601	30.5941486	30.342549	
10.60892	31.6500728	31.3286601	30.5941486	30.342549	
10.61906	31.6500728	31.3286601	30.5941486	30.342549	
10.62922	31.6500728	31.3286601	30.5941486	30.342549	
10.63933	31.6500728	31.3286601	30.5941486	30.342549	
10.6506	31.6500728	31.3286601	30.5941486	30.342549	
10.65965	31.6500728	31.3286601	30.5941486	30.342549	
10.66976	31.6500728	31.3286601	30.5941486	30.342549	
10.67991	31.6500728	31.3286601	30.5941486	30.342549	
10.69	31.6500728	31.3286601	30.5941486	30.342549	
10.70015	31.6500728	31.3286601	30.5941486	30.342549	
10.71034	31.6500728	31.3286601	30.5941486	30.342549	
10.72043	31.6500728	31.3286601	30.5941486	30.342549	
10.73056	31.6500728	31.3286601	30.5941486	30.342549	
10.7407	31.6500728	31.3286601	30.5941486	30.342549	
10.75191	31.6500728	31.3286601	30.5941486	30.342549	
10.76097	31.6500728	31.3286601	30.5941486	30.342549	
10.77113	31.6500728	31.3286601	30.5941486	30.342549	
10.78125	31.6500728	31.3286601	30.5941486	30.342549	
10.79137	31.6500728	31.3286601	30.5941486	30.342549	
10.80153	31.6500728	31.3286601	30.5941486	30.342549	
10.81166	31.6500728	31.3286601	30.5941486	30.342549	
10.82175	31.6500728	31.3286601	30.5941486	30.342549	
10.83193	31.6500728	31.3286601	30.5941486	30.342549	
10.84203	31.6500728	31.3286601	30.5941486	30.342549	
10.85322	31.6500728	31.3286601	30.5941486	30.342549	
10.86256	31.6500728	31.3286601	30.5941486	30.342549	
10.87265	31.6500728	31.3286601	30.5941486	30.342549	
10.88277	31.6500728	31.3286601	30.5941486	30.342549	
10.89289	31.6500728	31.3286601	30.5941486	30.342549	
10.90305	31.6500728	31.3286601	30.5941486	30.342549	
10.91317	31.6500728	31.3286601	30.5941486	30.342549	
10.92337	31.6500728	31.3286601	30.5941486	30.342549	
10.93346	31.6500728	31.3286601	30.5941486	30.342549	
10.94391	31.6500728	31.3286601	30.5941486	30.342549	
10.955	31.6500728	31.3286601	30.5941486	30.342549	
10.96399	31.6500728	31.3286601	30.5941486	30.342549	
10.97417	31.6500728	31.3286601	30.5941486	30.342549	
10.98423	31.6500728	31.3286601	30.5941486	30.342549	
10.99432	31.6500728	31.3286601	30.5941486	30.342549	
11.00448	31.6500728	31.3286601	30.5941486	30.342549	
11.0146	31.6500728	31.3286601	30.5941486	30.342549	
11.02476	31.6500728	31.3286601	30.5941486	30.342549	
11.03484	31.6500728	31.3286601	30.5941486	30.342549	
11.04551	31.6500728	31.3286601	30.5941486	30.342549	
11.05615	31.6500728	31.3286601	30.5941486	30.342549	
11.06553	31.6500728	31.3286601	30.5941486	30.342549	
11.07563	31.6500728	31.3286601	30.5941486	30.342549	
11.08579	31.6500728	31.3286601	30.5941486	30.342549	
11.09588	31.6500728	31.3286601	30.5941486	30.342549	
11.11433	31.6500728	31.3286601	30.5941486	30.342549	
11.11866	31.6500728	31.3286601	30.5941486	30.342549	
11.1288	31.6500728	31.3286601	30.5941486	30.342549	
11.13893	31.6500728	31.3286601	30.5941486	30.342549	
11.14905	31.6500728	31.3286601	30.5941486	30.342549	
11.16012	31.6500728	31.3286601	30.5941486	30.342549	
11.17021	31.6500728	31.3286601	30.5941486	30.342549	
11.18034	31.6500728	31.3286601	30.5941486	30.342549	
11.1905	31.6500728	31.3286601	30.5941486	30.342549	
11.20057	31.6500728	31.3286601	30.5941486	30.342549	
11.21074	31.6500728	31.3286601	30.5941486	30.342549	
11.22094	31.6500728	31.3286601	30.5941486	30.342549	
11.23103	31.6500728	31.3286601	30.5941486	30.342549	
11.24115	31.6500728	31.3286601	30.5941486	30.342549	
11.25131	31.6500728	31.3286601	30.5941486	30.342549	
11.26181	31.6500728	31.3286601	30.5941486	30.342549	
11.27162	31.6500728	31.3286601	30.5941486	30.342549	
11.28172	31.6500728	31.3286601	30.5941486	30.342549	
11.29187	31.6500728	31.3286601	30.5941486	30.342549	
11.30202	31.6500728	31.3286601	30.5941486	30.342549	
11.31215	31.6500728	31.3286601	30.5941486	30.342549	
11.32224	31.6500728	31.3286601	30.5941486	30.342549	
11.33242	31.6500728	31.3286601	30.5941486	30.342549	
11.34259	31.6500728	31.3286601	30.5941486	30.342549	
11.35265	31.6500728	31.3286601	30.5941486	30.342549	
11.36286	31.6500728	31.3286601	30.5941486	30.342549	
11.37298	31.6500728	31.3286601	30.5941486	30.342549	
11.3834	31.6500728	31.3286601	30.5941486	30.342549	
11.3935	31.6500728	31.3286601	30.5941486	30.342549	
11.40403	31.6500728	31.3286601	30.5941486	30.342549	
11.41378	31.6500728	31.3286601	30.5941486	30.342549	
11.42389	31.6500728	31.3286601	30.5941486	30.342549	
11.43404	31.6500728	31.3286601	30.5941486	30.342549	
11.44414	31.6500728	31.3286601	30.5941486	30.342549	
11.45428	31.6500728	31.3286601	30.5941486	30.342549	
11.47275	31.6500728	31.3286601	30.5941486	30.342549	
11.47711	31.6500728	31.3286601	30.5941486	30.342549	
11.48724	31.6500728	31.3286601	30.5941486	30.342549	
11.49733	31.6500728	31.3286601	30.5941486	30.342549	
11.51579	31.6500728	31.3286601	30.5941486	30.342549	
11.52011	31.6500728	31.3286601	30.5941486	30.342549	
11.53024	31.6500728	31.3286601	30.5941486	30.342549	
11.54038	31.6500728	31.3286601	30.5941486	30.342549	
11.5505	31.6500728	31.3286601	30.5941486	30.342549	
11.56081	31.6500728	31.3286601	30.5941486	30.342549	
11.57081	31.6500728	31.3286601	30.5941486	30.342549	
11.58099	31.6500728	31.3286601	30.5941486	30.342549	
11.59108	31.6500728	31.3286601	30.5941486	30.342549	
11.60123	31.6500728	31.3286601	30.5941486	30.342549	
11.61136	31.6500728	31.3286601	30.5941486	30.342549	
11.62153	31.6500728	31.3286601	30.5941486	30.342549	
11.63174	31.6500728	31.3286601	30.5941486	30.342549	
11.64182	31.6500728	31.3286601	30.5941486	30.342549	
11.65191	31.6500728	31.3286601	30.5941486	30.342549	
11.66326	31.6500728	31.3286601	30.5941486	30.342549	
11.67227	31.6500728	31.3286601	30.5941486	30.342549	
11.68238	31.6500728	31.3286601	30.5941486	30.342549	
11.6925	31.6500728	31.3286601	30.5941486	30.342549	
11.70263	31.6500728	31.3286601	30.5941486	30.342549	
11.71279	31.6500728	31.3286601	30.5941486	30.342549	
11.72291	31.6500728	31.3286601	30.5941486	30.342549	
11.73306	31.6500728	31.3286601	30.5941486	30.342549	
11.74317	31.6500728	31.3286601	30.5941486	30.342549	
11.75326	31.6500728	31.3286601	30.5941486	30.342549	
11.76445	31.6500728	31.3286601	30.5941486	30.342549	
11.77364	31.6500728	31.3286601	30.5941486	30.342549	
11.78378	31.6500728	31.3286601	30.5941486	30.342549	
11.79387	31.6500728	31.3286601	30.5941486	30.342549	
11.804	31.6500728	31.3286601	30.5941486	30.342549	
11.8142	31.6500728	31.3286601	30.5941486	30.342549	
11.82422	31.6500728	31.3286601	30.5941486	30.342549	
11.83438	31.6500728	31.3286601	30.5941486	30.342549	
11.84449	31.6500728	31.3286601	30.5941486	30.342549	
11.85459	31.6500728	31.3286601	30.5941486	30.342549	
11.86578	31.6500728	31.3286601	30.5941486	30.342549	
11.87493	31.6500728	31.3286601	30.5941486	30.342549	
11.88509	31.6500728	31.3286601	30.5941486	30.342549	
11.89518	31.6500728	31.3286601	30.5941486	30.342549	
11.90527	31.6500728	31.3286601	30.5941486	30.342549	
11.91543	31.6500728	31.3286601	30.5941486	30.342549	
11.92555	31.6500728	31.3286601	30.5941486	30.342549	
11.93573	31.6500728	31.3286601	30.5941486	30.342549	
11.94583	31.6500728	31.3286601	30.5941486	30.342549	
11.956	31.6500728	31.3286601	30.5941486	30.342549	
11.97483	31.6500728	31.3286601	30.5941486	30.342549	
11.97918	31.6500728	31.3286601	30.5941486	30.342549	
11.9893	31.6500728	31.3286601	30.5941486	30.342549	
11.99946	31.6500728	31.3286601	30.5941486	30.342549	
12.00955	31.6500728	31.3286601	30.5941486	30.342549	
12.01974	31.6500728	31.3286601	30.5941486	30.342549	
12.02989	31.6500728	31.3286601	30.5941486	30.342549	
12.03999	31.6500728	31.3286601	30.5941486	30.342549	
12.05012	31.6500728	31.3286601	30.5941486	30.342549	
12.06024	31.6500728	31.3286601	30.5941486	30.342549	
12.07113	31.6500728	31.3286601	30.5941486	30.342549	
12.08097	31.6500728	31.3286601	30.5941486	30.342549	
12.09132	31.6500728	31.3286601	30.5941486	30.342549	
12.10125	31.6500728	31.3286601	30.5941486	30.342549	
12.11135	31.6500728	31.3286601	30.5941486	30.342549	
12.12153	31.6500728	31.3286601	30.5941486	30.342549	
12.13167	31.6500728	31.3286601	30.5941486	30.342549	
12.14179	31.6500728	31.3286601	30.5941486	30.342549	
12.15192	31.6500728	31.3286601	30.5941486	30.342549	
12.16201	31.6500728	31.3286601	30.5941486	30.342549	
12.17226	31.6500728	31.3286601	30.5941486	30.342549	
12.18241	31.6500728	31.3286601	30.5941486	30.342549	
12.19249	31.6500728	31.3286601	30.5941486	30.342549	
12.2028	31.6500728	31.3286601	30.5941486	30.342549	
12.21273	31.6500728	31.3286601	30.5941486	30.342549	
12.2229	31.6500728	31.3286601	30.5941486	30.342549	
12.23302	31.6500728	31.3286601	30.5941486	30.342549	
12.24315	31.6500728	31.3286601	30.5941486	30.342549	
12.25332	31.6500728	31.3286601	30.5941486	30.342549	
12.26341	31.6500728	31.3286601	30.5941486	30.342549	
12.27382	31.6500728	31.3286601	30.5941486	30.342549	
12.28375	31.6500728	31.3286601	30.5941486	30.342549	
12.29387	31.6500728	31.3286601	30.5941486	30.342549	
12.30403	31.6500728	31.3286601	30.5941486	30.342549	
12.31409	31.6500728	31.3286601	30.5941486	30.342549	
12.32423	31.6500728	31.3286601	30.5941486	30.342549	
12.3344	31.6500728	31.3286601	30.5941486	30.342549	
12.34449	31.6500728	31.3286601	30.5941486	30.342549	
12.35462	31.6500728	31.3286601	30.5941486	30.342549	
12.36519	31.6500728	31.3286601	30.5941486	30.342549	
12.37522	31.6500728	31.3286601	30.5941486	30.342549	
12.38605	31.6500728	31.3286601	30.5941486	30.342549	
12.39555	31.6500728	31.3286601	30.5941486	30.342549	
12.40566	31.6500728	31.3286601	30.5941486	30.342549	
12.41579	31.6500728	31.3286601	30.5941486	30.342549	
12.42591	31.6500728	31.3286601	30.5941486	30.342549	
12.44389	31.6500728	31.3286601	30.5941486	30.342549	
12.4482	31.6500728	31.3286601	30.5941486	30.342549	
12.45829	31.6500728	31.3286601	30.5941486	30.342549	
12.46847	31.6500728	31.3286601	30.5941486	30.342549	
12.49375	31.6500728	31.3286601	30.5941486	30.342549	
12.49829	31.6500728	31.3286601	30.5941486	30.342549	
