6.523357	
6.531378	
6.541444	
6.551525	
6.561662	
6.571769	
6.581972	
6.592033	
6.602198	
6.612278	
6.622512	
6.63267	
6.64277	
6.65292	
6.663062	
6.673184	
6.683386	
6.693503	
6.703621	
6.713845	
6.723925	
6.734213	
6.744338	
6.75443	
6.764607	
6.774737	
6.784876	
6.795009	
6.805101	
6.815312	
6.825411	
6.835715	
6.845659	
6.855827	
6.865984	
6.876079	
6.886205	
6.896294	
6.906455	
6.916572	
6.926698	
6.93685	
6.946986	
6.957116	
6.977131	
6.98127	
6.991389	
7.001871	
7.011938	
7.02189	
7.032019	
7.042128	
7.052278	
7.06251	
7.072575	
7.082687	
7.0928	
7.102943	
7.113094	
7.123242	
7.133351	
7.14347	
7.153651	
7.163748	
7.173887	
7.184019	
7.19418	
7.204241	
7.224013	
7.228181	
7.238299	
7.248452	
7.258613	
7.268717	
7.278847	
7.288968	
7.29907	
7.309602	
7.319365	
7.329463	
7.339571	
7.349657	
7.359809	
7.369998	
7.380061	
7.390182	
7.400297	
7.410527	
7.420589	
7.431044	
7.440823	
7.452167	
7.462406	
7.472531	
7.482578	
7.492725	
7.502851	
7.513021	
7.523138	
7.541325	
7.545492	
7.555621	
7.56575	
7.57588	
7.586084	
7.596196	
7.606289	
7.616434	
7.626519	
7.636773	
7.646774	
7.656942	
7.667067	
7.677222	
7.687328	
7.697482	
7.707601	
7.717722	
7.727853	
7.738084	
7.748311	
7.758252	
7.768375	
7.778639	
7.78862	
7.79875	
7.808896	
7.819	
7.829258	
7.83924	
7.849392	
7.859512	
7.869595	
7.879724	
7.889895	
7.899965	
7.910092	
7.920212	
7.930374	
7.940512	
7.950592	
7.960729	
7.980024	
7.984175	
7.994335	
8.004455	
8.014591	
8.024781	
8.034895	
8.045008	
8.055134	
8.065286	
8.075446	
8.085596	
8.095738	
8.105893	
8.116	
8.126081	
8.136264	
8.146362	
8.156517	
8.166644	
8.176805	
8.186914	
8.19705	
8.207156	
8.217299	
8.227491	
8.237597	
8.247714	
8.257899	
8.268022	
8.278112	
8.288227	
8.298403	
8.308498	
8.318604	
8.328764	
8.338865	
8.348986	
8.359157	
8.369242	
8.379395	
8.389463	
8.399607	
8.409747	
8.419877	
8.429985	
8.440283	
8.450274	
8.460354	
8.470522	
8.480855	
8.490803	
8.50087	
8.511006	
8.521097	
8.531281	
8.541364	
8.551523	
8.561618	
8.571699	
8.590108	
8.594751	
8.604399	
8.614569	
8.624681	
8.634818	
8.644912	
8.655061	
8.665189	
8.675351	
8.685446	
8.695583	
8.70572	
8.715988	
8.726	
8.73624	
8.746421	
8.756498	
8.766625	
8.776801	
8.786899	
8.797035	
8.807146	
8.817294	
8.827516	
8.837561	
8.847691	
8.857824	
8.867946	
8.878104	
8.888218	
8.898332	
8.908453	
8.918577	
8.928798	
8.938863	
8.949025	
8.959141	
8.97051	
8.979387	
8.989441	
8.999575	
9.009709	
9.019907	
9.030014	
9.040123	
9.050254	
9.060374	
9.078336	
9.082512	
9.092621	
9.102721	
9.112912	
9.123029	
9.133165	
9.143294	
9.153452	
9.16365	
9.173727	
9.183863	
9.194044	
9.204095	
9.224211	
9.228398	
9.238523	
9.248618	
9.258804	
9.268908	
9.279018	
9.289157	
9.299277	
9.309404	
9.319518	
9.329676	
9.340058	
9.349952	
9.360042	
9.370217	
9.380317	
9.390488	
9.400607	
9.410695	
9.420791	
9.431381	
9.441064	
9.451199	
9.461366	
9.471435	
9.481589	
9.491721	
9.501885	
9.512014	
9.522181	
9.532232	
9.542377	
9.552734	
9.562623	
9.572724	
9.582885	
9.593054	
9.60315	
9.613287	
9.623401	
9.633548	
9.643677	
9.653793	
9.663962	
9.674139	
9.684205	
9.694337	
9.704461	
9.714658	
9.724742	
9.735	
9.745067	
9.755158	
9.765316	
9.775431	
9.785577	
9.795735	
9.805843	
9.815978	
9.826169	
9.836236	
9.84637	
9.85652	
9.866971	
9.877046	
9.887165	
9.897456	
9.907624	
9.917743	
9.92785	
9.938028	
9.948116	
9.958398	
9.968355	
9.978559	
9.988596	
9.99872	
10.00884	
10.01902	
10.02917	
10.03926	
10.04939	
10.05953	
10.06962	
10.07984	
10.08993	
10.10002	
10.11013	
10.12028	
10.13051	
10.14056	
10.15064	
10.16085	
10.17119	
10.18103	
10.19115	
10.20127	
10.2114	
10.22152	
10.23167	
10.24178	
10.25197	
10.26204	
10.27217	
10.28235	
10.29248	
10.30256	
10.31272	
10.32286	
10.333	
10.34314	
10.35327	
10.36341	
10.37356	
10.38371	
10.39383	
10.40396	
10.41409	
10.4242	
10.43441	
10.44449	
10.45462	
10.46476	
10.47488	
10.48504	
10.50316	
10.50734	
10.51747	
10.52759	
10.53773	
10.54787	
10.55802	
10.56814	
10.57829	
10.5884	
10.5985	
10.60863	
10.61877	
10.62888	
10.639	
10.64915	
10.65925	
10.66965	
10.67951	
10.68962	
10.69982	
10.70989	
10.72002	
10.73018	
10.74031	
10.75046	
10.76056	
10.77106	
10.78082	
10.79089	
10.80109	
10.8112	
10.82131	
10.83144	
10.84156	
10.85174	
10.86179	
10.87979	
10.88399	
10.89409	
10.90425	
10.91444	
10.92452	
10.93465	
10.94478	
10.95492	
10.96503	
10.9774	
10.98526	
10.99538	
11.00549	
11.01569	
11.02584	
11.03595	
11.0461	
11.0562	
11.06643	
11.07648	
11.08661	
11.09675	
11.1069	
11.11703	
11.12718	
11.13731	
11.14742	
11.15757	
11.1677	
11.17783	
11.18796	
11.19809	
11.20839	
11.21875	
11.22884	
11.23894	
11.24915	
11.25922	
11.26962	
11.27946	
11.28957	
11.29973	
11.30981	
11.31996	
11.3301	
11.34019	
11.35029	
11.36836	
11.37253	
11.38268	
11.39278	
11.40293	
11.41308	
11.42317	
11.43335	
11.44348	
11.4536	
11.46375	
11.47391	
11.48406	
11.49418	
11.50431	
11.51448	
11.52457	
11.5347	
11.54486	
11.55498	
11.56512	
11.57533	
11.58539	
11.59553	
11.60564	
11.61577	
11.62592	
11.63603	
11.64616	
11.6563	
11.6665	
11.67658	
11.68671	
11.69686	
11.70698	
11.71712	
11.72726	
11.73747	
11.74763	
11.75764	
11.76773	
11.77791	
11.78804	
11.79816	
11.80829	
11.8185	
11.82854	
11.83867	
11.84879	
11.85894	
11.86902	
11.87917	
11.88932	
11.89939	
11.90953	
11.91964	
11.92977	
11.93997	
11.95004	
11.96019	
11.97034	
11.98926	
11.99342	
12.00353	
12.0137	
12.02386	
12.03397	
12.0441	
12.05423	
12.0644	
12.07457	
12.08466	
12.09478	
12.1049	
12.11505	
12.12517	
12.13531	
12.14541	
12.15555	
12.1657	
12.1758	
12.18594	
12.19607	
12.20619	
12.21635	
12.22656	
12.2366	
12.24673	
12.25688	
12.26701	
12.27718	
12.28728	
12.29741	
12.30755	
12.31764	
12.32781	
12.33803	
12.34816	
12.35827	
12.36839	
12.37859	
12.38866	
12.39874	
12.40889	
12.41901	
12.42923	
12.43927	
12.4511	
12.45949	
12.4696	
12.47996	
12.48988	
12.50003	
12.51013	
12.52026	
12.53051	
12.54056	
12.55064	
12.56079	
12.57085	
12.58101	
12.59113	
12.60127	
12.61136	
12.62148	
12.6316	
12.6418	
12.65205	
12.66209	
12.67222	
12.68241	
12.69251	
12.70264	
12.71277	
12.72292	
12.73305	
12.7432	
12.75337	
12.76349	
12.77363	
12.78374	
12.79388	
12.80405	
12.81412	
12.82432	
12.83452	
12.84458	
12.85466	
12.86484	
12.87497	
12.8851	
12.8952	
12.90531	
12.91549	
12.92559	
12.93571	
12.94584	
12.95606	
12.96614	
12.97626	
12.9865	
12.99652	
13.00665	
13.01676	
13.02695	
13.03706	
13.04719	
13.05733	
13.06745	
13.07759	
13.08771	
13.09784	
13.10808	
13.11814	
13.12826	
13.13844	
13.14848	
13.15864	
13.16875	
13.17893	
13.189	
13.19916	
13.21011	
13.21957	
13.22967	
13.2398	
13.24994	
13.26011	
13.2702	
13.28032	
13.29057	
13.30062	
13.31071	
13.32087	
13.33098	
13.34109	
13.35118	
13.36136	
13.37146	
13.38158	
13.39167	
13.40179	
13.42026	
13.42443	
13.43464	
13.44469	
13.45481	
13.46495	
13.47509	
13.48523	
13.49536	
13.50551	
13.51564	
13.52578	
13.53589	
13.54603	
13.55622	
13.56632	
13.57639	
13.58663	
13.59708	
13.60719	
13.61736	
13.62764	
13.63758	
13.64766	
13.65784	
13.66804	
13.67809	
13.68822	
13.69834	
13.70846	
13.71859	
13.7287	
13.73906	
13.74898	
13.7592	
13.76929	
13.77935	
13.78947	
13.79957	
13.8097	
13.81983	
13.82995	
13.84012	
13.85023	
13.86036	
13.8784	
13.88274	
13.89276	
13.90292	
13.91307	
13.92318	
13.93333	
13.94348	
13.95361	
13.96374	
13.97386	
13.99405	
13.99822	
14.00833	
14.01851	
14.02864	
14.03875	
14.04886	
14.05902	
14.06918	
14.07926	
14.08941	
14.09951	
14.10962	
14.11976	
14.12987	
14.14001	
14.15116	
14.16061	
14.17072	
14.18078	
14.19127	
14.20101	
14.21115	
14.22126	
14.23135	
14.24156	
14.25262	
14.26181	
14.27196	
14.28203	
14.29219	
14.30249	
14.31263	
14.3228	
14.33289	
14.34299	
14.35316	
14.36332	
14.37343	
14.38358	
14.39368	
14.40382	
14.41394	
14.42408	
14.43426	
14.44438	
14.4545	
14.46466	
14.47482	
14.4849	
14.49505	
14.50518	
14.51533	
14.52545	
14.53557	
14.54571	
14.55586	
14.56613	
14.57606	
14.58624	
14.59637	
14.60647	
14.61661	
14.62682	
14.63687	
14.64695	
14.65711	
14.66726	
14.6774	
14.68752	
14.69766	
14.70779	
14.71793	
14.72805	
14.7383	
14.74833	
14.75841	
14.76857	
14.77879	
14.78884	
14.79896	
14.80913	
14.81923	
14.82934	
14.83945	
14.84981	
14.85971	
14.86981	
14.87997	
14.89006	
14.90026	
14.91034	
14.92834	
14.9325	
14.94264	
14.95278	
14.96299	
14.97307	
14.98651	
14.99336	
15.00343	
15.01355	
15.02367	
15.03386	
15.04398	
15.0541	
15.06426	
15.07434	
15.08453	
15.09467	
15.1048	
15.11497	
15.12507	
15.13519	
15.14533	
15.15545	
15.16558	
15.1757	
15.18585	
15.19601	
15.20608	
15.21625	
15.22633	
15.24624	
15.2505	
15.26062	
15.27068	
15.28078	
15.29129	
15.30107	
15.31117	
15.32133	
15.33142	
15.34154	
15.35165	
15.36179	
15.37198	
15.38205	
15.39214	
15.40233	
15.41246	
15.42261	
15.43274	
15.44291	
15.453	
15.46313	
15.47326	
15.4835	
15.49353	
15.50367	
15.51384	
15.52396	
15.5341	
15.54426	
15.55438	
15.5645	
15.57459	
15.58475	
15.59493	
15.60503	
15.61516	
15.62533	
15.63548	
15.64555	
15.65572	
15.66584	
15.67594	
15.68611	
15.69626	
15.70637	
15.71671	
15.7266	
15.73675	
15.74695	
15.75698	
15.76715	
15.77732	
15.78744	
15.79756	
15.80768	
15.81778	
15.82796	
15.83808	
15.84821	
15.85834	
15.86849	
15.87859	
15.8887	
15.89886	
15.90894	
15.91907	
15.92922	
15.93934	
15.94946	
15.95957	
15.96973	
15.97981	
15.99971	
16.00388	
16.01399	
16.02416	
16.03433	
16.04446	
16.05459	
16.06472	
16.07492	
16.08499	
16.0951	
16.10525	
16.11538	
16.12552	
16.1357	
16.14604	
16.15623	
16.16631	
16.1764	
16.18671	
16.19671	
16.20683	
16.21694	
16.2271	
16.23739	
16.24734	
16.25752	
16.26762	
16.27776	
16.28786	
16.29807	
16.3082	
16.3183	
16.32842	
16.33856	
16.34871	
16.35881	
16.36892	
16.37913	
16.38917	
16.39928	
16.40947	
16.41955	
16.42967	
16.43978	
16.44994	
16.46006	
16.47018	
16.48029	
16.4905	
16.50062	
16.51411	5.53433374	5.53269373	4.46095625	4.45931624	
16.52402	5.53602026	5.53269373	4.46264277	4.45931624	
16.53409	5.53834374	5.53269373	4.46496625	4.45931624	
16.5442	5.54129573	5.53269373	4.46791824	4.46804289	
16.5544	5.54490026	5.53269373	4.47152277	4.46804289	
16.56453	5.54909185	5.53269373	4.47571436	4.47676953	
16.57463	5.55388307	5.53269373	4.48050558	4.47676953	
16.58479	5.55932582	5.53269373	4.48594833	4.48549618	
16.59496	5.56538965	5.53269373	4.49201216	4.48549618	
16.60506	5.5720263	5.53269373	4.49864881	4.49422282	
16.61525	5.57934566	5.53269373	4.50596817	4.49422282	
16.62542	5.58727398	5.53269373	4.51389649	4.49422282	
16.63554	5.59576922	5.53269373	4.52239173	4.49422282	
16.64563	5.60485057	5.53269373	4.53147308	4.49422282	
16.65576	5.61460028	5.53269373	4.54122279	4.49422282	
16.66592	5.62498163	5.53269373	4.55160414	4.49422282	
16.67605	5.63594883	5.53269373	4.56257134	4.49422282	
16.68616	5.64750915	5.53269373	4.57413166	4.49422282	
16.6963	5.65972796	5.53269373	4.58635047	4.49422282	
16.7064	5.67250044	5.53269373	4.59912295	4.49422282	
16.71664	5.68609727	5.53269373	4.61271978	4.49422282	
16.72674	5.70009336	5.53269373	4.62671587	4.49422282	
16.73684	5.71471734	5.53269373	4.64133985	4.49422282	
16.74706	5.73015045	5.53269373	4.65677296	4.49422282	
16.75706	5.74583224	5.53269373	4.67245475	4.50294947	
16.76727	5.76248702	5.53269373	4.68910953	4.50294947	
16.7774	5.77960373	5.53269373	4.70622624	4.50294947	
16.78754	5.79737018	5.53269373	4.72399269	4.50294947	
16.79765	5.81570798	5.54142038	4.74233049	4.50294947	
16.80774	5.83460491	5.55014702	4.76122742	4.51167612	
16.81804	5.85453605	5.55014702	4.78115856	4.52040276	
16.82815	5.87470673	5.55887367	4.80132924	4.52040276	
16.83824	5.89546252	5.56760031	4.82208503	4.52912941	
16.84839	5.91695342	5.57632696	4.84357593	4.53785606	
16.85849	5.93894912	5.59378025	4.86557163	4.55530935	
16.86866	5.96170145	5.6025069	4.88832396	4.56403599	
16.87877	5.984942	5.61996019	4.91156451	4.58148929	
16.88887	6.00879314	5.63741348	4.93541565	4.59894258	
16.89902	6.03337022	5.65486678	4.95999273	4.60766923	
16.90956	6.05956543	5.67232007	4.98618794	4.63384916	
16.91937	6.08448388	5.68977336	5.01110639	4.65130246	
16.92952	6.11092655	5.70722665	5.03754906	4.66875575	
16.93956	6.1376546	5.73340659	5.06427711	4.69493569	
16.94967	6.16521757	5.75958653	5.09184008	4.71238898	
16.95987	6.19363046	5.78576647	5.12025297	4.73856892	
16.9701	6.22276435	5.81194641	5.14938686	4.76474886	
16.98005	6.25166571	5.83812635	5.17828822	4.7909288	
16.99226	6.28818005	5.86430629	5.21480256	4.81710874	
17.00028	6.31238338	5.89048623	5.23900589	4.85201532	
17.01947	6.37325252	5.92539281	5.29987503	4.88692191	
17.02378	6.38681195	5.96902604	5.31343446	4.93055514	
17.03394	6.41962309	6.00393263	5.3462456	4.96546172	
17.04407	6.45295851	6.03883921	5.37958102	5.00909495	
17.05415	6.48675115	6.0737458	5.41337366	5.04400154	
17.06433	6.52149364	6.10865238	5.44811615	5.08763477	
17.07457	6.55708615	6.14355897	5.48370866	5.12254135	
17.08462	6.59258666	6.1871922	5.51920917	5.16617459	
17.09474	6.62896899	6.22209878	5.5555915	5.20108117	
17.10484	6.66587589	6.26573201	5.5924984	5.2447144	
17.11508	6.70395419	6.3006386	5.6305767	5.28834763	
17.12552	6.74344822	6.33554518	5.67007073	5.33198086	
17.1353	6.78097467	6.37917842	5.70759718	5.3756141	
17.14539	6.82030286	6.42281165	5.74692537	5.41924733	
17.15552	6.86039546	6.46644488	5.78701797	5.46288056	
17.16568	6.90127998	6.51007811	5.82790249	5.50651379	
17.17582	6.94266379	6.54498469	5.8692863	5.55014702	
17.18597	6.98472368	6.59734457	5.91134619	5.6025069	
17.19611	7.02732047	6.6409778	5.95394298	5.64614013	
17.20619	7.07028522	6.68461104	5.99690773	5.68977336	
17.22682	7.16149237	6.78060414	6.08811488	5.79449312	
17.23115	7.18051912	6.79805744	6.10714163	5.81194641	
17.24126	7.22574422	6.84169067	6.15236673	5.86430629	
17.25139	7.27168411	6.89405055	6.19830662	5.90793952	
17.26153	7.3182772	6.93768378	6.24489971	5.9602994	
17.27164	7.36535403	6.99004365	6.29197654	6.01265927	
17.282	7.41424673	7.03367689	6.34086924	6.06501915	
17.29195	7.46180086	7.08603676	6.38842337	6.11737903	
17.30201	7.51044217	7.13839664	6.43706468	6.16973891	
17.31249	7.56184191	7.19075652	6.48846442	6.22209878	
17.32348	7.61646884	7.2431164	6.54309135	6.28318531	
17.33361	7.6674316	7.30420292	6.59405411	6.33554518	
17.34373	7.71889671	7.34783615	6.64551922	6.38790506	
17.35386	7.77106979	7.40892267	6.6976923	6.44026494	
17.36395	7.82367314	7.46128255	6.75029565	6.49262482	
17.37413	7.87729024	7.52236908	6.80391275	6.55371134	
17.38426	7.93130025	7.57472895	6.85792276	6.60607122	
17.39437	7.98584906	7.62708883	6.91247157	6.66715774	
17.40455	8.04135555	7.68817536	6.96797806	6.72824427	
17.41461	8.09686122	7.74926188	7.02348373	6.78060414	
17.42483	8.15384183	7.80162176	7.08046434	6.84169067	
17.43506	8.21153494	7.86270828	7.13815745	6.89405055	
17.44511	8.26875072	7.9237948	7.19537323	6.95513707	
17.45688	8.33673281	7.99360797	7.26335532	7.02495024	
17.46703	8.39583162	8.04596785	7.32245413	7.08603676	
17.47707	8.45501498	8.11578102	7.38163749	7.14712329	
17.48739	8.51638736	8.17686755	7.44300987	7.20820981	
17.49738	8.5764813	8.23795407	7.50310381	7.26056969	
17.50751	8.63793905	8.29031395	7.56456156	7.33038286	
17.51761	8.69989328	8.36012712	7.62651579	7.39146938	
17.52785	8.76149673	8.42121364	7.68811924	7.45255591	
17.53796	8.82188686	8.48230016	7.74850937	7.51364243	
17.54807	8.88116887	8.54338669	7.80779138	7.57472895	
17.55822	8.94028797	8.60447321	7.86691048	7.64454212	
17.56839	8.9995424	8.67428638	7.92616491	7.70562865	
17.57843	9.05628518	8.73537291	7.98290769	7.76671517	
17.5886	9.11374487	8.79645943	8.04036738	7.8278017	
17.59873	9.17034528	8.84881931	8.09696779	7.88888822	
17.60885	9.22624674	8.91863248	8.15286925	7.95870139	
17.61899	9.2817211	8.979719	8.20834361	8.01978791	
17.62953	9.33869567	9.04080553	8.26531818	8.08087444	
17.6394	9.39142074	9.1106187	8.31804325	8.14196096	
17.64937	9.44412762	9.16297857	8.37075013	8.20304748	
17.65948	9.496946	9.23279174	8.42356851	8.26413401	
17.66983	9.55036838	9.29387827	8.47699089	8.32522053	
17.67975	9.60102799	9.35496479	8.5276505	8.38630706	
17.68987	9.6520878	9.40732467	8.57871031	8.44739358	
17.70001	9.70263103	9.47713784	8.62925354	8.49975346	
17.7101	9.75230639	9.52949772	8.6789289	8.56083998	
17.72024	9.80163441	9.59058424	8.72825692	8.6219265	
17.73052	9.85102478	9.65167076	8.77764729	8.67428638	
17.74075	9.89947036	9.70403064	8.82609287	8.73537291	
17.7507	9.94609267	9.75639052	8.87271518	8.78773278	
17.76091	9.99325977	9.81747704	8.91988228	8.84881931	
17.77131	10.0407158	9.86983692	8.96733829	8.90117919	
17.78105	10.0845647	9.9221968	9.01118719	8.95353906	
17.79123	10.1297894	9.96583003	9.05641191	9.00589894	
17.80133	10.1740475	10.0181899	9.10067003	9.05825882	
17.81146	10.2178407	10.0705498	9.14446322	9.1106187	
17.82162	10.2611174	10.1229097	9.18773989	9.15425193	
17.83213	10.3052993	10.1665429	9.23192183	9.2066118	
17.84199	10.3460927	10.2189028	9.2727152	9.25024504	
17.85203	10.3870911	10.262536	9.31371358	9.30260491	
17.86214	10.4277484	10.3148959	9.35437093	9.34623814	
17.87254	10.4689201	10.3585291	9.39554263	9.38987138	
17.88264	10.508314	10.4021623	9.43493655	9.43350461	
17.89273	10.5470943	10.4457956	9.47371683	9.47713784	
17.90289	10.5855202	10.4894288	9.5121427	9.52077107	
17.91303	10.6232785	10.5243354	9.54990102	9.5644043	
17.9232	10.6604832	10.5766953	9.58710569	9.59931089	
17.93336	10.6970792	10.6116019	9.62370166	9.64294412	
17.9435	10.7330012	10.6552351	9.65962369	9.6778507	
17.95365	10.7683242	10.6988683	9.69494676	9.72148393	
17.96374	10.802875	10.7337749	9.72949754	9.75639052	
17.97392	10.8370982	10.7686815	9.76372072	9.7912971	
17.98403	10.8705133	10.8123147	9.79713584	9.82620369	
18.00396	10.933453	10.8821279	9.86007549	9.88729021	
18.00825	10.9470821	10.8995812	9.8737046	9.90474351	
18.01848	10.9788211	10.9344878	9.90544363	9.93092344	
18.02924	11.0115057	10.9693943	9.9381282	9.96583003	
18.03875	11.0398537	10.9955743	9.96647622	9.99200997	
18.04884	11.0693759	11.0304809	9.99599845	10.0181899	
18.05901	11.0984999	11.0653875	10.0251224	10.0530965	
18.06926	11.1272351	11.0915674	10.0538576	10.0792764	
18.07927	11.1547258	11.1177473	10.0813484	10.1054564	
18.08938	11.1818905	11.1526539	10.108513	10.1316363	
18.09948	11.2084403	11.1788339	10.1350629	10.1578162	
18.10958	11.2343947	11.2050138	10.1610172	10.1839962	
18.11982	11.2601129	11.2311937	10.1867354	10.2101761	
18.13056	11.2863866	11.2573737	10.2130091	10.2276294	
18.14002	11.3090388	11.2922803	10.2356613	10.2538094	
18.15011	11.332595	11.3097336	10.2592176	10.2712626	
18.16025	11.3556791	11.3359135	10.2823016	10.2974426	
18.17043	11.3782548	11.3620934	10.3048773	10.3148959	
18.18105	11.4011383	11.3795467	10.3277608	10.3323492	
18.1907	11.4214268	11.397	10.3480493	10.3585291	
18.20083	11.4421245	11.42318	10.368747	10.3759824	
18.21099	11.4622766	11.4406332	10.3888992	10.3934357	
18.22106	11.4816817	11.4580865	10.4083042	10.410889	
18.23181	11.5017188	11.4755398	10.4283413	10.4283423	
18.2414	11.5190892	11.4929931	10.4457117	10.4370689	
18.25153	11.5368568	11.5017198	10.4634793	10.4545222	
18.26186	11.5543524	11.5191731	10.4809749	10.4719755	
18.27172	11.5704937	11.5366264	10.4971162	10.4894288	
18.29016	11.5983532	11.5628063	10.5249757	10.5068821	
18.29449	11.6049493	11.5628063	10.5315718	10.5156087	
18.30462	11.6197153	11.5715329	10.5463378	10.5243354	
18.31478	11.6338559	11.5889862	10.5604784	10.533062	
18.32504	11.6476013	11.5977129	10.5742238	10.5417887	
18.33572	11.6612558	11.6064395	10.5878784	10.559242	
18.34592	11.6737358	11.6151662	10.6003583	10.559242	
18.356	11.6855092	11.6238928	10.6121317	10.5679686	
18.36612	11.6967667	11.6326195	10.6233892	10.5766953	
18.37622	11.7074511	11.6413461	10.6340736	10.5854219	
18.3864	11.7176619	11.6413461	10.6442844	10.5854219	
18.39656	11.7272914	11.6413461	10.6539139	10.5941486	
18.40666	11.7363158	11.6413461	10.6629383	10.5941486	
18.41679	11.7448284	11.6500728	10.6714509	10.6028752	
18.42689	11.7527737	11.6500728	10.6793962	10.6028752	
18.43712	11.7602736	11.6587994	10.6868961	10.6028752	
18.44725	11.7671757	11.6587994	10.6937982	10.6028752	
18.45737	11.7735399	11.6587994	10.7001624	10.6028752	
18.46752	11.7794129	11.6587994	10.7060354	10.6028752	
18.4776	11.7847348	11.6587994	10.7113573	10.6028752	
18.4878	11.789616	11.6587994	10.7162385	10.6028752	
18.49794	11.7939723	11.6587994	10.7205948	10.6028752	
18.50805	11.797846	11.6587994	10.7244685	10.6028752	
18.51816	11.8012546	11.6587994	10.7278771	10.6028752	
18.52848	11.8042658	11.6587994	10.7308883	10.6028752	
18.53851	11.8067803	11.6587994	10.7334028	10.6028752	
18.54868	11.8089144	11.6587994	10.7355369	10.6028752	
18.55876	11.8106561	11.6587994	10.7372787	10.6028752	
18.56886	11.8158837	11.6587994	10.7425062	10.6028752	
18.579	11.8158837	11.6587994	10.7425062	10.6028752	
18.58918	11.8158837	11.6587994	10.7425062	10.6028752	
18.59964	11.8158837	11.6587994	10.7425062	10.6028752	
18.60977	11.8158837	11.6587994	10.7425062	10.6028752	
18.61985	11.8158837	11.6587994	10.7425062	10.6028752	
18.62999	11.8158837	11.6587994	10.7425062	10.6028752	
18.64019	11.8158837	11.6587994	10.7425062	10.6028752	
18.65027	11.8158837	11.6587994	10.7425062	10.6028752	
18.66044	11.8158837	11.6587994	10.7425062	10.6028752	
18.67055	11.8158837	11.6587994	10.7425062	10.6028752	
18.68104	11.8158837	11.6587994	10.7425062	10.6028752	
18.69078	11.8158837	11.6587994	10.7425062	10.6028752	
18.70089	11.8158837	11.6587994	10.7425062	10.6028752	
18.71101	11.8158837	11.6587994	10.7425062	10.6028752	
18.72111	11.8158837	11.6587994	10.7425062	10.6028752	
18.73131	11.8158837	11.6587994	10.7425062	10.6028752	
18.74155	11.8158837	11.6587994	10.7425062	10.6028752	
18.75156	11.8158837	11.6587994	10.7425062	10.6028752	
18.76173	11.8158837	11.6587994	10.7425062	10.6028752	
18.77178	11.8158837	11.6587994	10.7425062	10.6028752	
18.79022	11.8158837	11.6587994	10.7425062	10.6028752	
18.79454	11.8158837	11.6587994	10.7425062	10.6028752	
18.80471	11.8158837	11.6587994	10.7425062	10.6028752	
18.81483	11.8158837	11.6587994	10.7425062	10.6028752	
18.82492	11.8158837	11.6587994	10.7425062	10.6028752	
18.83515	11.8158837	11.6587994	10.7425062	10.6028752	
18.84527	11.8158837	11.6587994	10.7425062	10.6028752	
18.85541	11.8158837	11.6587994	10.7425062	10.6028752	
18.86554	11.8158837	11.6587994	10.7425062	10.6028752	
18.87563	11.8158837	11.6587994	10.7425062	10.6028752	
18.88581	11.8158837	11.6587994	10.7425062	10.6028752	
18.89589	11.8158837	11.6587994	10.7425062	10.6028752	
18.9061	11.8158837	11.6587994	10.7425062	10.6028752	
18.91622	11.8158837	11.6587994	10.7425062	10.6028752	
18.92629	11.8158837	11.6587994	10.7425062	10.6028752	
18.93646	11.8158837	11.6587994	10.7425062	10.6028752	
18.94678	11.8158837	11.6587994	10.7425062	10.6028752	
18.9568	11.8158837	11.6587994	10.7425062	10.6028752	
18.9669	11.8158837	11.6587994	10.7425062	10.6028752	
18.97704	11.8158837	11.6587994	10.7425062	10.6028752	
18.98739	11.8158837	11.6587994	10.7425062	10.6028752	
19.00659	11.8158837	11.6587994	10.7425062	10.6028752	
19.01093	11.8158837	11.6587994	10.7425062	10.6028752	
19.02103	11.8158837	11.6587994	10.7425062	10.6028752	
19.03115	11.8158837	11.6587994	10.7425062	10.6028752	
19.04163	11.8158837	11.6587994	10.7425062	10.6028752	
19.05153	11.8158837	11.6587994	10.7425062	10.6028752	
19.06161	11.8158837	11.6587994	10.7425062	10.6028752	
19.07171	11.8158837	11.6587994	10.7425062	10.6028752	
19.08189	11.8158837	11.6587994	10.7425062	10.6028752	
19.1002	11.8158837	11.6587994	10.7425062	10.6028752	
19.10453	11.8158837	11.6587994	10.7425062	10.6028752	
19.11468	11.8158837	11.6587994	10.7425062	10.6028752	
19.12483	11.8158837	11.6587994	10.7425062	10.6028752	
19.13493	11.8158837	11.6587994	10.7425062	10.6028752	
19.14551	11.8158837	11.6587994	10.7425062	10.6028752	
19.15569	11.8158837	11.6587994	10.7425062	10.6028752	
19.16582	11.8158837	11.6587994	10.7425062	10.6028752	
19.17593	11.8158837	11.6587994	10.7425062	10.6028752	
19.18606	11.8158837	11.6587994	10.7425062	10.6028752	
19.19621	11.8158837	11.6587994	10.7425062	10.6028752	
19.20629	11.8158837	11.6587994	10.7425062	10.6028752	
19.22599	11.8158837	11.6587994	10.7425062	10.6028752	
19.23031	11.8158837	11.6587994	10.7425062	10.6028752	
19.24894	11.8158837	11.6587994	10.7425062	10.6028752	
19.25334	11.8158837	11.6587994	10.7425062	10.6028752	
19.26346	11.8158837	11.6587994	10.7425062	10.6028752	
19.27362	11.8158837	11.6587994	10.7425062	10.6028752	
19.28371	11.8158837	11.6587994	10.7425062	10.6028752	
19.29389	11.8158837	11.6587994	10.7425062	10.6028752	
19.30401	11.8158837	11.6587994	10.7425062	10.6028752	
19.31416	11.8158837	11.6587994	10.7425062	10.6028752	
19.32429	11.8158837	11.6587994	10.7425062	10.6028752	
19.33439	11.8158837	11.6587994	10.7425062	10.6028752	
19.34584	11.8158837	11.6587994	10.7425062	10.6028752	
19.3547	11.8158837	11.6587994	10.7425062	10.6028752	
19.36489	11.8158837	11.6587994	10.7425062	10.6028752	
19.37502	11.8158837	11.6587994	10.7425062	10.6028752	
19.38512	11.8158837	11.6587994	10.7425062	10.6028752	
19.3953	11.8158837	11.6587994	10.7425062	10.6028752	
19.40541	11.8158837	11.6587994	10.7425062	10.6028752	
19.41553	11.8158837	11.6587994	10.7425062	10.6028752	
19.42568	11.8158837	11.6587994	10.7425062	10.6028752	
19.43578	11.8158837	11.6587994	10.7425062	10.6028752	
19.44701	11.8158837	11.6587994	10.7425062	10.6028752	
19.45612	11.8158837	11.6587994	10.7425062	10.6028752	
19.46623	11.8158837	11.6587994	10.7425062	10.6028752	
19.47656	11.8158837	11.6587994	10.7425062	10.6028752	
19.48663	11.8158837	11.6587994	10.7425062	10.6028752	
19.4967	11.8158837	11.6587994	10.7425062	10.6028752	
19.50679	11.8158837	11.6587994	10.7425062	10.6028752	
19.51694	11.8158837	11.6587994	10.7425062	10.6028752	
19.52707	11.8158837	11.6587994	10.7425062	10.6028752	
19.53715	11.8158837	11.6587994	10.7425062	10.6028752	
19.54831	11.8158837	11.6587994	10.7425062	10.6028752	
19.55746	11.8158837	11.6587994	10.7425062	10.6028752	
19.56759	11.8158837	11.6587994	10.7425062	10.6028752	
19.57767	11.8158837	11.6587994	10.7425062	10.6028752	
19.5878	11.8158837	11.6587994	10.7425062	10.6028752	
19.60609	11.8158837	11.6587994	10.7425062	10.6028752	
19.61052	11.8158837	11.6587994	10.7425062	10.6028752	
19.62061	11.8158837	11.6587994	10.7425062	10.6028752	
19.63069	11.8158837	11.6587994	10.7425062	10.6028752	
19.64106	11.8158837	11.6587994	10.7425062	10.6028752	
19.65216	11.8158837	11.6587994	10.7425062	10.6028752	
19.66232	11.8158837	11.6587994	10.7425062	10.6028752	
19.67244	11.8158837	11.6587994	10.7425062	10.6028752	
19.68254	11.8158837	11.6587994	10.7425062	10.6028752	
19.69278	11.8158837	11.6587994	10.7425062	10.6028752	
19.70288	11.8158837	11.6587994	10.7425062	10.6028752	
19.71302	11.8158837	11.6587994	10.7425062	10.6028752	
19.7232	11.8158837	11.6587994	10.7425062	10.6028752	
19.73329	11.8158837	11.6587994	10.7425062	10.6028752	
19.74354	11.8158837	11.6587994	10.7425062	10.6028752	
19.75358	11.8158837	11.6587994	10.7425062	10.6028752	
19.76374	11.8158837	11.6587994	10.7425062	10.6028752	
19.77385	11.8158837	11.6587994	10.7425062	10.6028752	
19.78399	11.8158837	11.6587994	10.7425062	10.6028752	
19.79415	11.8158837	11.6587994	10.7425062	10.6028752	
19.80428	11.8158837	11.6587994	10.7425062	10.6028752	
19.8144	11.8158837	11.6587994	10.7425062	10.6028752	
19.82455	11.8158837	11.6587994	10.7425062	10.6028752	
19.83469	11.8158837	11.6587994	10.7425062	10.6028752	
19.84481	11.8158837	11.6587994	10.7425062	10.6028752	
19.85504	11.8158837	11.6587994	10.7425062	10.6028752	
19.8652	11.8158837	11.6587994	10.7425062	10.6028752	
19.8754	11.8158837	11.6587994	10.7425062	10.6028752	
19.88545	11.8158837	11.6587994	10.7425062	10.6028752	
19.89572	11.8158837	11.6587994	10.7425062	10.6028752	
19.90591	11.8158837	11.6587994	10.7425062	10.6028752	
19.91602	11.8158837	11.6587994	10.7425062	10.6028752	
19.92615	11.8158837	11.6587994	10.7425062	10.6028752	
19.93627	11.8158837	11.6587994	10.7425062	10.6028752	
19.94638	11.8158837	11.6587994	10.7425062	10.6028752	
19.95663	11.8158837	11.6587994	10.7425062	10.6028752	
19.96675	11.8158837	11.6587994	10.7425062	10.6028752	
19.97687	11.8158837	11.6587994	10.7425062	10.6028752	
19.98717	11.8158837	11.6587994	10.7425062	10.6028752	
19.99959	11.8158837	11.6587994	10.7425062	10.6028752	
20.00722	11.8158837	11.6587994	10.7425062	10.6028752	
20.01734	11.8158837	11.6587994	10.7425062	10.6028752	
20.0275	11.8158837	11.6587994	10.7425062	10.6028752	
20.03762	11.8158837	11.6587994	10.7425062	10.6028752	
20.04771	11.8158837	11.6587994	10.7425062	10.6028752	
20.05821	11.8158837	11.6587994	10.7425062	10.6028752	
20.06831	11.8158837	11.6587994	10.7425062	10.6028752	
20.07842	11.8158837	11.6587994	10.7425062	10.6028752	
20.08853	11.8158837	11.6587994	10.7425062	10.6028752	
20.09866	11.8158837	11.6587994	10.7425062	10.6028752	
20.10888	11.8158837	11.6587994	10.7425062	10.6028752	
20.11895	11.8158837	11.6587994	10.7425062	10.6028752	
20.12913	11.8158837	11.6587994	10.7425062	10.6028752	
20.13924	11.8158837	11.6587994	10.7425062	10.6028752	
20.14967	11.8158837	11.6587994	10.7425062	10.6028752	
20.15952	11.8158837	11.6587994	10.7425062	10.6028752	
20.16965	11.8158837	11.6587994	10.7425062	10.6028752	
20.17976	11.8158837	11.6587994	10.7425062	10.6028752	
20.18986	11.8158837	11.6587994	10.7425062	10.6028752	
20.20001	11.8158837	11.6587994	10.7425062	10.6028752	
20.21019	11.8158837	11.6587994	10.7425062	10.6028752	
20.22028	11.8158837	11.6587994	10.7425062	10.6028752	
20.23045	11.8158837	11.6587994	10.7425062	10.6028752	
20.24056	11.8158837	11.6587994	10.7425062	10.6028752	
20.25119	11.8158837	11.6587994	10.7425062	10.6028752	
20.2609	11.8158837	11.6587994	10.7425062	10.6028752	
20.27097	11.8158837	11.6587994	10.7425062	10.6028752	
20.2811	11.8158837	11.6587994	10.7425062	10.6028752	
20.29124	11.8158837	11.6587994	10.7425062	10.6028752	
20.30163	11.8158837	11.6587994	10.7425062	10.6028752	
20.3115	11.8158837	11.6587994	10.7425062	10.6028752	
20.32159	11.8158837	11.6587994	10.7425062	10.6028752	
20.33172	11.8158837	11.6587994	10.7425062	10.6028752	
20.34186	11.8158837	11.6587994	10.7425062	10.6028752	
20.36046	11.8158837	11.6587994	10.7425062	10.6028752	
20.36513	11.8158837	11.6587994	10.7425062	10.6028752	
20.37498	11.8158837	11.6587994	10.7425062	10.6028752	
20.38513	11.8158837	11.6587994	10.7425062	10.6028752	
20.39529	11.8158837	11.6587994	10.7425062	10.6028752	
20.40541	11.8158837	11.6587994	10.7425062	10.6028752	
20.41551	11.8158837	11.6587994	10.7425062	10.6028752	
20.42574	11.8158837	11.6587994	10.7425062	10.6028752	
20.43584	11.8158837	11.6587994	10.7425062	10.6028752	
20.44592	11.8158837	11.6587994	10.7425062	10.6028752	
20.4561	11.8158837	11.6587994	10.7425062	10.6028752	
20.46664	11.8158837	11.6587994	10.7425062	10.6028752	
20.47643	11.8158837	11.6587994	10.7425062	10.6028752	
20.48655	11.8158837	11.6587994	10.7425062	10.6028752	
20.49667	11.8158837	11.6587994	10.7425062	10.6028752	
20.50683	11.8158837	11.6587994	10.7425062	10.6028752	
20.51698	11.8158837	11.6587994	10.7425062	10.6028752	
20.52714	11.8158837	11.6587994	10.7425062	10.6028752	
20.53724	11.8158837	11.6587994	10.7425062	10.6028752	
20.54743	11.8158837	11.6587994	10.7425062	10.6028752	
20.55752	11.8158837	11.6587994	10.7425062	10.6028752	
20.57579	11.8158837	11.6587994	10.7425062	10.6028752	
20.58013	11.8158837	11.6587994	10.7425062	10.6028752	
20.59027	11.8158837	11.6587994	10.7425062	10.6028752	
20.60041	11.8158837	11.6587994	10.7425062	10.6028752	
20.61879	11.8158837	11.6587994	10.7425062	10.6028752	
20.62314	11.8158837	11.6587994	10.7425062	10.6028752	
20.63328	11.8158837	11.6587994	10.7425062	10.6028752	
20.64344	11.8158837	11.6587994	10.7425062	10.6028752	
20.65351	11.8158837	11.6587994	10.7425062	10.6028752	
20.66419	11.8158837	11.6587994	10.7425062	10.6028752	
20.67436	11.8158837	11.6587994	10.7425062	10.6028752	
20.68447	11.8158837	11.6587994	10.7425062	10.6028752	
20.69458	11.8158837	11.6587994	10.7425062	10.6028752	
20.7047	11.8158837	11.6587994	10.7425062	10.6028752	
20.71487	11.8158837	11.6587994	10.7425062	10.6028752	
20.72506	11.8158837	11.6587994	10.7425062	10.6028752	
20.73516	11.8158837	11.6587994	10.7425062	10.6028752	
20.74541	11.8158837	11.6587994	10.7425062	10.6028752	
20.75559	11.8158837	11.6587994	10.7425062	10.6028752	
20.76575	11.8158837	11.6587994	10.7425062	10.6028752	
20.77591	11.8158837	11.6587994	10.7425062	10.6028752	
20.78605	11.8158837	11.6587994	10.7425062	10.6028752	
20.79618	11.8158837	11.6587994	10.7425062	10.6028752	
20.80625	11.8158837	11.6587994	10.7425062	10.6028752	
20.81644	11.8158837	11.6587994	10.7425062	10.6028752	
20.82656	11.8158837	11.6587994	10.7425062	10.6028752	
20.8524	11.8158837	11.6587994	10.7425062	10.6028752	
