3.92408	
3.932278	
3.942401	
3.952488	
3.96266	
3.972769	
3.984854	
3.993089	
4.003124	
4.013239	
4.023414	
4.033535	
4.043684	
4.053812	
4.063986	
4.07407	
4.08417	
4.094426	
4.112479	
4.116662	
4.126784	
4.137328	
4.147078	
4.15711	
4.167272	
4.177391	
4.187498	
4.197635	
4.208024	
4.217879	
4.227986	
4.238138	
4.248284	
4.258363	
4.268524	
4.278624	
4.288733	
4.298846	
4.308958	
4.319122	
4.329258	
4.339372	
4.349495	
4.359746	
4.36978	
4.379925	
4.390058	
4.400199	
4.410332	
4.420507	
4.430635	
4.440766	
4.450907	
4.461027	
4.471175	
4.481259	
4.491415	
4.501557	
4.51175	
4.521831	
4.531962	
4.542098	
4.552252	
4.56237	
4.572499	
4.582654	
4.592776	
4.602904	
4.61303	
4.623357	
4.633284	
4.643549	
4.653534	
4.663777	
4.673833	
4.683947	
4.694084	
4.704216	
4.714376	
4.724503	
4.734613	
4.744754	
4.754845	
4.765014	
4.775161	
4.785298	
4.79543	
4.80551	
4.815759	
4.825815	
4.835962	
4.84608	
4.856198	
4.866318	
4.87644	
4.886607	
4.896694	
4.907012	
4.916946	
4.927109	
4.937473	
4.947341	
4.957448	
4.967614	
4.977671	
4.997777	
5.001928	
5.012059	
5.022216	
5.032363	
5.04246	
5.06235	
5.066535	
5.076669	
5.086777	
5.096935	
5.107101	
5.117213	
5.127296	
5.137422	
5.147741	
5.15768	
5.167844	
5.177906	
5.188015	
5.198299	
5.20834	
5.218426	
5.22859	
5.23867	
5.248796	
5.258937	
5.269049	
5.279223	
5.289361	
5.299446	
5.309977	
5.319839	
5.32985	
5.339965	
5.350124	
5.36028	
5.370401	
5.380538	
5.390672	
5.400804	
5.410935	
5.421076	
5.431351	
5.441465	
5.451601	
5.461745	
5.471904	
5.48196	
5.49212	
5.50225	
5.51238	
5.522508	
5.532642	
5.542765	
5.552922	
5.563043	
5.57317	
5.583348	
5.593481	
5.60361	
5.613743	
5.623921	
5.634003	
5.644238	
5.654249	
5.664409	
5.674538	
5.684661	
5.694786	
5.704939	
5.715045	
5.725171	
5.735283	
5.745432	
5.755569	
5.765685	
5.776023	
5.786079	
5.796208	
5.806289	
5.816449	
5.82657	
5.836673	
5.846796	
5.85693	
5.867097	
5.877198	
5.887331	
5.897451	
5.907763	
5.917698	
5.927893	
5.937937	
5.948064	
5.958252	
5.968358	
5.978431	
5.99063	
5.999151	
6.008773	
6.018898	
6.029044	
6.039179	
6.049362	
6.059428	
6.069558	
6.095652	
6.100652	
6.110087	
6.120239	
6.130286	
6.140414	
6.150622	
6.160714	
6.170851	
6.18098	
6.191112	
6.201324	
6.212324	
6.221577	
6.231688	
6.241775	
6.251903	
6.26209	
6.272242	
6.282361	
6.292479	
6.302641	
6.31278	
6.322897	
6.333029	
6.343168	
6.355112	
6.363441	
6.373546	
6.383653	
6.393815	
6.403973	
6.41409	
6.424286	
6.434366	
6.444452	
6.45466	
6.464764	
6.474873	
6.484964	
6.495091	
6.513295	
6.517489	
6.527587	
6.537733	
6.547839	
6.557997	
6.568204	
6.586103	
6.590249	
6.600376	
6.61056	
6.620668	
6.630821	
6.640943	
6.651068	
6.661226	
6.671358	
6.681513	
6.69165	
6.701782	
6.71201	
6.722068	
6.732153	
6.742297	
6.752445	
6.762555	
6.772688	
6.782828	
6.792942	
6.803074	
6.813203	
6.823344	
6.833525	
6.851677	
6.855916	
6.865975	
6.876127	
6.886242	
6.896369	
6.906569	
6.924763	31.3316403	31.3286601	30.3368026	30.3338224	
6.929137	31.3322891	31.3286601	30.3374514	30.3338224	
6.939212	31.3345658	31.3286601	30.3397281	30.3338224	
6.949417	31.337503	31.3286601	30.3426653	30.3338224	
6.959516	31.3410159	31.3286601	30.3461782	30.342549	
6.96967	31.3451698	31.3286601	30.3503321	30.342549	
6.980152	31.350127	31.3286601	30.3552893	30.342549	
6.992311	31.3568302	31.3286601	30.3619925	30.3512757	
7.000329	31.3615299	31.3286601	30.3666922	30.3512757	
7.010444	31.3681394	31.3286601	30.3733017	30.3512757	
7.020624	31.3754181	31.3373867	30.3805804	30.3600023	
7.030821	31.3833336	31.3373867	30.388496	30.3600023	
7.040875	31.3917341	31.3373867	30.3968965	30.368729	
7.060672	31.4112175	31.3461134	30.4163798	30.3774556	
7.064994	31.4153787	31.3461134	30.420541	30.3774556	
7.075128	31.4259356	31.3461134	30.4310979	30.3774556	
7.08524	31.4370823	31.3461134	30.4422447	30.3861823	
7.095419	31.448928	31.35484	30.4540903	30.3861823	
7.105506	31.461273	31.35484	30.4664354	30.3861823	
7.11679	31.4759015	31.35484	30.4810638	30.3861823	
7.125834	31.488034	31.35484	30.4931963	30.3861823	
7.13604	31.5023968	31.35484	30.5075591	30.3861823	
7.146092	31.5171474	31.35484	30.5223097	30.3861823	
7.156239	31.5326549	31.35484	30.5378173	30.3861823	
7.166342	31.5487079	31.3635667	30.5538702	30.3861823	
7.176455	31.5653942	31.3635667	30.5705565	30.3861823	
7.186571	31.5826889	31.3635667	30.5878512	30.3861823	
7.19665	31.6005394	31.3722933	30.6057018	30.3861823	
7.206786	31.6191093	31.38102	30.6242716	30.3861823	
7.218037	31.640523	31.3897466	30.6456853	30.3861823	
7.227114	31.6582136	31.3984732	30.6633759	30.3861823	
7.237223	31.6785796	31.3984732	30.683742	30.3949089	
7.247321	31.6995244	31.4159265	30.7046867	30.3949089	
7.257598	31.7215017	31.4246532	30.726664	30.4036356	
7.267604	31.7434658	31.4333798	30.7486282	30.4123622	
7.277722	31.7663047	31.4421065	30.7714671	30.4210889	
7.287902	31.7899025	31.4595598	30.7950648	30.4385422	
7.297946	31.8137907	31.4682864	30.8189531	30.4559954	
7.308095	31.8385626	31.4857397	30.843725	30.4734487	
7.319404	31.8669693	31.503193	30.8721316	30.490902	
7.328413	31.8899942	31.5206463	30.8951565	30.5083553	
7.338575	31.9166495	31.5380996	30.9218118	30.5345353	
7.348633	31.9436222	31.5468262	30.9487845	30.5519886	
7.358753	31.9713857	31.5730062	30.9765481	30.5781685	
7.369052	32.0002939	31.5904595	31.0054562	30.6043484	
7.379061	32.0289665	31.6079128	31.0341288	30.6305284	
7.397599	32.0846293	31.6428193	31.0897917	30.6828883	
7.401942	32.0975642	31.6602726	31.1027265	30.6916149	
7.412047	32.1285299	31.6777259	31.1336922	30.7177948	
7.430381	32.1871728	31.7126325	31.1923351	30.7527014	
7.434732	32.2009953	31.7475391	31.2061576	30.7963347	
7.444878	32.2341007	31.7824457	31.239263	30.8312412	
7.455001	32.2676984	31.8173523	31.2728607	30.8661478	
7.4651	32.3018443	31.8435322	31.3070066	30.9097811	
7.475264	32.3368387	31.8784388	31.3420011	30.9446876	
7.485365	32.3723273	31.922072	31.3774896	30.9883209	
7.496008	32.4102139	31.9569786	31.4153762	31.0319541	
7.506029	32.4465396	31.9918852	31.4517019	31.0668607	
7.516156	32.4841928	32.0355184	31.4893551	31.1192206	
7.526441	32.5224904	32.0791517	31.5276527	31.1628538	
7.536459	32.5606258	32.1227849	31.5657881	31.206487	
7.546565	32.5997388	32.1664181	31.6049011	31.2501203	
7.556723	32.6396777	32.2100513	31.64484	31.2937535	
7.566977	32.6806402	32.2536846	31.6858025	31.3461134	
7.576966	32.7211026	32.2973178	31.7262649	31.3897466	
7.587075	32.7626844	32.340951	31.7678467	31.4421065	
7.597199	32.8049433	32.3933109	31.8101057	31.4857397	
7.607303	32.8477264	32.4456708	31.8528887	31.5293729	
7.617579	32.8918898	32.489304	31.8970521	31.5904595	
7.627649	32.9357749	32.5416639	31.9409372	31.6340927	
7.637736	32.9803138	32.5852971	31.9854761	31.6864526	
7.648042	33.0264866	32.6463837	32.0316489	31.7388124	
7.658337	33.0732504	32.6900169	32.0784127	31.7911723	
7.668134	33.1183187	32.7423768	32.123481	31.8435322	
7.678317	33.1657585	32.7947366	32.1709208	31.8958921	
7.688425	33.2134684	32.8558232	32.2186307	31.948252	
7.698558	33.2619372	32.908183	32.2670996	32.0093385	
7.708593	33.3105241	32.9605429	32.3156864	32.0616984	
7.718951	33.3613486	33.0129028	32.366511	32.1140582	
7.728923	33.4108449	33.0739893	32.4160072	32.1664181	
7.73908	33.4618892	33.1263492	32.4670515	32.218778	
7.7492	33.5133453	33.1787091	32.5185076	32.2798645	
7.759302	33.565358	33.231069	32.5705203	32.3322244	
7.76953	33.6186352	33.2834288	32.6237976	32.3933109	
7.779675	33.6720739	33.3445154	32.6772362	32.4456708	
7.789799	33.7260321	33.3968752	32.7311944	32.4980307	
7.799989	33.7809617	33.4579618	32.786124	32.5591172	
7.810059	33.8358711	33.5103216	32.8410334	32.6114771	
7.820274	33.8921739	33.5626815	32.8973362	32.6725636	
7.830496	33.9491931	33.623768	32.9543554	32.7336501	
7.840617	34.0061816	33.6848546	33.0113439	32.78601	
7.850735	34.0638069	33.7372144	33.0689693	32.8470965	
7.860977	34.122801	33.8070276	33.1279633	32.908183	
7.871023	34.1812078	33.8593875	33.1863701	32.9692696	
7.881158	34.2407865	33.9117474	33.2459488	33.0303561	
7.891287	34.3009333	33.9815605	33.3060957	33.0914426	
7.901462	34.361982	34.0339204	33.3671443	33.1525291	
7.911733	34.4242425	34.1037336	33.4294048	33.204889	
7.921869	34.4862908	34.1560935	33.4914531	33.2659755	
7.932093	34.5495264	34.2259066	33.5546888	33.3357887	
7.942229	34.6128192	34.2869932	33.6179816	33.3881486	
7.952395	34.6769076	34.3480797	33.6820699	33.4579618	
7.962443	34.7408667	34.4004396	33.7460291	33.5103216	
7.972639	34.8064028	34.4702527	33.8115651	33.5801348	
7.982766	34.8720956	34.5400659	33.8772579	33.6412213	
7.994857	34.9515315	34.6011524	33.9566939	33.7023079	
8.002974	35.0050797	34.6622389	34.0102421	33.7633944	
8.013095	35.0725749	34.7233255	34.0777372	33.8244809	
8.023225	35.1407528	34.784412	34.1459151	33.8942941	
8.033524	35.2107373	34.8542252	34.2158996	33.9641072	
8.043562	35.2794975	34.9240383	34.2846599	34.0251938	
8.053687	35.3494923	34.9938515	34.3546546	34.0862803	
8.063795	35.4199749	35.054938	34.4251372	34.1560935	
8.074134	35.4927525	35.1247512	34.4979148	34.2259066	
8.084083	35.5633184	35.1858377	34.5684807	34.2957198	
8.094251	35.6360937	35.2556509	34.641256	34.365533	
8.104406	35.7093797	35.3254641	34.7145421	34.4353461	
8.114474	35.7826433	35.3952772	34.7878057	34.4964327	
8.124627	35.8571614	35.4650904	34.8623237	34.5662458	
8.134868	35.9329648	35.5349036	34.9381271	34.6447857	
8.144949	36.0081667	35.6047167	35.013329	34.7145988	
8.155079	36.0843512	35.6745299	35.0895135	34.784412	
8.165215	36.161205	35.7443431	35.1663673	34.8542252	
8.175352	36.2386984	35.8228829	35.2438607	34.932765	
8.185585	36.3175414	35.9014227	35.3227037	35.0025781	
8.1957	36.3964627	35.9712359	35.401625	35.081118	
8.205855	36.4755445	36.0497757	35.4807068	35.1509311	
8.216008	36.555614	36.1283155	35.5607763	35.2207443	
8.226138	36.6367761	36.2068553	35.6419384	35.2992841	
8.236237	36.7170168	36.2853951	35.7221791	35.3778239	
8.246383	36.7988798	36.3726616	35.8040421	35.4476371	
8.25651	36.8811959	36.4512014	35.8863582	35.5349036	
8.266629	36.9640857	36.5297412	35.969248	35.6134434	
8.276732	37.0474815	36.6170077	36.0526438	35.6919832	
8.286913	37.1320869	36.7042742	36.1372492	35.770523	
8.297011	37.2166451	36.7740873	36.2218074	35.8490628	
8.307131	37.3019772	36.8613538	36.3071395	35.9363293	
8.317237	37.3878206	36.9486203	36.3929829	36.0235958	
8.328612	37.4853322	37.0271601	36.4904945	36.1021356	
8.337651	37.5631386	37.1144265	36.5683009	36.189402	
8.347947	37.6525165	37.1929664	36.6576789	36.2679419	
8.357853	37.7390606	37.2802328	36.7442229	36.3552083	
8.368046	37.8287176	37.3674993	36.8338799	36.4424748	
8.3781	37.9178517	37.4547657	36.9230141	36.5384679	
8.388309	38.0088819	37.5420322	37.0140442	36.6170077	
8.398387	38.0993846	37.620572	37.1045469	36.7130008	
8.408537	38.1912088	37.7078385	37.1963712	36.8002673	
8.418595	38.2827325	37.795105	37.2878948	36.8962604	
8.42984	38.3859702	37.8910981	37.3911325	36.9835268	
8.438923	38.4696724	37.9783645	37.4748348	37.0707933	
8.448999	38.5631887	38.065631	37.568351	37.1667864	
8.459132	38.6578703	38.1528974	37.6630326	37.2627795	
8.469223	38.7527974	38.2401639	37.7579597	37.350046	
8.479375	38.8489186	38.336157	37.8540809	37.4460391	
8.489591	38.9463028	38.4234235	37.9514652	37.5420322	
8.499695	39.0431521	38.5194166	38.0483144	37.6380253	
8.509798	39.1406328	38.6066831	38.1457951	37.7340184	
8.519981	39.2395198	38.7026762	38.2446822	37.8300115	
8.53103	39.3476667	38.7986693	38.352829	37.9260046	
8.540382	39.4395761	38.8946624	38.4447384	38.0219978	
8.550474	39.5393735	38.9906555	38.5445358	38.1267175	
8.560615	39.640354	39.077922	38.6455163	38.2227106	
8.570714	39.7414769	39.1826417	38.7466392	38.3187037	
8.580909	39.8441977	39.2873615	38.84936	38.4234235	
8.591031	39.9467954	39.3833546	38.9519577	38.5194166	
8.6012	40.0505426	39.4793477	39.055705	38.6241363	
8.611333	40.1544762	39.5840674	39.1596385	38.7288561	
8.621429	40.2586403	39.6887872	39.2638026	38.8335759	
8.63223	40.3709175	39.7935069	39.3760798	38.9382956	
8.641836	40.4711663	39.8982267	39.4763286	39.0430154	
8.65192	40.5770297	40.0029465	39.582192	39.1477351	
8.66204	40.6839289	40.1076662	39.6890912	39.2524549	
8.6722	40.7918819	40.212386	39.7970443	39.3659013	
8.682312	40.8999372	40.3171057	39.9050995	39.470621	
8.692458	41.008942	40.4218255	40.0141043	39.5753408	
8.702666	41.1192726	40.5265452	40.1244349	39.6800605	
8.712775	41.2291326	40.6399916	40.2342949	39.7847803	
8.722858	41.3392972	40.7447114	40.3444595	39.8895001	
8.733428	41.4555802	40.8581578	40.4607425	40.0029465	
8.74322	41.5637415	40.9628775	40.5689038	40.1076662	
8.753292	41.6756134	41.0763239	40.6807757	40.2211126	
8.763417	41.7887018	41.1897703	40.7938641	40.334559	
8.773555	41.9025635	41.3119434	40.9077258	40.4480054	
8.783682	42.0169621	41.4166631	41.0221244	40.5614518	
8.794003	42.1341627	41.5301096	41.139325	40.6748982	
8.804109	42.2495052	41.643556	41.2546675	40.7883446	
8.814263	42.3660616	41.7570024	41.371224	40.901791	
8.824384	42.4828184	41.8704488	41.4879807	41.0152374	
8.834648	42.6020133	41.9838952	41.6071756	41.1374105	
8.844959	42.7221709	42.0973416	41.7273332	41.2508569	
8.854838	42.8378746	42.2195146	41.8430369	41.3643033	
8.864951	42.9570355	42.3242344	41.9621979	41.4777497	
8.875035	43.0764405	42.4464074	42.0816028	41.5911961	
8.885211	43.1975709	42.5685805	42.2027332	41.7133691	
8.895379	43.3192022	42.6820269	42.3243646	41.8268155	
8.905515	43.4411387	42.8041999	42.4463011	41.9402619	
8.915627	43.5624227	42.9176463	42.5675851	42.062435	
8.926061	43.6887827	43.048546	42.6939451	42.1758814	
8.937072	43.8198347	43.1619924	42.8249971	42.3067811	
8.946067	43.9277267	43.2928921	42.9328891	42.4202275	
8.956164	44.0488667	43.4063385	43.0540291	42.5424005	
8.966279	44.1702707	43.5372382	43.1754331	42.6645736	
8.976384	44.2915667	43.6506846	43.2967291	42.7954733	
8.986496	44.4128507	43.7815843	43.4180131	42.9089197	
9.006489	44.6528267	44.0259304	43.6579891	43.1619924	
9.010981	44.7066827	44.0695636	43.7118451	43.2143523	
9.020962	44.8264307	44.2004633	43.8315931	43.3365253	
9.031138	44.9485307	44.3226364	43.9536931	43.4586984	
9.041277	45.0734267	44.4448094	44.0785891	43.5895981	
9.061447	45.3122987	44.6978821	44.3174611	43.8426708	
9.065915	45.3658667	44.7415154	44.3710291	43.8950307	
9.076035	45.4872707	44.8724151	44.4924331	44.0172037	
9.086215	45.6095147	44.9945881	44.6146771	44.1481034	
9.096345	45.7310507	45.1167612	44.7362131	44.2790031	
9.106407	45.8517587	45.2389342	44.8569211	44.4011762	
9.124561	46.0696787	45.3611073	45.0748411	44.5320759	
9.128883	46.1214827	45.5181869	45.1266451	44.6804289	
9.140429	46.2601427	45.6403599	45.2653051	44.8200552	
9.149229	46.3656347	45.7712596	45.3707971	44.9422282	
9.159313	46.4866547	45.9021593	45.4918171	45.0731279	
9.169431	46.6080827	46.0243324	45.6132451	45.2040276	
9.179504	46.7288987	46.1552321	45.7340611	45.3349273	
9.197926	46.9500587	46.3821249	45.9552211	45.5618201	
9.202278	47.0022107	46.4432114	46.0073731	45.6229066	
9.212424	47.1239747	46.5653844	46.1291371	45.7450797	
9.2228	47.2484627	46.6962841	46.2536251	45.8759794	
9.232864	47.3692427	46.8271838	46.3744051	46.0068791	
9.24412	47.5043987	46.9668102	46.5095611	46.1465054	
9.254219	47.6254907	47.0889832	46.6306531	46.2774051	
9.264426	47.7479867	47.2198829	46.7531491	46.3995782	
9.274485	47.8686707	47.3507826	46.8738331	46.5304779	
9.284587	47.9899067	47.4729557	46.9950691	46.6526509	
9.294787	48.1123307	47.5951287	47.1174931	46.774824	
9.304901	48.2336867	47.7260284	47.2388491	46.9057236	
9.315041	48.3553787	47.8482014	47.3605411	47.0278967	
9.325174	48.4770107	47.9791011	47.4821731	47.1500697	
9.335272	48.5981387	48.1012742	47.6033011	47.2722428	
9.353587	48.8180387	48.2234472	47.8232011	47.4031425	
9.357981	48.8706587	48.3718002	47.8758211	47.5427688	
9.368201	48.9933227	48.5026999	47.9984851	47.6736685	
9.386214	49.2095387	48.6161463	48.2147011	47.7958416	
9.39059	49.2619907	48.7732259	48.2671531	47.9441946	
9.400729	49.3836227	48.895399	48.3887851	48.0663676	
9.411005	49.5069587	49.017572	48.5121211	48.179814	
9.420993	49.6267907	49.1397451	48.6319531	48.301987	
9.431114	49.7482787	49.2706448	48.7534411	48.4241601	
9.442341	49.8830987	49.3928178	48.8882611	48.5463331	
9.451428	49.9920107	49.5149909	48.9971731	48.6685062	
9.461557	50.1135587	49.6371639	49.1187211	48.7906792	
9.471689	50.2351547	49.759337	49.2403171	48.9128523	
9.481811	50.3565827	49.88151	49.3617451	49.043752	
9.491967	50.4784907	50.0036831	49.4836531	49.165925	
9.502121	50.6003147	50.1258561	49.6054771	49.2880981	
9.512353	50.7231467	50.2480292	49.7283091	49.4102711	
9.522411	50.8437827	50.3702022	49.8489451	49.5324442	
9.53281	50.9686307	50.4923753	49.9737931	49.6546172	
9.543562	51.0977267	50.6058217	50.1028891	49.7767903	
9.552905	51.2097467	50.7279947	50.2149091	49.8989633	
9.563013	51.3310307	50.8501678	50.3361931	50.0211364	
9.573134	51.4524947	50.9723408	50.4576571	50.1433094	
9.583222	51.5735747	51.0857872	50.5787371	50.2654825	
9.593398	51.6956867	51.2079603	50.7008491	50.3876555	
9.603521	51.8171627	51.3301333	50.8223251	50.5098286	
9.613697	51.9392507	51.4523063	50.9444131	50.6320016	
9.623807	52.0605707	51.5744794	51.0657331	50.7541746	
9.63389	52.1815427	51.6966524	51.1867051	50.8763477	
9.644771	52.3122467	51.8188255	51.3174091	50.9985207	
9.654265	52.4261027	51.9322719	51.4312651	51.1206938	
9.664413	52.5478427	52.0544449	51.5530051	51.2428668	
9.674494	52.6688147	52.176618	51.6739771	51.3650399	
9.684586	52.7899067	52.298791	51.7950691	51.4872129	
9.694796	52.9124627	52.4122374	51.9176251	51.609386	
9.704894	53.0336027	52.5431371	52.0387651	51.731559	
9.715035	53.1552947	52.6565835	52.1604571	51.8537321	
9.725147	53.2766507	52.7874832	52.2818131	51.9759051	
9.735265	53.3980547	52.9009296	52.4032171	52.0980782	
9.74606	53.5276907	53.0318293	52.5328531	52.2202512	
9.75561	53.6422187	53.1452757	52.6473811	52.3424243	
9.765798	53.7644747	53.2761754	52.7696371	52.4645973	
9.775853	53.8851347	53.3896218	52.8902971	52.5780437	
9.786188	54.0091907	53.5205215	53.0143531	52.7089434	
9.796304	54.1306067	53.6339679	53.1357691	52.8311165	
9.806223	54.2495627	53.756141	53.2547251	52.9445629	
9.816395	54.3716267	53.878314	53.3767891	53.0667359	
9.826631	54.4945307	54.0004871	53.4996931	53.188909	
9.836569	54.6137627	54.1226601	53.6189251	53.3023554	
9.847267	54.7422347	54.2448332	53.7473971	53.4245284	
9.856926	54.8579987	54.3670062	53.8631611	53.5467015	
9.86703	54.9792587	54.4804526	53.9844211	53.6688745	
9.877128	55.1004467	54.6026256	54.1056091	53.7910475	
9.88725	55.2219347	54.7247987	54.2270971	53.9044939	
9.897483	55.3437848	54.8469717	54.3489471	54.026667	
9.907492	55.4623431	54.9604181	54.4675054	54.1401134	
9.917709	55.5828332	55.0913178	54.5879955	54.2622864	
9.927789	55.7010146	55.2134909	54.7061769	54.3844595	
9.937901	55.8190324	55.3356639	54.8241947	54.4979059	
9.948474	55.9418191	55.457837	54.9469814	54.6200789	
9.958271	56.0549144	55.5887367	55.0600767	54.7335253	
9.96839	56.1711217	55.7021831	55.176284	54.8556984	
9.978428	56.2857911	55.8330828	55.2909534	54.9778714	
9.988578	56.401204	55.9465292	55.4063664	55.1000445	
10.00888	56.6289554	56.1908753	55.6341177	55.3356639	
10.01322	56.6777066	56.2432351	55.682869	55.3880238	
10.02337	56.7908982	56.3654082	55.7960605	55.5101969	
10.03346	56.9029611	56.4875812	55.9081235	55.6236433	
10.04358	57.0147032	56.6010276	56.0198656	55.7458163	
10.05417	57.1309968	56.714474	56.1361591	55.8592627	
10.06395	57.2377134	56.8366471	56.2428757	55.9814358	
10.07405	57.34745	56.9500935	56.3526123	56.0948822	
10.0842	57.4569977	57.0635399	56.4621601	56.2170552	
10.09431	57.5655935	57.1857129	56.5707558	56.3305016	
10.10448	57.6742384	57.2991593	56.6794007	56.443948	
10.11462	57.7818474	57.4038791	56.7870097	56.5661211	
10.12475	57.8888361	57.5260521	56.8939984	56.6795675	
10.1349	57.9953711	57.6394985	57.0005335	56.7930139	
10.145	58.100798	57.7529449	57.1059603	56.9064603	
10.15552	58.2100415	57.8576647	57.2152038	57.0199067	
10.16535	58.3113571	57.9711111	57.3165194	57.1333531	
10.17544	58.4148462	58.0845575	57.4200085	57.2467995	
10.18558	58.5183274	58.1892773	57.5234898	57.3515192	
10.19567	58.6206347	58.3027237	57.6257971	57.4649656	
10.20588	58.723466	58.4074434	57.7286284	57.5696854	
10.21598	58.8245774	58.5208898	57.8297397	57.6831318	
10.2261	58.9253703	58.6168829	57.9305326	57.7878515	
10.23616	59.0249862	58.7216027	58.0301485	57.8925713	
10.2463	59.1247223	58.8350491	58.1298846	57.9885644	
10.25657	59.2252044	58.9397688	58.2303667	58.0932842	
10.26665	59.3230288	59.0444886	58.3281912	58.1980039	
10.27676	59.420692	59.1404817	58.4258543	58.3027237	
10.28691	59.518024	59.2452015	58.5231863	58.3987168	
10.29735	59.6175786	59.3499212	58.6227409	58.5034365	
10.30715	59.7104243	59.4459143	58.7155867	58.5994296	
10.31727	59.8057607	59.5419074	58.810923	58.7041494	
10.32746	59.9011099	59.6379005	58.9062722	58.8001425	
10.33751	59.9945175	59.7426203	58.9996799	58.887409	
10.34763	60.0879943	59.8386134	59.0931566	58.9921287	
10.35813	60.1843605	59.9346065	59.1895228	59.0881218	
10.36793	60.2736841	60.021873	59.2788464	59.1753883	
10.37805	60.3652816	60.1265927	59.3704439	59.2713814	
10.3882	60.4565577	60.2138592	59.46172	59.3586479	
10.39881	60.5513434	60.3011257	59.5565057	59.4459143	
10.40845	60.6368811	60.3971188	59.6420434	59.5419074	
10.41861	60.7264865	60.4931119	59.7316488	59.6291739	
10.42868	60.8145958	60.5803783	59.8197581	59.7164404	
10.43875	60.9022085	60.6676448	59.9073708	59.8037068	
10.44913	60.9918344	60.7549113	59.9969967	59.8909733	
10.45914	61.0777341	60.8421777	60.0828964	59.9782397	
10.46922	61.1634608	60.9294442	60.1686231	60.0567796	
10.47932	61.2489555	61.0167106	60.2541179	60.144046	
10.48943	61.3337701	61.1039771	60.3389324	60.2225858	
10.49961	61.4186978	61.1912436	60.4238602	60.3098523	
10.51758	61.5661563	61.3483232	60.5713187	60.4582053	
10.52203	61.6026432	61.3832298	60.6078055	60.4931119	
10.53217	61.6852345	61.4704963	60.6903968	60.562925	
10.54228	61.7669532	61.5577627	60.7721156	60.6501915	
10.55247	61.8487415	61.6363025	60.8539038	60.7287313	
10.56263	61.9296236	61.723569	60.934786	60.8072711	
10.57274	62.0094735	61.8021088	61.0146358	60.885811	
10.58295	62.0895877	61.8806486	61.09475	60.9643508	
10.593	62.1678155	61.9679151	61.1729778	61.0428906	
10.60317	62.2463237	62.0464549	61.251486	61.1214304	
10.61332	62.32413	62.1162681	61.3292923	61.1999702	
10.62344	62.4010938	62.2035345	61.4062562	61.27851	
10.63359	62.4776606	62.2733477	61.4828229	61.3570499	
10.64366	62.5529603	62.3518875	61.5581227	61.4355897	
10.65385	62.6288717	62.4304273	61.6340341	61.5054028	
10.66403	62.7035906	62.5002405	61.7087529	61.5839427	
10.67413	62.7773332	62.5700537	61.7824955	61.6624825	
10.68429	62.8509742	62.6398669	61.8561366	61.7322956	
10.69441	62.9236217	62.7184067	61.928784	61.8108355	
10.70457	62.9960098	62.7882198	62.0011721	61.8806486	
10.71471	63.0676138	62.858033	62.0727761	61.9591884	
10.72482	63.1384521	62.9278462	62.1436144	62.0290016	
10.73496	63.2088784	62.9976594	62.2140408	62.0988148	
10.74508	63.2785142	63.0674725	62.2836766	62.168628	
10.75517	63.3473778	63.1372857	62.3525401	62.2384411	
10.76541	63.4166419	63.2070989	62.4218042	62.3169809	
10.77552	63.4844408	63.2681854	62.4896031	62.3867941	
10.78566	63.5518528	63.3379986	62.5570151	62.4566073	
10.7958	63.6185734	63.4078117	62.6237357	62.5176938	
10.80614	63.68649	63.4688982	62.6916523	62.587507	
10.81604	63.7500574	63.5387114	62.7552197	62.6573201	
10.82614	63.814774	63.5997979	62.8199364	62.7271333	
10.8363	63.8792209	63.6608845	62.8843832	62.7882198	
10.8464	63.942744	63.721971	62.9479063	62.858033	
10.85652	64.0058007	63.7917842	63.010963	62.9191195	
10.86674	64.0687821	63.8528707	63.0739444	62.9889327	
10.87692	64.1309386	63.9226839	63.1361009	63.0500192	
10.887	64.1919012	63.9837704	63.1970636	63.1111058	
10.89713	64.2525607	64.0448569	63.257723	63.1809189	
10.90752	64.3141278	64.1059434	63.3192901	63.2420054	
10.91738	64.3720322	64.1757566	63.3771945	63.303092	
10.92749	64.4307831	64.2368431	63.4359454	63.3641785	
10.93761	64.4889663	64.2979296	63.4941287	63.425265	
10.94773	64.5465026	64.3590162	63.5516649	63.4863515	
10.95786	64.6035597	64.4201027	63.608722	63.5474381	
10.96808	64.6605284	64.4811892	63.6656907	63.6085246	
10.97818	64.7161777	64.5335491	63.72134	63.6696111	
10.9883	64.7713566	64.5946356	63.7765189	63.721971	
11.00045	64.8366947	64.6557221	63.841857	63.7743309	
11.00909	64.8827132	64.708082	63.8878755	63.8354174	
11.01865	64.9331405	64.7691685	63.9383029	63.8877773	
11.02873	64.9857199	64.8215284	63.9908822	63.9401371	
11.03885	65.0378799	64.8738883	64.0430422	64.0012237	
11.05959	65.141657	64.9262482	64.1468193	64.0535835	
11.06461	65.1668723	65.004788	64.1720346	64.1233967	
11.07416	65.2140985	65.0571479	64.2192609	64.1757566	
11.08424	65.2633863	65.1182344	64.2685487	64.2281165	
11.09439	65.3124203	65.1618676	64.3175827	64.2717497	
11.10454	65.3608227	65.2229541	64.3659851	64.3241096	
11.11469	65.4086318	65.2665874	64.4137941	64.3677428	
11.1248	65.4556693	65.3189473	64.4608316	64.4201027	
11.13496	65.5023024	65.3625805	64.5074648	64.4724626	
11.14507	65.5481326	65.4149404	64.5532949	64.5073692	
11.15515	65.5932688	65.4673002	64.5984311	64.559729	
11.16615	65.6417621	65.5022068	64.6469245	64.6033623	
11.17546	65.6823167	65.5545667	64.687479	64.6469955	
11.18566	65.726133	65.6069266	64.7312954	64.6906287	
11.19583	65.7692177	65.6418332	64.7743801	64.734262	
11.20616	65.8126919	65.6854664	64.8178542	64.7691685	
11.21605	65.8530683	65.7290996	64.8582306	64.8128018	
11.22615	65.8940888	65.7727329	64.8992512	64.856435	
11.23623	65.9344206	65.8163661	64.9395829	64.8913416	
11.2464	65.9744958	65.8512727	64.9796581	64.9349748	
11.25653	66.0138478	65.8949059	65.0190101	64.9698814	
11.26713	66.0543631	65.9385391	65.0595254	65.004788	
11.27682	66.0908114	65.9734457	65.0959737	65.0484212	
11.28696	66.1284063	66.0083523	65.1335686	65.0833278	
11.29709	66.1653355	66.0519855	65.1704979	65.1182344	
11.30761	66.2030539	66.0868921	65.2082162	65.153141	
11.31731	66.2372958	66.1217987	65.2424581	65.1880476	
11.32744	66.2724482	66.1567053	65.2776105	65.2229541	
11.33758	66.307059	66.1916119	65.3122213	65.2578607	
11.34767	66.3409037	66.2177918	65.3460661	65.2840407	
11.35956	66.3799135	66.2526984	65.3850759	65.3189473	
11.36849	66.4088023	66.287605	65.4139646	65.3451272	
11.37803	66.4391194	66.3137849	65.4442817	65.3800338	
11.38825	66.4710027	66.3399649	65.4761651	65.4062137	
11.39832	66.5018246	66.3748715	65.506987	65.4411203	
11.4088	66.5332494	66.4010514	65.5384117	65.4673002	
11.41862	66.5621633	66.4272313	65.5673256	65.4847535	
11.4287	66.5912468	66.4446846	65.5964091	65.5196601	
11.43881	66.6198304	66.4795912	65.6249928	65.5458401	
11.44891	66.6477912	66.4970445	65.6529535	65.5632934	
11.45908	66.6753574	66.5232244	65.6805198	65.5894733	
11.46977	66.7036993	66.5494044	65.7088617	65.6156532	
11.47933	66.7284743	66.5668577	65.7336366	65.6418332	
11.48946	66.7541827	66.5930376	65.759345	65.6592865	
11.49958	66.7792598	66.6192175	65.7844221	65.6854664	
11.51774	66.8219689	66.6541241	65.8271312	65.7290996	
11.52219	66.8324999	66.6715774	65.8376622	65.7290996	
11.53233	66.8557286	66.6890307	65.8608909	65.7552796	
11.54246	66.8783621	66.7152107	65.8835244	65.7727329	
11.55265	66.900521	66.732664	65.9056833	65.7989128	
11.56296	66.9223493	66.7588439	65.9275116	65.8163661	
11.57342	66.9438886	66.7762972	65.9490509	65.8338194	
11.58332	66.9637074	66.7937505	65.9688698	65.8512727	
11.59342	66.9833494	66.8112038	65.9885117	65.868726	
11.60355	67.0024834	66.8286571	66.0076457	65.8861793	
11.61365	67.0209698	66.8461104	66.0261321	65.8949059	
11.62389	67.0391355	66.8635636	66.0442979	65.9123592	
11.634	67.0565029	66.8810169	66.0616653	65.9298125	
11.6441	67.0732653	66.8984702	66.0784276	65.9385391	
11.65424	67.0895383	66.9159235	66.0947006	65.9559924	
11.66441	67.1052678	66.9333768	66.1104301	65.9647191	
11.67459	67.1204632	66.9421035	66.1256255	65.9734457	
11.68469	67.1349391	66.9595568	66.1401014	65.990899	
11.69482	67.1489224	66.9682834	66.1540847	65.9996257	
11.70496	67.1623328	66.9857367	66.1674951	66.0083523	
11.71505	67.175132	66.9944633	66.1802943	66.0258056	
11.72522	67.1876493	67.00319	66.1928116	66.0345322	
11.73534	67.1991813	67.0206433	66.2043436	66.0432589	
11.74545	67.2103318	67.0293699	66.2154941	66.0519855	
11.75565	67.2210168	67.0380966	66.2261792	66.0607122	
11.76609	67.2313901	67.0380966	66.2365525	66.0694388	
11.776	67.2406846	67.0555499	66.2458469	66.0781655	
11.7861	67.2496239	67.0555499	66.2547863	66.0781655	
11.79623	67.2580625	67.0642765	66.2632248	66.0868921	
11.80633	67.2659378	67.0730032	66.2711001	66.0956188	
11.81652	67.2733525	67.0730032	66.2785149	66.0956188	
11.82662	67.2801757	67.0730032	66.285338	66.1043454	
11.83677	67.2865131	67.0730032	66.2916754	66.1043454	
11.84693	67.2923436	67.0730032	66.2975059	66.1043454	
11.857	67.2976269	67.0730032	66.3027892	66.1130721	
11.8675	67.302596	67.0730032	66.3077584	66.1130721	
11.88542	67.309231	67.0730032	66.3143933	66.1130721	
11.88992	67.3109558	67.0730032	66.3161181	66.1130721	
11.9	67.314252	67.0730032	66.3194144	66.1130721	
11.91008	67.317129	67.0730032	66.3222913	66.1130721	
11.92035	67.3196332	67.0730032	66.3247955	66.1130721	
11.93042	67.3217075	67.0730032	66.3268698	66.1130721	
11.94059	67.3234344	67.0730032	66.3285968	66.1130721	
11.95071	67.3286601	67.0730032	66.3338224	66.1130721	
11.96085	67.3286601	67.0730032	66.3338224	66.1130721	
11.97098	67.3286601	67.0730032	66.3338224	66.1130721	
11.98118	67.3286601	67.0730032	66.3338224	66.1130721	
11.9913	67.3286601	67.0730032	66.3338224	66.1130721	
12.00358	67.3286601	67.0730032	66.3338224	66.1130721	
12.01153	67.3286601	67.0730032	66.3338224	66.1130721	
12.02167	67.3286601	67.0730032	66.3338224	66.1130721	
12.03178	67.3286601	67.0730032	66.3338224	66.1130721	
12.04204	67.3286601	67.0730032	66.3338224	66.1130721	
12.05211	67.3286601	67.0730032	66.3338224	66.1130721	
12.06219	67.3286601	67.0730032	66.3338224	66.1130721	
12.07241	67.3286601	67.0730032	66.3338224	66.1130721	
12.08255	67.3286601	67.0730032	66.3338224	66.1130721	
12.09268	67.3286601	67.0730032	66.3338224	66.1130721	
12.10281	67.3286601	67.0730032	66.3338224	66.1130721	
12.11292	67.3286601	67.0730032	66.3338224	66.1130721	
12.1231	67.3286601	67.0730032	66.3338224	66.1130721	
12.13322	67.3286601	67.0730032	66.3338224	66.1130721	
12.14341	67.3286601	67.0730032	66.3338224	66.1130721	
12.15351	67.3286601	67.0730032	66.3338224	66.1130721	
12.1636	67.3286601	67.0730032	66.3338224	66.1130721	
12.17377	67.3286601	67.0730032	66.3338224	66.1130721	
12.18398	67.3286601	67.0730032	66.3338224	66.1130721	
12.19411	67.3286601	67.0730032	66.3338224	66.1130721	
12.20423	67.3286601	67.0730032	66.3338224	66.1130721	
12.21433	67.3286601	67.0730032	66.3338224	66.1130721	
12.22457	67.3286601	67.0730032	66.3338224	66.1130721	
12.23459	67.3286601	67.0730032	66.3338224	66.1130721	
12.24475	67.3286601	67.0730032	66.3338224	66.1130721	
12.2549	67.3286601	67.0730032	66.3338224	66.1130721	
12.265	67.3286601	67.0730032	66.3338224	66.1130721	
12.27518	67.3286601	67.0730032	66.3338224	66.1130721	
12.28536	67.3286601	67.0730032	66.3338224	66.1130721	
12.29549	67.3286601	67.0730032	66.3338224	66.1130721	
12.30561	67.3286601	67.0730032	66.3338224	66.1130721	
12.31578	67.3286601	67.0730032	66.3338224	66.1130721	
12.32614	67.3286601	67.0730032	66.3338224	66.1130721	
12.33602	67.3286601	67.0730032	66.3338224	66.1130721	
12.34616	67.3286601	67.0730032	66.3338224	66.1130721	
12.35629	67.3286601	67.0730032	66.3338224	66.1130721	
12.3664	67.3286601	67.0730032	66.3338224	66.1130721	
12.37763	67.3286601	67.0730032	66.3338224	66.1130721	
12.38673	67.3286601	67.0730032	66.3338224	66.1130721	
12.39689	67.3286601	67.0730032	66.3338224	66.1130721	
12.40695	67.3286601	67.0730032	66.3338224	66.1130721	
12.41723	67.3286601	67.0730032	66.3338224	66.1130721	
12.42752	67.3286601	67.0730032	66.3338224	66.1130721	
12.43749	67.3286601	67.0730032	66.3338224	66.1130721	
12.44762	67.3286601	67.0730032	66.3338224	66.1130721	
12.45796	67.3286601	67.0730032	66.3338224	66.1130721	
12.46785	67.3286601	67.0730032	66.3338224	66.1130721	
12.4789	67.3286601	67.0730032	66.3338224	66.1130721	
12.48823	67.3286601	67.0730032	66.3338224	66.1130721	
12.49866	67.3286601	67.0730032	66.3338224	66.1130721	
12.50876	67.3286601	67.0730032	66.3338224	66.1130721	
12.51887	67.3286601	67.0730032	66.3338224	66.1130721	
12.52908	67.3286601	67.0730032	66.3338224	66.1130721	
12.53916	67.3286601	67.0730032	66.3338224	66.1130721	
12.54926	67.3286601	67.0730032	66.3338224	66.1130721	
12.55942	67.3286601	67.0730032	66.3338224	66.1130721	
12.56951	67.3286601	67.0730032	66.3338224	66.1130721	
12.58857	67.3286601	67.0730032	66.3338224	66.1130721	
12.59296	67.3286601	67.0730032	66.3338224	66.1130721	
12.60306	67.3286601	67.0730032	66.3338224	66.1130721	
12.61319	67.3286601	67.0730032	66.3338224	66.1130721	
12.62333	67.3286601	67.0730032	66.3338224	66.1130721	
12.63349	67.3286601	67.0730032	66.3338224	66.1130721	
12.64381	67.3286601	67.0730032	66.3338224	66.1130721	
12.65387	67.3286601	67.0730032	66.3338224	66.1130721	
12.664	67.3286601	67.0730032	66.3338224	66.1130721	
12.67414	67.3286601	67.0730032	66.3338224	66.1130721	
12.68541	67.3286601	67.0730032	66.3338224	66.1130721	
12.69555	67.3286601	67.0730032	66.3338224	66.1130721	
12.70567	67.3286601	67.0730032	66.3338224	66.1130721	
12.71581	67.3286601	67.0730032	66.3338224	66.1130721	
12.72613	67.3286601	67.0730032	66.3338224	66.1130721	
12.73602	67.3286601	67.0730032	66.3338224	66.1130721	
12.74622	67.3286601	67.0730032	66.3338224	66.1130721	
12.75634	67.3286601	67.0730032	66.3338224	66.1130721	
12.76646	67.3286601	67.0730032	66.3338224	66.1130721	
12.77664	67.3286601	67.0730032	66.3338224	66.1130721	
12.79491	67.3286601	67.0730032	66.3338224	66.1130721	
12.79931	67.3286601	67.0730032	66.3338224	66.1130721	
12.8094	67.3286601	67.0730032	66.3338224	66.1130721	
12.81951	67.3286601	67.0730032	66.3338224	66.1130721	
12.83794	67.3286601	67.0730032	66.3338224	66.1130721	
12.84237	67.3286601	67.0730032	66.3338224	66.1130721	
12.85249	67.3286601	67.0730032	66.3338224	66.1130721	
12.86269	67.3286601	67.0730032	66.3338224	66.1130721	
12.87279	67.3286601	67.0730032	66.3338224	66.1130721	
12.88378	67.3286601	67.0730032	66.3338224	66.1130721	
12.89311	67.3286601	67.0730032	66.3338224	66.1130721	
12.90328	67.3286601	67.0730032	66.3338224	66.1130721	
12.91354	67.3286601	67.0730032	66.3338224	66.1130721	
12.92353	67.3286601	67.0730032	66.3338224	66.1130721	
12.93365	67.3286601	67.0730032	66.3338224	66.1130721	
12.94379	67.3286601	67.0730032	66.3338224	66.1130721	
12.95395	67.3286601	67.0730032	66.3338224	66.1130721	
12.96405	67.3286601	67.0730032	66.3338224	66.1130721	
12.97416	67.3286601	67.0730032	66.3338224	66.1130721	
12.98496	67.3286601	67.0730032	66.3338224	66.1130721	
12.99448	67.3286601	67.0730032	66.3338224	66.1130721	
13.01449	67.3286601	67.0730032	66.3338224	66.1130721	
13.01883	67.3286601	67.0730032	66.3338224	66.1130721	
13.02905	67.3286601	67.0730032	66.3338224	66.1130721	
13.03907	67.3286601	67.0730032	66.3338224	66.1130721	
13.05979	67.3286601	67.0730032	66.3338224	66.1130721	
13.06415	67.3286601	67.0730032	66.3338224	66.1130721	
13.07423	67.3286601	67.0730032	66.3338224	66.1130721	
13.08461	67.3286601	67.0730032	66.3338224	66.1130721	
13.09458	67.3286601	67.0730032	66.3338224	66.1130721	
13.10475	67.3286601	67.0730032	66.3338224	66.1130721	
13.11484	67.3286601	67.0730032	66.3338224	66.1130721	
13.12498	67.3286601	67.0730032	66.3338224	66.1130721	
13.13508	67.3286601	67.0730032	66.3338224	66.1130721	
13.14525	67.3286601	67.0730032	66.3338224	66.1130721	
13.15537	67.3286601	67.0730032	66.3338224	66.1130721	
13.16551	67.3286601	67.0730032	66.3338224	66.1130721	
13.17565	67.3286601	67.0730032	66.3338224	66.1130721	
13.1859	67.3286601	67.0730032	66.3338224	66.1130721	
13.19616	67.3286601	67.0730032	66.3338224	66.1130721	
13.20607	67.3286601	67.0730032	66.3338224	66.1130721	
13.21617	67.3286601	67.0730032	66.3338224	66.1130721	
13.2263	67.3286601	67.0730032	66.3338224	66.1130721	
13.23638	67.3286601	67.0730032	66.3338224	66.1130721	
13.24655	67.3286601	67.0730032	66.3338224	66.1130721	
13.25671	67.3286601	67.0730032	66.3338224	66.1130721	
13.27491	67.3286601	67.0730032	66.3338224	66.1130721	
13.27928	67.3286601	67.0730032	66.3338224	66.1130721	
13.29008	67.3286601	67.0730032	66.3338224	66.1130721	
13.29957	67.3286601	67.0730032	66.3338224	66.1130721	
13.30974	67.3286601	67.0730032	66.3338224	66.1130721	
13.31981	67.3286601	67.0730032	66.3338224	66.1130721	
13.32995	67.3286601	67.0730032	66.3338224	66.1130721	
13.34027	67.3286601	67.0730032	66.3338224	66.1130721	
13.35032	67.3286601	67.0730032	66.3338224	66.1130721	
13.3605	67.3286601	67.0730032	66.3338224	66.1130721	
13.37055	67.3286601	67.0730032	66.3338224	66.1130721	
13.38069	67.3286601	67.0730032	66.3338224	66.1130721	
13.39135	67.3286601	67.0730032	66.3338224	66.1130721	
13.40105	67.3286601	67.0730032	66.3338224	66.1130721	
13.41108	67.3286601	67.0730032	66.3338224	66.1130721	
13.42128	67.3286601	67.0730032	66.3338224	66.1130721	
13.43141	67.3286601	67.0730032	66.3338224	66.1130721	
13.44154	67.3286601	67.0730032	66.3338224	66.1130721	
13.45166	67.3286601	67.0730032	66.3338224	66.1130721	
13.4618	67.3286601	67.0730032	66.3338224	66.1130721	
13.47193	67.3286601	67.0730032	66.3338224	66.1130721	
13.4821	67.3286601	67.0730032	66.3338224	66.1130721	
13.49259	67.3286601	67.0730032	66.3338224	66.1130721	
13.50243	67.3286601	67.0730032	66.3338224	66.1130721	
13.51262	67.3286601	67.0730032	66.3338224	66.1130721	
13.53013	67.3286601	67.0730032	66.3338224	66.1130721	
13.54108	67.3286601	67.0730032	66.3338224	66.1130721	
