7.662914	
7.67251	
7.682595	
7.69273	
7.702883	
7.713003	
7.723181	
7.733282	
7.743393	
7.753553	
7.763879	
7.773899	
7.783991	
7.794126	
7.804337	
7.814383	
7.824515	
7.834655	
7.844799	
7.854913	
7.865052	
7.875232	
7.885328	
7.895456	
7.905533	
7.915729	
7.92591	
7.936006	
7.946086	
7.956358	
7.966391	
7.984505	
7.988741	
7.998835	
8.009037	
8.019144	
8.029228	
8.039347	
8.049455	
8.059587	
8.06971	
8.080065	
8.089957	
8.100081	
8.110213	
8.120327	
8.13047	
8.140669	
8.150748	
8.160892	
8.171052	
8.181175	
8.191297	
8.201452	
8.211595	
8.221721	
8.231846	
8.241986	
8.252095	
8.262325	
8.272428	
8.309527	
8.313742	
8.323915	
8.334044	
8.344174	
8.354301	
8.364484	
8.374561	
8.384691	
8.394855	
8.404946	
8.41511	
8.425966	
8.436025	
8.446128	
8.456246	
8.466406	
8.476686	
8.48674	
8.496876	
8.507015	
8.517077	
8.527254	
8.537362	
8.547499	
8.557611	
8.568117	
8.577878	
8.587992	
8.598109	
8.608252	
8.61834	
8.628514	
8.638592	
8.64873	
8.658849	
8.669171	
8.679236	
8.689323	
8.699471	
8.709605	
8.719703	
8.729863	
8.73999	
8.750107	
8.760226	
8.770347	
8.780565	
8.790633	
8.800779	
8.811122	
8.821044	
8.831187	
8.84131	
8.85146	
8.861586	
8.871715	
8.88189	
8.89199	
8.902091	
8.912263	
8.922433	
8.932583	
8.94263	
8.952878	
8.962963	
8.973091	
8.983201	
8.993343	
9.003483	
9.013608	
9.023766	
9.033921	
9.044025	
9.054162	
9.064241	
9.074428	
9.084592	
9.094686	
9.10481	
9.114945	
9.125105	
9.13529	
9.145384	
9.155517	
9.16561	
9.175735	
9.185937	
9.196009	
9.206167	
9.216298	
9.226401	
9.237028	
9.24691	
9.25702	
9.267179	
9.277263	
9.287385	
9.297517	
9.307726	
9.31782	
9.327912	
9.338074	
9.348167	
9.358272	
9.3684	
9.378529	
9.388698	
9.398771	
9.408898	
9.426943	
9.431156	
9.442082	
9.451419	
9.461562	
9.471644	
9.481767	
9.491946	
9.502093	
9.512194	
9.522335	
9.532509	
9.542644	
9.552959	
9.562892	
9.573034	
9.583157	
9.593255	
9.603442	
9.613564	
9.623652	
9.63381	
9.643945	
9.655943	
9.664174	
9.674287	
9.684459	
9.694524	
9.704672	
9.714814	
9.724949	
9.735076	
9.745211	
9.7554	
9.765495	
9.775615	
9.785731	
9.796181	
9.806103	
9.816177	
9.826377	
9.836436	
9.846667	
9.856782	
9.866898	
9.877036	
9.887114	
9.897292	
9.90737	
9.917529	
9.927704	
9.937778	
9.947915	
9.958114	
9.96818	
9.978305	
9.988473	
9.99855	
10.00868	
10.0188	
10.02902	
10.0391	
10.04918	
10.05936	
10.06946	
10.07956	
10.08968	
10.10325	67.0833893	67.0817298	66.1234582	66.1217987	
10.11783	67.0864869	67.0817298	66.1265559	66.1217987	
10.12216	67.0873865	67.0817298	66.1274554	66.1217987	
10.13226	67.0902738	67.0817298	66.1303427	66.1217987	
10.14239	67.0937854	67.0817298	66.1338543	66.1217987	
10.15257	67.0979361	67.0817298	66.138005	66.1217987	
10.1627	67.1026797	67.0817298	66.1427486	66.1305254	
10.17291	67.10809	67.0817298	66.148159	66.1305254	
10.18298	67.1140337	67.0817298	66.1541026	66.1305254	
10.19308	67.120604	67.0817298	66.1606729	66.1305254	
10.20426	67.1286753	67.0817298	66.1687442	66.1305254	
10.21342	67.1357231	67.0817298	66.175792	66.139252	
10.22356	67.1441685	67.0817298	66.1842374	66.1479787	
10.23368	67.1532189	67.0817298	66.1932879	66.1479787	
10.24381	67.1628996	67.0817298	66.2029685	66.1479787	
10.254	67.173253	67.0817298	66.2133219	66.1567053	
10.27375	67.196244	67.0817298	66.2363129	66.1741586	
10.2782	67.2013322	67.0817298	66.2414011	66.1741586	
10.28828	67.2136533	67.0817298	66.2537222	66.1828852	
10.29845	67.2267028	67.0817298	66.2667717	66.1916119	
10.30907	67.2410279	67.0817298	66.2810968	66.2003385	
10.31874	67.2545794	67.0817298	66.2946483	66.2090652	
10.32884	67.2693858	67.0904564	66.3094547	66.2177918	
10.33901	67.2849149	67.0904564	66.3249838	66.2265185	
10.34956	67.3016941	67.0904564	66.341763	66.2352451	
10.35924	67.3176363	67.0904564	66.3577052	66.2439718	
10.36936	67.3349239	67.0904564	66.3749928	66.2439718	
10.37951	67.3528724	67.0904564	66.3929413	66.2526984	
10.38958	67.3713096	67.0991831	66.4113785	66.2614251	
10.39984	67.3907228	67.1079097	66.4307917	66.2701517	
10.41019	67.410948	67.1166364	66.4510169	66.2788783	
10.42003	67.4307298	67.125363	66.4707987	66.2788783	
10.43106	67.4536914	67.1428163	66.4937604	66.287605	
10.4413	67.4756184	67.1602696	66.5156873	66.2963316	
10.45131	67.4976271	67.1777229	66.537696	66.3050583	
10.4614	67.5204339	67.1951762	66.5605029	66.3225116	
10.47155	67.543989	67.2126295	66.5840579	66.3225116	
10.48171	67.5682062	67.2300828	66.6082751	66.3399649	
10.49181	67.592871	67.2475361	66.6329399	66.3574182	
10.50203	67.6184899	67.273716	66.6585588	66.3661448	
10.5122	67.6445903	67.2911693	66.6846592	66.3835981	
10.52229	67.671078	67.3173492	66.7111469	66.3923247	
10.53245	67.698365	67.3435292	66.7384339	66.4185047	
10.54252	67.7260352	67.3609825	66.7661041	66.435958	
10.5527	67.7546243	67.3871624	66.7946932	66.4621379	
10.56283	67.7836988	67.422069	66.8237677	66.4795912	
10.57302	67.8135466	67.4482489	66.8536155	66.5057711	
10.5831	67.8436962	67.4744289	66.8837651	66.5319511	
10.59321	67.8745341	67.5006088	66.914603	66.5668577	
10.60341	67.9063179	67.5355154	66.9463869	66.6017643	
10.6136	67.9386848	67.5616953	66.9787538	66.6366708	
10.62369	67.9712632	67.5966019	67.0113321	66.6715774	
10.63379	68.0045519	67.6315085	67.0446208	66.706484	
10.64395	68.038653	67.6664151	67.0787219	66.7413906	
10.65413	68.0734472	67.7100483	67.1135161	66.7762972	
10.66428	68.1087278	67.7536816	67.1487967	66.8199304	
10.67439	68.1445242	67.7885881	67.1845931	66.8635636	
10.6846	68.1812963	67.8322214	67.2213652	66.9071969	
10.69467	68.2181353	67.8758546	67.2582042	66.9421035	
10.70477	68.2557232	67.9107612	67.2957921	66.9857367	
10.71498	68.2943533	67.9543944	67.3344222	67.0293699	
10.7251	68.3332118	67.9980277	67.3732807	67.0730032	
10.73524	68.3728077	68.0416609	67.4128766	67.1166364	
10.74537	68.4129762	68.0852941	67.4530452	67.1602696	
10.75553	68.4538513	68.1289274	67.4939202	67.2126295	
10.76568	68.495345	68.1725606	67.5354139	67.2562627	
10.77579	68.5372454	68.2249205	67.5773143	67.299896	
10.78635	68.581772	68.2685537	67.6218409	67.3522558	
10.79608	68.6232827	68.3121869	67.6633516	67.4046157	
10.80619	68.6670616	68.3645468	67.7071305	67.4569756	
10.81671	68.7133018	68.40818	67.7533707	67.5093355	
10.82657	68.75717	68.4605399	67.7972389	67.5529687	
10.83671	68.8029232	68.5041731	67.8429921	67.6053286	
10.8468	68.849074	68.556533	67.8891429	67.6576885	
10.85702	68.8964219	68.6088929	67.9364908	67.7013217	
10.86706	68.9435487	68.6437995	67.9836176	67.7536816	
10.8772	68.9917503	68.6961594	68.0318193	67.8060414	
10.8873	69.0403917	68.7485192	68.0804606	67.8584013	
10.8976	69.0906838	68.7921525	68.1307527	67.9107612	
10.90756	69.1398479	68.8445123	68.1799168	67.9631211	
10.91777	69.19092	68.8968722	68.2309889	68.0067543	
10.92788	69.2420362	68.9492321	68.2821051	68.0591142	
10.93797	69.2936918	68.9928653	68.3337607	68.1114741	
10.94808	69.3460689	69.0452252	68.3861378	68.1638339	
10.95837	69.4000033	69.0975851	68.4400722	68.2161938	
10.9684	69.4532185	69.149945	68.4932874	68.2772803	
10.97853	69.5075453	69.2023048	68.5476142	68.3209136	
10.98871	69.5627524	69.2546647	68.6028213	68.3820001	
10.99875	69.6177891	69.3070246	68.657858	68.43436	
11.00891	69.674174	69.3593845	68.7142429	68.4867198	
11.0192	69.7318916	69.4117444	68.7719605	68.5390797	
11.02921	69.7885974	69.4641042	68.8286663	68.6001662	
11.03938	69.8468756	69.5164641	68.8869445	68.6525261	
11.04941	69.9049399	69.568824	68.9450088	68.7136127	
11.05977	69.9655627	69.6211839	69.0056316	68.7659725	
11.06969	70.0241342	69.6822704	69.0642031	68.8270591	
11.07982	70.0846405	69.7346303	69.1247094	68.8794189	
11.08995	70.1457444	69.7957168	69.1858133	68.9405055	
11.10004	70.2072353	69.8480767	69.2473042	69.001592	
11.11036	70.2707364	69.9091632	69.3108053	69.0626785	
11.12841	70.3842206	70.0138829	69.4242896	69.1673983	
11.13284	70.4119751	70.0400629	69.452044	69.1935782	
11.14291	70.4759278	70.1098761	69.5159968	69.2546647	
11.15303	70.5408143	70.1622359	69.5808833	69.3244779	
11.16323	70.6068472	70.2320491	69.6469161	69.3855644	
11.17336	70.672968	70.2931356	69.7130369	69.4466509	
11.18348	70.7396836	70.3542221	69.7797525	69.5164641	
11.19358	70.8068988	70.4240353	69.8469678	69.5775506	
11.20373	70.8750599	70.4938485	69.9151288	69.6473638	
11.2148	70.9502814	70.554935	69.9903503	69.7084503	
11.22405	71.0134132	70.6247482	70.0534822	69.7782635	
11.2342	71.0835913	70.6945614	70.1236602	69.8480767	
11.24433	71.1538968	70.7643745	70.1939658	69.9178898	
11.25442	71.2247083	70.825461	70.2647773	69.987703	
11.26461	71.2968763	70.8952742	70.3369453	70.0575162	
11.27473	71.3691325	70.973814	70.4092014	70.1273293	
11.2849	71.4423677	71.0436272	70.4824366	70.2058692	
11.295	71.5156939	71.1134404	70.5557628	70.2756823	
11.3051	71.5897133	71.1832535	70.6297822	70.3542221	
11.31618	71.671642	71.2617934	70.7117109	70.4240353	
11.32546	71.7406637	71.3316065	70.7807326	70.5025751	
11.33557	71.8165004	71.4014197	70.8565693	70.5723883	
11.34569	71.8930568	71.4799595	70.9331257	70.6509281	
11.35577	71.9699959	71.5584993	71.0100648	70.7207413	
11.36597	72.0483936	71.6283125	71.0884625	70.7992811	
11.3761	72.1268584	71.7068523	71.1669274	70.8778209	
11.3862	72.2060412	71.7853921	71.2461101	70.9563607	
11.39635	72.2856736	71.863932	71.3257425	71.0349006	
11.40642	72.365463	71.9424718	71.4055319	71.1047137	
11.41743	72.453691	72.0210116	71.49376	71.1832535	
11.42709	72.5328394	72.0995514	71.5729083	71.2617934	
11.43694	72.611304	72.1868179	71.6513729	71.3490598	
11.44701	72.6936097	72.2653577	71.7336786	71.418873	
11.4571	72.7767234	72.3438975	71.8167923	71.5061395	
11.46727	72.8610774	72.431164	71.9011463	71.5846793	
11.47744	72.946094	72.5184304	71.9861629	71.6632191	
11.48756	73.031238	72.5969702	72.0713069	71.7504855	
11.49772	73.11739	72.6842367	72.1574589	71.837752	
11.5078	73.2034625	72.7627765	72.2435314	71.9162918	
11.51865	73.2968675	72.850043	72.3369364	72.0035583	
11.52809	73.37865	72.9285828	72.4187189	72.0820981	
11.53821	73.4671061	73.0071226	72.507175	72.1693646	
11.55637	73.6276924	73.1729289	72.6677613	72.3264442	
11.56075	73.6663831	73.2078355	72.706452	72.3613508	
11.57109	73.7585564	73.2951019	72.7986253	72.4573439	
11.58122	73.8495831	73.3823684	72.889652	72.5358837	
11.59136	73.9412447	73.4696349	72.9813136	72.6231502	
11.6015	74.0334494	73.565628	73.0735184	72.7104166	
11.61163	74.1262701	73.6528944	73.166339	72.8064097	
11.62276	74.2291228	73.7401609	73.2691917	72.8936762	
11.63193	74.314183	73.836154	73.3542519	72.9809427	
11.64206	74.4088915	73.9321471	73.4489604	73.0682091	
11.65218	74.5040169	74.0194136	73.5440858	73.1642022	
11.66231	74.5998898	74.1241333	73.6399587	73.2514687	
11.67249	74.6969361	74.2113998	73.737005	73.3474618	
11.68262	74.7940532	74.3073929	73.8341221	73.4434549	
11.69279	74.8921072	74.403386	73.9321761	73.5307214	
11.7029	74.9903399	74.5081058	74.0304088	73.6267145	
11.71298	75.0888316	74.5953722	74.1289005	73.7227076	
11.72409	75.1982013	74.700092	74.2382702	73.8274274	
11.73336	75.2898908	74.7873584	74.3299597	73.9234205	
11.74345	75.3902756	74.8920782	74.4303445	74.0194136	
11.75362	75.4920892	74.9880713	74.5321581	74.1241333	
11.76371	75.5936691	75.0840644	74.633738	74.2201264	
11.77387	75.6967283	75.1887842	74.7367972	74.3161195	
11.78401	75.8000683	75.2847773	74.8401372	74.4208393	
11.79418	75.9043454	75.3807704	74.9444143	74.5255591	
11.80429	76.0087117	75.4854901	75.0487806	74.6302788	
11.81439	76.1135139	75.5902099	75.1535829	74.7262719	
11.82559	76.2306695	75.6949297	75.2707385	74.8309917	
11.8347	76.3262487	75.7909228	75.3663176	74.9357114	
11.84491	76.4340975	75.8956425	75.4741664	75.0491578	
11.85497	76.5409219	76.0003623	75.5809908	75.1538776	
11.86506	76.6486764	76.1138087	75.6887453	75.2585973	
11.87529	76.758645	76.2098018	75.7987139	75.3633171	
11.88538	76.8676294	76.3232482	75.9076983	75.4767635	
11.89551	76.9777392	76.4279679	76.0178081	75.5902099	
11.90559	77.0878373	76.5326877	76.1279062	75.7036563	
11.91572	77.1990874	76.6374075	76.2391563	75.8171027	
11.92692	77.3230374	76.7421272	76.3631064	75.9218225	
11.93604	77.4242417	76.8555736	76.4643106	76.0265422	
11.94621	77.5379048	76.96902	76.5779737	76.1399886	
11.95657	77.6541823	77.0824664	76.6942512	76.253435	
11.96687	77.7708636	77.1959128	76.8109325	76.3668814	
11.97678	77.8830921	77.3093592	76.923161	76.4803278	
11.9869	77.9985297	77.4228056	77.0385986	76.5937742	
11.99711	78.1156682	77.536252	77.1557371	76.7159473	
12.00716	78.2316414	77.6496984	77.2717103	76.8293937	
12.01726	78.3487236	77.7718715	77.3887925	76.9428401	
12.02822	78.4767031	77.8853179	77.5167721	77.0650131	
12.03756	78.5859828	77.9987643	77.6260518	77.1784595	
12.04771	78.705595	78.1209373	77.7456639	77.2919059	
12.05781	78.8251697	78.2431104	77.8652386	77.414079	
12.06823	78.9492184	78.3565568	77.9892873	77.5275254	
12.07824	79.0688435	78.4787298	78.1089124	77.6496984	
12.08817	79.1882332	78.5921762	78.2283021	77.7718715	
12.09833	79.3102132	78.7143493	78.3502821	77.8940445	
12.10841	79.4311972	78.8365223	78.4712661	78.0162176	
12.11855	79.5528772	78.9586954	78.5929461	78.129664	
12.1292	79.6807372	79.0808684	78.7208061	78.251837	
12.13882	79.7960932	79.2030415	78.8361621	78.3740101	
12.14903	79.9185052	79.3252145	78.9585741	78.5049098	
12.15914	80.0399332	79.4473876	79.0800021	78.6183562	
12.16958	80.1652012	79.5695606	79.2052701	78.7492558	
12.17941	80.2831252	79.6917336	79.3231941	78.8714289	
12.18943	80.4033892	79.8139067	79.4434581	78.9936019	
12.19959	80.5252972	79.9360797	79.5653661	79.115775	
12.20966	80.6460892	80.0582528	79.6861581	79.237948	
12.21987	80.7686572	80.1891525	79.8087261	79.3601211	
12.23078	80.8996612	80.3113255	79.9397301	79.4822941	
12.24008	81.0111652	80.4422252	80.0512341	79.6131938	
12.25016	81.1325092	80.5643983	80.1725781	79.7266402	
12.27144	81.3876052	80.6865713	80.4276741	79.8575399	
12.27579	81.4397092	80.8785575	80.4797781	80.0495261	
12.28595	81.5615452	81.0094572	80.6016141	80.1716992	
12.29607	81.6830812	81.1403569	80.7231501	80.3025989	
12.30624	81.8051092	81.26253	80.8451781	80.4247719	
12.31636	81.9265012	81.384703	80.9665701	80.5556716	
12.32644	82.0475092	81.5156027	81.0875781	80.6865713	
12.33669	82.1705572	81.6377758	81.2106261	80.8087444	
12.3468	82.2917812	81.7599488	81.3318501	80.9396441	
12.35695	82.4136172	81.8908485	81.4536861	81.0618171	
12.36708	82.5351532	82.0130216	81.5752221	81.1927168	
12.37715	82.6560412	82.1351946	81.6961101	81.3236165	
12.38736	82.7785012	82.2573676	81.8185701	81.4457895	
12.39744	82.8995692	82.3882673	81.9396381	81.5766892	
12.40754	83.0206732	82.5104404	82.0607421	81.7075889	
12.41771	83.1427132	82.6326134	82.1827821	81.8384886	
12.42815	83.2680292	82.7547865	82.3080981	81.9606617	
12.43845	83.3917732	82.8856862	82.4318421	82.100288	
12.44833	83.5102012	83.0078592	82.5502701	82.2311877	
12.45844	83.6314972	83.1300323	82.6715661	82.3533608	
12.46858	83.7531772	83.260932	82.7932461	82.4842604	
12.47873	83.8750012	83.3743784	82.9150701	82.6064335	
12.48886	83.9964652	83.5052781	83.0365341	82.7373332	
12.49906	84.1188892	83.6274511	83.1589581	82.8595062	
12.50917	84.2402092	83.7496242	83.2802781	82.9904059	
12.51922	84.3608932	83.8717972	83.4009621	83.112579	
12.52969	84.4864612	84.0026969	83.5265301	83.2434787	
12.53962	84.6056692	84.1248699	83.6457381	83.3656517	
12.54967	84.7262692	84.247043	83.7663381	83.4878248	
12.55979	84.8476972	84.3779427	83.8877661	83.6099978	
12.56991	84.9691972	84.4913891	84.0092661	83.7408975	
12.58006	85.0909732	84.6222888	84.1310421	83.8630706	
12.59018	85.2124252	84.7531885	84.2524941	83.9852436	
12.6003	85.3337332	84.8753615	84.3738021	84.1074167	
12.61045	85.4555692	84.9975346	84.4956381	84.2295897	
12.62056	85.5769132	85.1197076	84.6169821	84.3517627	
12.63102	85.7024572	85.2506073	84.7425261	84.4739358	
12.64118	85.8243772	85.3640537	84.8644461	84.5961088	
12.65127	85.9454092	85.4949534	84.9854781	84.7182819	
12.66143	86.0673772	85.6083998	85.1074461	84.8404549	
12.67152	86.1884572	85.7392995	85.2285261	84.962628	
12.6817	86.3105812	85.8527459	85.3506501	85.084801	
12.69179	86.4316252	85.974919	85.4716941	85.2069741	
12.70196	86.5537132	86.097092	85.5937821	85.3204205	
12.7121	86.6753572	86.219265	85.7154261	85.4425935	
12.72218	86.7963772	86.3414381	85.8364461	85.5560399	
12.73236	86.9185732	86.4636111	85.9586421	85.678213	
12.74273	87.0429652	86.5857842	86.0830341	85.800386	
12.75284	87.1642612	86.7079572	86.2043301	85.9138324	
12.76299	87.2861332	86.8301303	86.3262021	86.0360055	
12.77309	87.4073212	86.9523033	86.4473901	86.1581785	
13.22187	92.7926452	91.7519588	91.8327141	91.0276471	
13.23197	92.9138692	91.8217719	91.9539381	91.106187	
13.24308	93.0472012	91.9003118	92.0872701	91.1760001	
13.25232	93.1580812	91.9875782	92.1981501	91.2719932	
13.26251	93.2803492	92.0835713	92.3204181	91.3592597	
13.2726	93.4014052	92.1882911	92.4414741	91.4552528	
13.2827	93.5225572	92.2930108	92.5626261	91.5599726	
13.29295	93.6456412	92.3977306	92.6857101	91.6646923	
13.30305	93.7668772	92.511177	92.8069461	91.7781387	
13.31316	93.8881732	92.6246234	92.9282421	91.8915851	
13.3233	94.0097932	92.7380698	93.0498621	92.0137582	
13.33341	94.1311732	92.8602429	93.1712421	92.1272046	
13.34483	94.2682012	92.9736893	93.3082701	92.2581043	
13.35375	94.3752172	93.1045889	93.4152861	92.3802773	
13.36387	94.4966092	93.226762	93.5366781	92.511177	
13.374	94.6182052	93.3576617	93.6582741	92.6420767	
13.38407	94.7390932	93.4798347	93.7791621	92.781703	
13.39426	94.8613252	93.6107344	93.9013941	92.9126027	
13.40441	94.9832452	93.7416341	94.0233141	93.0609557	
13.41455	95.1047812	93.8812605	94.1448501	93.2005821	
13.42468	95.2263052	94.0208868	94.2663741	93.3402084	
13.4458	95.4799132	94.3001395	94.5199821	93.6281877	
13.45049	95.5361692	94.3699527	94.5762381	93.7067275	
13.4603	95.6538532	94.509579	94.6939221	93.8550805	
13.47838	95.8707172	94.7713784	94.9107861	94.1168799	
13.48268	95.9224372	94.8324649	94.9625061	94.1779664	
13.49294	96.0455092	94.9720912	95.0855781	94.3263194	
13.50299	96.1660972	95.1204442	95.2061661	94.4746724	
13.51313	96.2878132	95.2687972	95.3278821	94.6230254	
13.52327	96.4094212	95.4171502	95.4494901	94.7626517	
13.53338	96.5307652	95.5567765	95.5708341	94.9110047	
13.54353	96.6525172	95.6964029	95.6925861	95.0506311	
13.55375	96.7752412	95.8534825	95.8153101	95.1989841	
13.56385	96.8964292	95.9931089	95.9364981	95.347337	
13.57399	97.0180132	96.1414618	96.0580821	95.4869634	
13.58408	97.1391292	96.2898148	96.1791981	95.6353164	
13.59425	97.2612052	96.4294412	96.3012741	95.7749427	
13.6044	97.3830172	96.5777942	96.4230861	95.9232957	
13.61456	97.5049732	96.7261471	96.5450421	96.062922	
13.62462	97.6256332	96.8745001	96.6657021	96.2025484	
13.63474	97.7470612	97.0228531	96.7871301	96.3509014	
13.64497	97.8697972	97.1624795	96.9098661	96.4905277	
13.6551	97.9914652	97.3021058	97.0315341	96.630154	
13.66519	98.1124252	97.4504588	97.1524941	96.7697804	
13.67535	98.2344172	97.5900851	97.2744861	96.9094067	
13.68548	98.3559892	97.7297115	97.3960581	97.0490331	
13.69556	98.4769612	97.8780645	97.5170301	97.1799328	
13.70574	98.5991572	98.0089641	97.6392261	97.3195591	
13.71587	98.7206092	98.1485905	97.7606781	97.4591854	
13.72604	98.8427332	98.2882168	97.8828021	97.5900851	
13.73614	98.9638132	98.4191165	98.0038821	97.7209848	
13.74625	99.0852172	98.5587429	98.1252861	97.8518845	
13.75647	99.2079412	98.6983692	98.2480101	97.9827842	
13.76663	99.3297412	98.8205422	98.3698101	98.1049573	
13.77674	99.4511212	98.9601686	98.4911901	98.2358569	
13.78686	99.5725492	99.0910683	98.6126181	98.3667566	
13.79704	99.6947812	99.221968	98.7348501	98.4889297	
13.80713	99.8157652	99.3528677	98.8558341	98.6111027	
13.81724	99.9370852	99.4837674	98.9771541	98.7420024	
13.8274	100.059077	99.6146671	99.0991461	98.8641755	
13.83752	100.180445	99.7455668	99.2205141	98.9950752	
13.84937	100.322801	99.8764664	99.3628701	99.1172482	
13.85783	100.424201	99.9986395	99.4642701	99.2394213	
13.86794	100.545497	100.129539	99.5855661	99.3615943	
13.87805	100.666865	100.251712	99.7069341	99.4837674	
13.88818	100.788305	100.373885	99.8283741	99.6059404	
13.89841	100.911209	100.504785	99.9512781	99.7281135	
13.90845	101.031569	100.618231	100.071638	99.8502865	
13.91859	101.153249	100.749131	100.193318	99.9724596	
13.92872	101.274809	100.871304	100.314878	100.094633	
13.93882	101.396081	100.993477	100.43615	100.216806	
13.95773	101.623061	101.11565	100.66313	100.338979	
13.96214	101.675969	101.27273	100.716038	100.496058	
13.97226	101.797373	101.386176	100.837442	100.618231	
13.98248	101.919965	101.517076	100.960034	100.740404	
13.99254	102.040637	101.630522	101.080706	100.862577	
14.00271	102.162701	101.761422	101.20277	100.984751	
14.01288	102.284765	101.874868	101.324834	101.098197	
14.02297	102.405833	101.997041	101.445902	101.22037	
14.0333	102.529793	102.119215	101.569862	101.342543	
14.04321	102.648737	102.232661	101.688806	101.455989	
14.05483	102.788261	102.354834	101.82833	101.578162	
14.06353	102.892529	102.477007	101.932598	101.700336	
14.07366	103.014113	102.590453	102.054182	101.822509	
14.08379	103.135673	102.712626	102.175742	101.935955	
14.0939	103.256981	102.8348	102.29705	102.058128	
14.10406	103.378973	102.956973	102.419042	102.171574	
14.11417	103.500293	103.070419	102.540362	102.293747	
14.12433	103.622153	103.192592	102.662222	102.415921	
14.13451	103.744325	103.314765	102.784394	102.529367	
14.14459	103.865285	103.436938	102.905354	102.65154	
14.15584	104.000405	103.550385	103.040474	102.764986	
14.16497	104.109881	103.672558	103.14995	102.887159	
14.17504	104.230613	103.794731	103.270682	103.000606	
14.18516	104.352077	103.908177	103.392146	103.122779	
14.19532	104.474033	104.03035	103.514102	103.236225	
14.20548	104.596013	104.143796	103.636082	103.358398	
14.21555	104.716817	104.26597	103.756886	103.471845	
14.22572	104.838893	104.388143	103.878962	103.594018	
14.23589	104.960909	104.510316	104.000978	103.707464	
14.246	105.082193	104.632489	104.122262	103.829637	
14.25741	105.221225	104.737208	104.261294	103.943084	
14.27505	105.430805	104.964101	104.470874	104.16125	
14.27942	105.483281	105.016461	104.52335	104.21361	
14.28952	105.604445	105.138634	104.644514	104.335783	
14.29992	105.729353	105.260807	104.769422	104.449229	
14.30981	105.847889	105.38298	104.887958	104.562675	
14.31992	105.969221	105.505153	105.00929	104.684849	
14.33006	106.090877	105.6186	105.130946	104.798295	
14.34015	106.212029	105.740773	105.252098	104.911741	
14.35033	106.334141	105.862946	105.37421	105.033914	
14.36058	106.457429	105.993845	105.497498	105.156087	
14.37065	106.578017	106.107292	105.618086	105.27826	
14.3808	106.699757	106.229465	105.739826	105.400434	
14.39088	106.820777	106.351638	105.860846	105.522607	
14.40106	106.942877	106.473811	105.982946	105.636053	
14.41119	107.064521	106.587257	106.10459	105.758226	
14.42136	107.186537	106.70943	106.226606	105.880399	
14.43144	107.307497	106.831604	106.347566	106.002572	
14.44161	107.429501	106.953777	106.46957	106.124745	
14.45177	107.551457	107.07595	106.591526	106.246918	
14.46192	107.673269	107.189396	106.713338	106.369091	
14.47202	107.794385	107.311569	106.834454	106.491264	
14.48215	107.916041	107.433742	106.95611	106.613437	
14.49225	108.037193	107.555915	107.077262	106.73561	
14.50244	108.159509	107.669362	107.199578	106.857783	
14.51254	108.280733	107.791535	107.320802	106.979957	
14.52267	108.402317	107.913708	107.442386	107.10213	
14.5328	108.523841	108.035881	107.56391	107.233029	
14.5429	108.645017	108.158054	107.685086	107.355202	
14.55308	108.767165	108.280227	107.807234	107.477375	
14.56327	108.889505	108.4024	107.929574	107.599548	
14.57341	109.011101	108.524573	108.05117	107.721721	
14.58351	109.132301	108.646746	108.17237	107.843894	
14.59364	109.253933	108.760192	108.294002	107.966068	
14.60377	109.375433	108.891092	108.415502	108.088241	
14.61393	109.497341	109.004538	108.53741	108.210414	
14.62403	109.618589	109.135438	108.658658	108.332587	
14.63416	109.740065	109.257611	108.780134	108.45476	
14.64431	109.861925	109.379784	108.901994	108.576933	
14.65446	109.983725	109.501957	109.023794	108.699106	
14.66489	110.108993	109.62413	109.149062	108.821279	
14.67468	110.226449	109.746303	109.266518	108.943452	
14.6848	110.347781	109.868476	109.38785	109.065625	
14.69492	110.469209	109.990649	109.509278	109.187798	
14.70504	110.590697	110.112823	109.630766	109.309971	
14.71521	110.712761	110.234996	109.75283	109.432144	
14.72534	110.834261	110.357169	109.87433	109.545591	
14.73545	110.955581	110.479342	109.99565	109.67649	
14.74561	111.077585	110.601515	110.117654	109.789937	
14.75574	111.199061	110.714961	110.23913	109.91211	
14.76628	111.325649	110.845861	110.365718	110.034283	
14.77616	111.444185	110.959307	110.484254	110.156456	
14.78632	111.566129	111.08148	110.606198	110.278629	
14.79644	111.687461	111.194927	110.72753	110.400802	
14.80673	111.813221	111.325826	110.85329	110.514248	
14.81679	111.931757	111.439273	110.971826	110.636421	
14.82697	112.053905	111.561446	111.093974	110.758594	
14.83711	112.175561	111.683619	111.21563	110.872041	
14.84715	112.295957	111.805792	111.336026	110.994214	
14.85723	112.417025	111.927965	111.457094	111.10766	
14.86748	112.540097	112.050138	111.580166	111.229833	
14.87757	112.660997	112.172311	111.701066	111.352006	
14.88771	112.782749	112.294484	111.822818	111.474179	
14.8978	112.903745	112.416657	111.943814	111.596352	
14.90823	113.028965	112.53883	112.069034	111.718525	
14.91806	113.146925	112.661003	112.186994	111.840698	
14.9282	113.268545	112.783176	112.308614	111.962872	
14.9383	113.389853	112.905349	112.429922	112.085045	
14.94844	113.511545	113.027522	112.551614	112.207218	
14.95878	113.635625	113.149695	112.675694	112.329391	
14.96907	113.759081	113.263142	112.79915	112.451564	
14.97914	113.879897	113.394042	112.919966	112.573737	
14.98926	114.001289	113.507488	113.041358	112.69591	
14.99931	114.121901	113.629661	113.16197	112.818083	
15.00981	114.248009	113.743107	113.288078	112.940256	
15.01958	114.365213	113.874007	113.405282	113.071156	
15.02972	114.486893	113.987453	113.526962	113.193329	
15.03984	114.608237	114.109626	113.648306	113.315502	
15.04992	114.729173	114.2318	113.769242	113.437675	
15.06009	114.851381	114.353973	113.89145	113.559848	
15.07031	114.974009	114.476146	114.014078	113.690747	
15.08041	115.095077	114.598319	114.135146	113.812921	
15.09832	115.310057	114.807758	114.350126	114.031087	
15.10271	115.362677	114.860118	114.402746	114.07472	
15.11289	115.484885	114.982291	114.524954	114.20562	
15.12304	115.606625	115.104464	114.646694	114.327793	
15.13322	115.728833	115.226637	114.768902	114.449966	
15.14329	115.849709	115.34881	114.889778	114.572139	
15.15338	115.970777	115.47971	115.010846	114.703038	
15.16355	116.092817	115.593156	115.132886	114.825211	
15.17375	116.215277	115.724056	115.255346	114.947385	
15.18387	116.336633	115.846229	115.376702	115.069558	
15.19395	116.457605	115.977129	115.497674	115.191731	
15.20408	116.579213	116.099302	115.619282	115.313904	
15.21421	116.700713	116.221475	115.740782	115.436077	
15.22436	116.822513	116.343648	115.862582	115.55825	
15.23448	116.943893	116.465821	115.983962	115.680423	
15.24484	117.068321	116.587994	116.10839	115.793869	
15.25475	117.187241	116.710167	116.22731	115.924769	
15.26492	117.309257	116.83234	116.349326	116.046942	
15.27513	117.431765	116.954513	116.471834	116.160388	
15.28549	117.556181	117.076686	116.59625	116.282561	
15.29537	117.674633	117.198859	116.714702	116.404734	
15.30551	117.796349	117.321032	116.836418	116.526908	
15.31562	117.917609	117.443205	116.957678	116.640354	
15.32576	118.039337	117.565378	117.079406	116.762527	
15.33588	118.160825	117.687551	117.200894	116.8847	
15.34601	118.282325	117.800998	117.322394	117.006873	
15.35616	118.404149	117.931898	117.444218	117.120319	
15.36626	118.525349	118.045344	117.565418	117.242493	
15.37647	118.647929	118.176244	117.687998	117.355939	
15.38663	118.769729	118.298417	117.809798	117.478112	
15.39674	118.891133	118.42059	117.931202	117.600285	
15.40687	119.012621	118.542763	118.05269	117.722458	
15.41702	119.134553	118.664936	118.174622	117.835904	
15.42714	119.255873	118.787109	118.295942	117.958077	
15.43927	119.401517	118.909282	118.441586	118.080251	
15.44735	119.498477	119.031455	118.538546	118.202424	
15.45747	119.619821	119.153628	118.65989	118.324597	
15.46789	119.744897	119.267074	118.784966	118.44677	
15.4778	119.863865	119.389247	118.903934	118.577669	
15.48794	119.985461	119.511421	119.02553	118.691116	
15.49807	120.107009	119.633594	119.147078	118.822015	
15.50818	120.228365	119.74704	119.268434	118.944189	
15.51838	120.350765	119.869213	119.390834	119.066362	
15.52843	120.471329	119.991386	119.511398	119.188535	
15.53859	120.593225	120.113559	119.633294	119.310708	
15.54869	120.714437	120.235732	119.754506	119.432881	
15.5588	120.835841	120.357905	119.87591	119.555054	
15.56893	120.957449	120.480078	119.997518	119.677227	
15.5792	121.080677	120.593525	120.120746	119.7994	
15.58929	121.201649	120.715698	120.241718	119.921573	
15.5994	121.323029	120.837871	120.363098	120.043746	
15.60947	121.443797	120.960044	120.483866	120.174646	
15.61987	121.568693	121.07349	120.608762	120.288092	
15.62974	121.687145	121.20439	120.727214	120.418992	
15.63987	121.808597	121.317836	120.848666	120.532438	
15.65	121.930181	121.448736	120.97025	120.663338	
15.66014	122.051885	121.562182	121.091954	120.785511	
15.67031	122.173937	121.693082	121.214006	120.907684	
15.68054	122.296721	121.815255	121.33679	121.029857	
15.69061	122.417489	121.937428	121.457558	121.15203	
15.70071	122.538701	122.059601	121.57877	121.274203	
15.71083	122.660105	122.181774	121.700174	121.396376	
15.72113	122.783717	122.303947	121.823786	121.518549	
15.73122	122.904869	122.42612	121.944938	121.640722	
15.7414	123.026993	122.548293	122.067062	121.762895	
15.75155	123.148865	122.679193	122.188934	121.885068	
15.76166	123.270101	122.79264	122.31017	121.998515	
15.77184	123.392249	122.923539	122.432318	122.120688	
15.78202	123.514433	123.045712	122.554502	122.242861	
15.79252	123.640433	123.167885	122.680502	122.373761	
15.80266	123.762149	123.290058	122.802218	122.487207	
15.81277	123.883445	123.412231	122.923514	122.60938	
15.82293	124.005377	123.525678	123.045446	122.731553	
15.83305	124.126865	123.656578	123.166934	122.853726	
15.84319	124.248557	123.770024	123.288626	122.975899	
15.85336	124.370513	123.892197	123.410582	123.089345	
15.86342	124.491245	124.01437	123.531314	123.211519	
15.87462	124.625741	124.136543	123.66581	123.324965	
15.88385	124.736441	124.258716	123.77651	123.447138	
15.89391	124.857077	124.380889	123.897146	123.569311	
15.90422	124.980833	124.494336	124.020902	123.691484	
15.91416	125.099255	124.625235	124.139324	123.813657	
15.92433	125.219841	124.738682	124.25991	123.927104	
15.93445	125.339062	124.869581	124.379131	124.049277	
15.94452	125.457221	124.991754	124.49729	124.17145	
15.95469	125.575888	125.113927	124.615957	124.293623	
15.9648	125.693214	125.227374	124.733283	124.415796	
15.9758	125.820319	125.358274	124.860388	124.537969	
15.98514	125.927608	125.47172	124.967677	124.651415	
15.99524	126.042991	125.593893	125.083059	124.773588	
16.00541	126.158612	125.716066	125.198681	124.895761	
16.01549	126.272553	125.838239	125.312622	125.017934	
16.02565	126.386817	125.960412	125.426886	125.140107	
16.03579	126.500333	126.073859	125.540402	125.253554	
16.0459	126.612763	126.187305	125.652832	125.375727	
16.05603	126.724871	126.309478	125.76494	125.489173	
16.06613	126.836053	126.422924	125.876122	125.611346	
16.07706	126.955687	126.545097	125.995756	125.733519	
16.08647	127.05809	126.658544	126.098159	125.846966	
16.09662	127.167948	126.77199	126.208017	125.969139	
16.10672	127.276981	126.885437	126.31705	126.082585	
16.11686	127.385266	127.00761	126.425335	126.204758	
16.12703	127.493524	127.121056	126.533593	126.318205	
16.13713	127.600432	127.234502	126.640501	126.431651	
16.14725	127.70686	127.347949	126.746929	126.545097	
16.1574	127.813126	127.461395	126.853195	126.658544	
16.1675	127.918243	127.566115	126.958312	126.77199	
16.17826	128.029518	127.679561	127.069587	126.885437	
16.18791	128.128693	127.793008	127.168762	126.998883	
16.19791	128.230966	127.906454	127.271035	127.103603	
16.20801	128.333601	128.011174	127.37367	127.217049	
16.21814	128.435961	128.12462	127.47603	127.321769	
16.22836	128.538688	128.22934	127.578756	127.426489	
16.23841	128.638893	128.33406	127.678962	127.531208	
16.24854	128.739464	128.447506	127.779533	127.635928	
16.25974	128.851032	128.552226	127.891101	127.740648	
16.26918	128.942367	128.656946	127.982436	127.845368	
16.28073	129.05479	128.761666	128.094859	127.941361	
16.28937	129.138412	128.866385	128.178481	128.046081	
16.29957	129.236498	128.971105	128.276567	128.142074	
16.30962	129.332641	129.067098	128.37271	128.246793	
16.31969	129.428212	129.171818	128.468281	128.342787	
16.32996	129.525258	129.276538	128.565327	128.43878	
16.34002	129.619569	129.372531	128.659638	128.543499	
16.36093	129.812544	129.573244	128.852613	128.735486	
16.37688	129.958412	129.66051	128.998481	128.831479	
16.38203	130.005531	129.76523	129.0456	128.918745	
16.40009	130.167979	129.931036	129.208047	129.093278	
16.41032	130.259705	130.027029	129.299774	129.180545	
16.4205	130.350396	130.114296	129.390465	129.267811	
16.43917	130.514073	130.288829	129.554142	129.433617	
16.44373	130.554065	130.323735	129.594134	129.468524	
16.45399	130.643437	130.419728	129.683506	129.55579	
16.46417	130.731346	130.506995	129.771415	129.643057	
16.47432	130.818456	130.602988	129.858525	129.730323	
16.48486	130.90837	130.690254	129.948439	129.81759	
16.49508	130.994746	130.777521	130.034815	129.904856	
16.50527	131.080364	130.864787	130.120432	129.992123	
16.51547	131.165449	130.952054	130.205517	130.070663	
16.52575	131.250613	131.03932	130.290682	130.157929	
16.53586	131.333697	131.126587	130.373766	130.245195	
16.54608	131.417014	131.205127	130.457083	130.332462	
16.55627	131.499539	131.292393	130.539608	130.411002	
16.56648	131.581607	131.370933	130.621676	130.489542	
16.5769	131.664794	131.458199	130.704863	130.576808	
16.58705	131.745115	131.536739	130.785184	130.655348	
16.59702	131.823475	131.615279	130.863544	130.742614	
16.6072	131.90282	131.685092	130.942889	130.821154	
16.61741	131.981789	131.772359	131.021858	130.899694	
16.6276	132.060051	131.842172	131.10012	130.978234	
16.63784	132.137992	131.920712	131.178061	131.056774	
16.64809	132.215456	131.999251	131.255525	131.135313	
16.65839	132.29266	132.069064	131.332729	131.213853	
16.66839	132.36702	132.147604	131.407089	131.283666	
16.67861	132.442377	132.226144	131.482446	131.362206	
16.68878	132.516784	132.295957	131.556853	131.440746	
16.69899	132.590817	132.374497	131.630886	131.519286	
16.70936	132.665455	132.44431	131.705524	131.589099	
16.71936	132.736775	132.52285	131.776844	131.667639	
16.72985	132.810996	132.592663	131.851065	131.737452	
16.73977	132.880496	132.662476	131.920565	131.807265	
16.74997	132.951456	132.73229	131.991525	131.885805	
16.76015	133.021658	132.802103	132.061727	131.955618	
16.77055	133.09269	132.871916	132.132759	132.025431	
16.78056	133.160472	132.941729	132.200541	132.095244	
16.79085	133.229531	133.011542	132.2696	132.165058	
16.80096	133.29683	133.081355	132.336899	132.234871	
16.8113	133.365001	133.142442	132.40507	132.304684	
16.82963	133.483408	133.212255	132.523477	132.36577	
16.83426	133.513299	133.299522	132.553368	132.461764	
16.84448	133.578721	133.360608	132.61879	132.52285	
16.85468	133.643352	133.430421	132.683421	132.592663	
16.86483	133.707048	133.500234	132.747117	132.662476	
16.87505	133.770578	133.570048	132.810647	132.73229	
16.8863	133.839737	133.639861	132.879806	132.793376	
16.89543	133.895426	133.700947	132.935494	132.854463	
16.90562	133.956876	133.770761	132.996945	132.924276	
16.91581	134.017781	133.831847	133.05785	132.985362	
16.92604	134.078302	133.892934	133.118371	133.046449	
16.93621	134.137815	133.95402	133.177883	133.107535	
16.9465	134.198009	134.015107	133.238078	133.168622	
16.95671	134.256011	134.076193	133.29608	133.229708	
16.97534	134.360402	134.18964	133.400471	133.334428	
16.98119	134.393135	134.215819	133.433204	133.360608	
16.99044	134.444404	134.268179	133.484473	133.421695	
17.00069	134.500533	134.337993	133.540601	133.482781	
17.01091	134.555868	134.390352	133.595937	133.535141	
17.02108	134.610365	134.442712	133.650434	133.587501	
17.03128	134.664342	134.512525	133.704411	133.648587	
17.04157	134.718287	134.564885	133.758356	133.700947	
17.05176	134.771034	134.617245	133.811103	133.753307	
17.06194	134.823106	134.678332	133.863175	133.805667	
17.07213	134.874666	134.730692	133.914735	133.858027	
17.08232	134.925588	134.783051	133.965657	133.910387	
17.09253	134.975983	134.835411	134.016052	133.962747	
17.10271	135.025648	134.887771	134.065717	134.015107	
17.11293	135.074881	134.940131	134.11495	134.067466	
17.12308	135.123199	134.992491	134.163268	134.1111	
17.13334	135.171412	135.036124	134.211481	134.16346	
17.14345	135.218317	135.088484	134.258386	134.207093	
17.15365	135.265037	135.140844	134.305106	134.250726	
17.16379	135.310879	135.184477	134.350948	134.294359	
17.17394	135.35615	135.22811	134.396219	134.346719	
17.18448	135.4025	135.28047	134.442569	134.390352	
17.19433	135.445286	135.315377	134.485355	134.433986	
17.20459	135.489246	135.35901	134.529315	134.477619	
17.21478	135.532261	135.402643	134.572329	134.521252	
17.22495	135.574592	135.446277	134.614661	134.564885	
17.23514	135.616433	135.48991	134.656502	134.599792	
17.25369	135.690098	135.524816	134.730167	134.643425	
17.25824	135.70823	135.577176	134.748299	134.695785	
17.26843	135.748068	135.612083	134.788136	134.739418	
17.27869	135.787594	135.655716	134.827663	134.774325	
17.28952	135.828585	135.690623	134.868654	134.817958	
17.29961	135.866227	135.725529	134.906296	134.852865	
17.30996	135.904186	135.769163	134.944255	134.887771	
17.31991	135.940129	135.804069	134.980198	134.931404	
17.33007	135.976208	135.838976	135.016276	134.966311	
17.34036	136.012164	135.873882	135.052233	135.001218	
17.35052	136.047015	135.908789	135.087084	135.027398	
17.36913	136.108457	135.969875	135.148526	135.088484	
17.37377	136.123847	135.978602	135.163916	135.105937	
17.38392	136.156742	136.013509	135.196811	135.140844	
17.3941	136.18911	136.048415	135.229178	135.175751	
17.40435	136.22114	136.083322	135.261209	135.201931	
17.41451	136.252249	136.118228	135.292317	135.22811	
17.42467	136.282777	136.144408	135.322846	135.263017	
17.43493	136.312994	136.179315	135.353063	135.289197	
17.44528	136.342863	136.205495	135.382932	135.315377	
17.45531	136.371244	136.240401	135.411313	135.341557	
17.46553	136.399562	136.257855	135.439631	135.367737	
17.4757	136.427123	136.292761	135.467192	135.393917	
17.48625	136.455076	136.327668	135.495145	135.420097	
17.49613	136.480725	136.353848	135.520794	135.446277	
17.50629	136.506502	136.380028	135.546571	135.472457	
17.5166	136.532044	136.397481	135.572113	135.48991	
17.52672	136.556518	136.432388	135.596586	135.51609	
17.53697	136.580714	136.458568	135.620783	135.533543	
17.54707	136.603996	136.484748	135.644065	135.559723	
17.55708	136.626467	136.502201	135.666536	135.577176	
17.56718	136.648584	136.528381	135.688653	135.59463	
17.57731	136.670163	136.554561	135.710232	135.612083	
17.5891	136.694467	136.572014	135.734536	135.638263	
17.59771	136.711863	136.589467	135.751931	135.655716	
17.60776	136.731553	136.606921	135.771622	135.673169	
17.61786	136.750767	136.6331	135.790835	135.690623	
17.62799	136.769457	136.641827	135.809526	135.708076	
17.63836	136.788004	136.668007	135.828073	135.725529	
17.64824	136.805105	136.676734	135.845174	135.742983	
17.65839	136.822112	136.702914	135.862181	135.751709	
17.66849	136.838469	136.71164	135.878538	135.769163	
17.6786	136.85426	136.729094	135.894329	135.786616	
17.69715	136.880904	136.746547	135.920973	135.804069	
17.70161	136.887364	136.764	135.927433	135.821522	
17.71168	136.901256	136.772727	135.941325	135.830249	
17.72182	136.914684	136.781453	135.954753	135.838976	
17.73197	136.927558	136.798907	135.967627	135.856429	
17.7421	136.939851	136.807633	135.97992	135.856429	
17.75226	136.951623	136.81636	135.991692	135.873882	
17.76241	136.962824	136.825087	136.002893	135.882609	
17.77255	136.973463	136.833813	136.013532	135.891336	
17.78263	136.983499	136.84254	136.023568	135.891336	
17.80151	136.999965	136.851267	136.040033	135.900062	
17.80591	137.003869	136.851267	136.043938	135.908789	
17.81603	137.012174	136.851267	136.052243	135.908789	
17.82614	137.019943	136.859993	136.060012	135.917515	
17.83627	137.027202	136.859993	136.067271	135.917515	
17.84688	137.034232	136.86872	136.074301	135.917515	
17.85693	137.040401	136.86872	136.08047	135.917515	
17.86705	137.046105	136.86872	136.086174	135.917515	
17.8772	137.051332	136.86872	136.091401	135.917515	
17.88727	137.056036	136.86872	136.096105	135.917515	
17.8975	137.060326	136.86872	136.100395	135.917515	
17.9076	137.0641	136.86872	136.104168	135.917515	
17.91798	137.067499	136.86872	136.107568	135.917515	
17.92787	137.070329	136.86872	136.110398	135.917515	
17.93824	137.072852	136.86872	136.112921	135.917515	
17.9516	137.075333	136.86872	136.115402	135.917515	
17.96182	137.076948	136.86872	136.117017	135.917515	
17.97197	137.08173	136.86872	136.121799	135.917515	
17.98207	137.08173	136.86872	136.121799	135.917515	
17.99287	137.08173	136.86872	136.121799	135.917515	
18.00245	137.08173	136.86872	136.121799	135.917515	
18.01254	137.08173	136.86872	136.121799	135.917515	
18.02267	137.08173	136.86872	136.121799	135.917515	
18.03276	137.08173	136.86872	136.121799	135.917515	
18.04293	137.08173	136.86872	136.121799	135.917515	
18.05308	137.08173	136.86872	136.121799	135.917515	
18.0632	137.08173	136.86872	136.121799	135.917515	
18.07332	137.08173	136.86872	136.121799	135.917515	
18.08343	137.08173	136.86872	136.121799	135.917515	
18.09406	137.08173	136.86872	136.121799	135.917515	
18.10379	137.08173	136.86872	136.121799	135.917515	
18.11389	137.08173	136.86872	136.121799	135.917515	
18.12405	137.08173	136.86872	136.121799	135.917515	
18.13414	137.08173	136.86872	136.121799	135.917515	
18.1443	137.08173	136.86872	136.121799	135.917515	
18.15443	137.08173	136.86872	136.121799	135.917515	
18.16456	137.08173	136.86872	136.121799	135.917515	
18.1747	137.08173	136.86872	136.121799	135.917515	
18.18478	137.08173	136.86872	136.121799	135.917515	
18.1953	137.08173	136.86872	136.121799	135.917515	
18.20514	137.08173	136.86872	136.121799	135.917515	
18.21523	137.08173	136.86872	136.121799	135.917515	
18.22538	137.08173	136.86872	136.121799	135.917515	
18.23548	137.08173	136.86872	136.121799	135.917515	
18.24586	137.08173	136.86872	136.121799	135.917515	
18.25576	137.08173	136.86872	136.121799	135.917515	
18.27488	137.08173	136.86872	136.121799	135.917515	
18.27933	137.08173	136.86872	136.121799	135.917515	
18.28965	137.08173	136.86872	136.121799	135.917515	
18.30868	137.08173	136.86872	136.121799	135.917515	
18.31321	137.08173	136.86872	136.121799	135.917515	
18.32323	137.08173	136.86872	136.121799	135.917515	
18.33336	137.08173	136.86872	136.121799	135.917515	
18.3435	137.08173	136.86872	136.121799	135.917515	
18.35361	137.08173	136.86872	136.121799	135.917515	
18.36376	137.08173	136.86872	136.121799	135.917515	
18.37389	137.08173	136.86872	136.121799	135.917515	
18.38399	137.08173	136.86872	136.121799	135.917515	
18.39415	137.08173	136.86872	136.121799	135.917515	
18.40435	137.08173	136.86872	136.121799	135.917515	
18.41444	137.08173	136.86872	136.121799	135.917515	
18.42458	137.08173	136.86872	136.121799	135.917515	
18.4347	137.08173	136.86872	136.121799	135.917515	
18.44699	137.08173	136.86872	136.121799	135.917515	
18.455	137.08173	136.86872	136.121799	135.917515	
18.46508	137.08173	136.86872	136.121799	135.917515	
18.47518	137.08173	136.86872	136.121799	135.917515	
18.4854	137.08173	136.86872	136.121799	135.917515	
18.49545	137.08173	136.86872	136.121799	135.917515	
18.50569	137.08173	136.86872	136.121799	135.917515	
18.51579	137.08173	136.86872	136.121799	135.917515	
18.52614	137.08173	136.86872	136.121799	135.917515	
18.53626	137.08173	136.86872	136.121799	135.917515	
18.54638	137.08173	136.86872	136.121799	135.917515	
18.5566	137.08173	136.86872	136.121799	135.917515	
18.56671	137.08173	136.86872	136.121799	135.917515	
18.57684	137.08173	136.86872	136.121799	135.917515	
18.58697	137.08173	136.86872	136.121799	135.917515	
18.59708	137.08173	136.86872	136.121799	135.917515	
18.60731	137.08173	136.86872	136.121799	135.917515	
18.6174	137.08173	136.86872	136.121799	135.917515	
18.62776	137.08173	136.86872	136.121799	135.917515	
18.63771	137.08173	136.86872	136.121799	135.917515	
18.64812	137.08173	136.86872	136.121799	135.917515	
18.65789	137.08173	136.86872	136.121799	135.917515	
18.66818	137.08173	136.86872	136.121799	135.917515	
18.67814	137.08173	136.86872	136.121799	135.917515	
18.68823	137.08173	136.86872	136.121799	135.917515	
18.69839	137.08173	136.86872	136.121799	135.917515	
18.70858	137.08173	136.86872	136.121799	135.917515	
18.71869	137.08173	136.86872	136.121799	135.917515	
18.72883	137.08173	136.86872	136.121799	135.917515	
18.73897	137.08173	136.86872	136.121799	135.917515	
18.74968	137.08173	136.86872	136.121799	135.917515	
18.75922	137.08173	136.86872	136.121799	135.917515	
18.76937	137.08173	136.86872	136.121799	135.917515	
18.77947	137.08173	136.86872	136.121799	135.917515	
18.7896	137.08173	136.86872	136.121799	135.917515	
18.79988	137.08173	136.86872	136.121799	135.917515	
18.80992	137.08173	136.86872	136.121799	135.917515	
18.82004	137.08173	136.86872	136.121799	135.917515	
18.83014	137.08173	136.86872	136.121799	135.917515	
18.84023	137.08173	136.86872	136.121799	135.917515	
18.85041	137.08173	136.86872	136.121799	135.917515	
18.8684	137.08173	136.86872	136.121799	135.917515	
18.87274	137.08173	136.86872	136.121799	135.917515	
18.88288	137.08173	136.86872	136.121799	135.917515	
18.89299	137.08173	136.86872	136.121799	135.917515	
18.90363	137.08173	136.86872	136.121799	135.917515	
18.91335	137.08173	136.86872	136.121799	135.917515	
18.92348	137.08173	136.86872	136.121799	135.917515	
18.93367	137.08173	136.86872	136.121799	135.917515	
18.95203	137.08173	136.86872	136.121799	135.917515	
18.95645	137.08173	136.86872	136.121799	135.917515	
18.96658	137.08173	136.86872	136.121799	135.917515	
18.97668	137.08173	136.86872	136.121799	135.917515	
18.98678	137.08173	136.86872	136.121799	135.917515	
18.99693	137.08173	136.86872	136.121799	135.917515	
19.00803	137.08173	136.86872	136.121799	135.917515	
19.01721	137.08173	136.86872	136.121799	135.917515	
19.02732	137.08173	136.86872	136.121799	135.917515	
19.03751	137.08173	136.86872	136.121799	135.917515	
19.04756	137.08173	136.86872	136.121799	135.917515	
19.05771	137.08173	136.86872	136.121799	135.917515	
19.06782	137.08173	136.86872	136.121799	135.917515	
19.07796	137.08173	136.86872	136.121799	135.917515	
19.08803	137.08173	136.86872	136.121799	135.917515	
19.09827	137.08173	136.86872	136.121799	135.917515	
19.10925	137.08173	136.86872	136.121799	135.917515	
19.11848	137.08173	136.86872	136.121799	135.917515	
19.12857	137.08173	136.86872	136.121799	135.917515	
19.1387	137.08173	136.86872	136.121799	135.917515	
19.14884	137.08173	136.86872	136.121799	135.917515	
19.15907	137.08173	136.86872	136.121799	135.917515	
19.16915	137.08173	136.86872	136.121799	135.917515	
19.17921	137.08173	136.86872	136.121799	135.917515	
19.18934	137.08173	136.86872	136.121799	135.917515	
19.19974	137.08173	136.86872	136.121799	135.917515	
19.21058	137.08173	136.86872	136.121799	135.917515	
19.21972	137.08173	136.86872	136.121799	135.917515	
19.22988	137.08173	136.86872	136.121799	135.917515	
19.23995	137.08173	136.86872	136.121799	135.917515	
19.25007	137.08173	136.86872	136.121799	135.917515	
19.26029	137.08173	136.86872	136.121799	135.917515	
19.27036	137.08173	136.86872	136.121799	135.917515	
19.28054	137.08173	136.86872	136.121799	135.917515	
19.29063	137.08173	136.86872	136.121799	135.917515	
19.30093	137.08173	136.86872	136.121799	135.917515	
19.31188	137.08173	136.86872	136.121799	135.917515	
19.32125	137.08173	136.86872	136.121799	135.917515	
19.33139	137.08173	136.86872	136.121799	135.917515	
19.3416	137.08173	136.86872	136.121799	135.917515	
19.35162	137.08173	136.86872	136.121799	135.917515	
19.36181	137.08173	136.86872	136.121799	135.917515	
19.37194	137.08173	136.86872	136.121799	135.917515	
19.38208	137.08173	136.86872	136.121799	135.917515	
19.3922	137.08173	136.86872	136.121799	135.917515	
19.40232	137.08173	136.86872	136.121799	135.917515	
19.41313	137.08173	136.86872	136.121799	135.917515	
19.42262	137.08173	136.86872	136.121799	135.917515	
19.43275	137.08173	136.86872	136.121799	135.917515	
19.44284	137.08173	136.86872	136.121799	135.917515	
19.45304	137.08173	136.86872	136.121799	135.917515	
19.46325	137.08173	136.86872	136.121799	135.917515	
19.47329	137.08173	136.86872	136.121799	135.917515	
19.48341	137.08173	136.86872	136.121799	135.917515	
19.49363	137.08173	136.86872	136.121799	135.917515	
19.50366	137.08173	136.86872	136.121799	135.917515	
19.51434	137.08173	136.86872	136.121799	135.917515	
19.52397	137.08173	136.86872	136.121799	135.917515	
19.53412	137.08173	136.86872	136.121799	135.917515	
19.54424	137.08173	136.86872	136.121799	135.917515	
19.55433	137.08173	136.86872	136.121799	135.917515	
19.56453	137.08173	136.86872	136.121799	135.917515	
19.57467	137.08173	136.86872	136.121799	135.917515	
19.58483	137.08173	136.86872	136.121799	135.917515	
19.59492	137.08173	136.86872	136.121799	135.917515	
19.60504	137.08173	136.86872	136.121799	135.917515	
19.61569	137.08173	136.86872	136.121799	135.917515	
19.62533	137.08173	136.86872	136.121799	135.917515	
19.63548	137.08173	136.86872	136.121799	135.917515	
19.64568	137.08173	136.86872	136.121799	135.917515	
19.65571	137.08173	136.86872	136.121799	135.917515	
19.66791	137.08173	136.86872	136.121799	135.917515	
19.67799	137.08173	136.86872	136.121799	135.917515	
19.68805	137.08173	136.86872	136.121799	135.917515	
19.69818	137.08173	136.86872	136.121799	135.917515	
19.70841	137.08173	136.86872	136.121799	135.917515	
19.71857	137.08173	136.86872	136.121799	135.917515	
19.72864	137.08173	136.86872	136.121799	135.917515	
19.73876	137.08173	136.86872	136.121799	135.917515	
19.7491	137.08173	136.86872	136.121799	135.917515	
19.75954	137.08173	136.86872	136.121799	135.917515	
19.76921	137.08173	136.86872	136.121799	135.917515	
19.7795	137.08173	136.86872	136.121799	135.917515	
19.78989	137.08173	136.86872	136.121799	135.917515	
19.79991	137.08173	136.86872	136.121799	135.917515	
19.81009	137.08173	136.86872	136.121799	135.917515	
19.8203	137.08173	136.86872	136.121799	135.917515	
19.83046	137.08173	136.86872	136.121799	135.917515	
19.84062	137.08173	136.86872	136.121799	135.917515	
19.85059	137.08173	136.86872	136.121799	135.917515	
19.86108	137.08173	136.86872	136.121799	135.917515	
19.87905	137.08173	136.86872	136.121799	135.917515	
19.88344	137.08173	136.86872	136.121799	135.917515	
19.89363	137.08173	136.86872	136.121799	135.917515	
19.90365	137.08173	136.86872	136.121799	135.917515	
19.91381	137.08173	136.86872	136.121799	135.917515	
19.92401	137.08173	136.86872	136.121799	135.917515	
19.93414	137.08173	136.86872	136.121799	135.917515	
19.94422	137.08173	136.86872	136.121799	135.917515	
19.95436	137.08173	136.86872	136.121799	135.917515	
19.96455	137.08173	136.86872	136.121799	135.917515	
19.97467	137.08173	136.86872	136.121799	135.917515	
19.98481	137.08173	136.86872	136.121799	135.917515	
19.99493	137.08173	136.86872	136.121799	135.917515	
20.00503	137.08173	136.86872	136.121799	135.917515	
20.01521	137.08173	136.86872	136.121799	135.917515	
20.0254	137.08173	136.86872	136.121799	135.917515	
20.0355	137.08173	136.86872	136.121799	135.917515	
20.04571	137.08173	136.86872	136.121799	135.917515	
20.05576	137.08173	136.86872	136.121799	135.917515	
20.06585	137.08173	136.86872	136.121799	135.917515	
20.07603	137.08173	136.86872	136.121799	135.917515	
20.08617	137.08173	136.86872	136.121799	135.917515	
20.09633	137.08173	136.86872	136.121799	135.917515	
20.10643	137.08173	136.86872	136.121799	135.917515	
20.11688	137.08173	136.86872	136.121799	135.917515	
20.12677	137.08173	136.86872	136.121799	135.917515	
20.13687	137.08173	136.86872	136.121799	135.917515	
20.14699	137.08173	136.86872	136.121799	135.917515	
20.15712	137.08173	136.86872	136.121799	135.917515	
20.16724	137.08173	136.86872	136.121799	135.917515	
20.17741	137.08173	136.86872	136.121799	135.917515	
20.18752	137.08173	136.86872	136.121799	135.917515	
20.19775	137.08173	136.86872	136.121799	135.917515	
20.20778	137.08173	136.86872	136.121799	135.917515	
20.21834	137.08173	136.86872	136.121799	135.917515	
20.22808	137.08173	136.86872	136.121799	135.917515	
20.23818	137.08173	136.86872	136.121799	135.917515	
20.24844	137.08173	136.86872	136.121799	135.917515	
20.25975	137.08173	136.86872	136.121799	135.917515	
20.26874	137.08173	136.86872	136.121799	135.917515	
20.27887	137.08173	136.86872	136.121799	135.917515	
20.28904	137.08173	136.86872	136.121799	135.917515	
20.3119	137.08173	136.86872	136.121799	135.917515	
20.3221	137.08173	136.86872	136.121799	135.917515	
