6.542423	-10.3166804	-10.3148959	-158.626034	-158.624249	
6.548773	-10.3175791	-10.3148959	-158.626932	-158.624249	
6.558812	-10.3197151	-10.3148959	-158.629068	-158.624249	
6.56895	-10.3224934	-10.3148959	-158.631847	-158.624249	
6.579123	-10.3259048	-10.3148959	-158.635258	-158.624249	
6.589288	-10.3299297	-10.3148959	-158.639283	-158.624249	
6.599388	-10.3345418	-10.3148959	-158.643895	-158.624249	
6.609594	-10.3398283	-10.3148959	-158.649181	-158.624249	
6.619701	-10.3456765	-10.3148959	-158.65503	-158.624249	
6.629872	-10.3521819	-10.3148959	-158.661535	-158.624249	
6.640001	-10.3592737	-10.3148959	-158.668627	-158.624249	
6.650222	-10.3670645	-10.3148959	-158.676418	-158.624249	
6.660498	-10.3755294	-10.3148959	-158.684883	-158.624249	
6.670488	-10.3843439	-10.3148959	-158.693697	-158.624249	
6.680627	-10.393916	-10.3148959	-158.703269	-158.624249	
6.690774	-10.4041179	-10.3148959	-158.713471	-158.624249	
6.700984	-10.4150042	-10.3148959	-158.724357	-158.624249	
6.711075	-10.4263706	-10.3148959	-158.735724	-158.624249	
6.721226	-10.438427	-10.3148959	-158.74778	-158.624249	
6.731399	-10.4511352	-10.3148959	-158.760488	-158.624249	
6.741838	-10.4648452	-10.3148959	-158.774198	-158.632976	
6.751742	-10.4784018	-10.3148959	-158.787755	-158.632976	
6.773078	-10.5111175	-10.3148959	-158.820471	-158.632976	
6.77787	-10.518361	-10.3148959	-158.827714	-158.632976	
6.788776	-10.5357651	-10.3236225	-158.845118	-158.632976	
6.80503	-10.5635367	-10.3236225	-158.87289	-158.641702	
6.809808	-10.5716727	-10.3236225	-158.881026	-158.641702	
6.820015	-10.58985	-10.3236225	-158.899203	-158.650429	
6.830229	-10.6086546	-10.3323492	-158.918008	-158.659156	
6.840481	-10.6281802	-10.3323492	-158.937533	-158.667882	
6.850712	-10.6482857	-10.3323492	-158.957639	-158.676609	
6.860953	-10.6690278	-10.3498025	-158.978381	-158.685336	
6.871045	-10.6900869	-10.3585291	-158.99944	-158.702789	
6.8813	-10.7121313	-10.3672558	-159.021485	-158.711516	
6.891647	-10.735229	-10.3759824	-159.044582	-158.728969	
6.901873	-10.7582334	-10.4021623	-159.067587	-158.737695	
6.912041	-10.7819623	-10.410889	-159.091316	-158.755149	
6.922362	-10.8066825	-10.4370689	-159.116036	-158.772602	
6.932506	-10.8315857	-10.4545222	-159.140939	-158.790055	
6.942717	-10.8572782	-10.4807022	-159.166631	-158.807509	
6.953014	-10.883839	-10.5068821	-159.193192	-158.833689	
6.963224	-10.9107957	-10.533062	-159.220149	-158.851142	
6.973404	-10.9382886	-10.559242	-159.247642	-158.877322	
6.983586	-10.9664089	-10.5941486	-159.275762	-158.912228	
6.993819	-10.9953173	-10.6290551	-159.30467	-158.938408	
7.004	-11.02467	-10.6552351	-159.334023	-158.973315	
7.014358	-11.0551971	-10.6988683	-159.36455	-159.008222	
7.024568	-11.0859152	-10.7337749	-159.395268	-159.051855	
7.034759	-11.1171831	-10.7686815	-159.426536	-159.086761	
7.045157	-11.1497604	-10.8035881	-159.459114	-159.121668	
7.055138	-11.1816041	-10.8472213	-159.490957	-159.165301	
7.065329	-11.2147506	-10.8908545	-159.524104	-159.208934	
7.075593	-11.248769	-10.9257611	-159.558122	-159.261294	
7.085841	-11.2833604	-10.9693943	-159.592714	-159.304927	
7.096026	-11.3183525	-11.0130276	-159.627706	-159.348561	
7.106412	-11.3547172	-11.0566608	-159.66407	-159.400921	
7.116602	-11.3909917	-11.100294	-159.700345	-159.444554	
7.126778	-11.4278409	-11.1439273	-159.737194	-159.496914	
7.136998	-11.465466	-11.1875605	-159.774819	-159.540547	
7.147616	-11.5052687	-11.2399204	-159.814622	-159.592907	
7.157672	-11.5435398	-11.2835536	-159.852893	-159.63654	
7.167609	-11.5819467	-11.3271868	-159.8913	-159.6889	
7.177822	-11.6220708	-11.3795467	-159.931424	-159.74126	
7.18804	-11.662821	-11.42318	-159.972174	-159.784893	
7.198252	-11.7041851	-11.4755398	-160.013538	-159.837253	
7.208464	-11.7461749	-11.5191731	-160.055528	-159.889613	
7.21868	-11.7887949	-11.5715329	-160.098148	-159.933246	
7.238496	-11.8675668	-11.6238928	-160.17692	-160.029239	
7.243305	-11.8867596	-11.693706	-160.196113	-160.055419	
7.253616	-11.9271426	-11.7460659	-160.236496	-160.099052	
7.263796	-11.9664389	-11.7984257	-160.275792	-160.151412	
7.273998	-12.0052361	-11.842059	-160.314589	-160.195045	
7.284226	-12.0435452	-11.8856922	-160.352898	-160.238679	
7.29457	-12.0816898	-11.9380521	-160.391043	-160.291039	
7.304713	-12.1185228	-11.9816853	-160.427876	-160.334672	
7.314836	-12.1547034	-12.0340452	-160.464057	-160.378305	
7.325122	-12.19086	-12.0776784	-160.500213	-160.421938	
7.33529	-12.2260479	-12.1213117	-160.535401	-160.465571	
7.345728	-12.2615565	-12.1649449	-160.57091	-160.509205	
7.355759	-12.2951107	-12.2085781	-160.604464	-160.552838	
7.366204	-12.3294456	-12.2522113	-160.638799	-160.596471	
7.376143	-12.3615615	-12.2871179	-160.670915	-160.631378	
7.386418	-12.3941846	-12.3307512	-160.703538	-160.675011	
7.396552	-12.4257888	-12.3656578	-160.735142	-160.709918	
7.406782	-12.4571011	-12.409291	-160.766454	-160.744824	
7.416957	-12.4876649	-12.4441976	-160.797018	-160.779731	
7.427113	-12.5176165	-12.4791042	-160.82697	-160.814637	
7.437368	-12.5472586	-12.5140107	-160.856612	-160.849544	
7.44774	-12.5766553	-12.5401907	-160.886008	-160.88445	
7.457811	-12.6046339	-12.5750973	-160.913987	-160.91063	
7.467998	-12.6323592	-12.6012772	-160.941712	-160.93681	
7.478205	-12.6595512	-12.6361838	-160.968904	-160.971717	
7.488423	-12.6862051	-12.6623637	-160.995558	-160.997897	
7.498639	-12.7122721	-12.6885437	-161.021625	-161.01535	
7.508891	-12.7378546	-12.7147236	-161.047208	-161.04153	
7.519077	-12.7626973	-12.7409035	-161.07205	-161.06771	
7.52927	-12.7869869	-12.7670835	-161.09634	-161.085163	
7.539527	-12.8108483	-12.7932634	-161.120201	-161.111343	
7.549655	-12.8338516	-12.8107167	-161.143205	-161.128797	
7.559894	-12.8565196	-12.82817	-161.165873	-161.14625	
7.570387	-12.8792223	-12.8543499	-161.188575	-161.163703	
7.580494	-12.9003968	-12.8718032	-161.20975	-161.181156	
7.590732	-12.9213385	-12.8805299	-161.230692	-161.189883	
7.600938	-12.9416452	-12.8979832	-161.250998	-161.207336	
7.611202	-12.9615028	-12.9154365	-161.270856	-161.216063	
7.621452	-12.9807525	-12.9328898	-161.290106	-161.233516	
7.631612	-12.9992803	-12.9416164	-161.308634	-161.25097	
7.641821	-13.0173207	-12.950343	-161.326674	-161.259696	
7.652024	-13.0347991	-12.9590697	-161.344152	-161.268423	
7.662232	-13.0517134	-12.976523	-161.361067	-161.285876	
7.67241	-13.0680225	-12.9852496	-161.377376	-161.285876	
7.690986	-13.0955262	-12.9939763	-161.404879	-161.312056	
7.695858	-13.1027882	-13.0027029	-161.412141	-161.312056	
7.706	-13.1172163	-13.0027029	-161.426569	-161.320783	
7.716302	-13.1313108	-13.0114296	-161.440664	-161.320783	
7.726558	-13.1447866	-13.0201562	-161.45414	-161.329509	
7.736655	-13.1575174	-13.0201562	-161.466871	-161.338236	
7.747231	-13.1702472	-13.0288829	-161.4796	-161.338236	
7.757135	-13.1816777	-13.0288829	-161.491031	-161.346963	
7.767277	-13.1928399	-13.0376095	-161.502193	-161.346963	
7.777491	-13.2035329	-13.0376095	-161.512886	-161.355689	
7.787766	-13.2137469	-13.0376095	-161.5231	-161.355689	
7.79794	-13.223329	-13.0463362	-161.532682	-161.355689	
7.808127	-13.2323977	-13.0463362	-161.541751	-161.355689	
7.818382	-13.2410159	-13.0550628	-161.550369	-161.355689	
7.828582	-13.2490116	-13.0550628	-161.558365	-161.355689	
7.838785	-13.2565196	-13.0550628	-161.565873	-161.355689	
7.849271	-13.2636855	-13.0550628	-161.573039	-161.355689	
7.859218	-13.2700095	-13.0550628	-161.579363	-161.355689	
7.869482	-13.2760195	-13.0550628	-161.585373	-161.355689	
7.879649	-13.2814848	-13.0550628	-161.590838	-161.355689	
7.890179	-13.2866143	-13.0550628	-161.595967	-161.355689	
7.900104	-13.2910103	-13.0550628	-161.600363	-161.355689	
7.910313	-13.2950577	-13.0550628	-161.604411	-161.355689	
7.920558	-13.2986581	-13.0550628	-161.608011	-161.355689	
7.930745	-13.3017989	-13.0550628	-161.611152	-161.355689	
7.941011	-13.3045305	-13.0550628	-161.613884	-161.355689	
7.951293	-13.306855	-13.0550628	-161.616208	-161.355689	
7.964526	-13.3091242	-13.0550628	-161.618477	-161.355689	
7.97152	-13.310252	-13.0550628	-161.619605	-161.355689	
7.98164	-13.3148959	-13.0550628	-161.624249	-161.355689	
7.992002	-13.3148959	-13.0550628	-161.624249	-161.355689	
8.001934	-13.3148959	-13.0550628	-161.624249	-161.355689	
8.012126	-13.3148959	-13.0550628	-161.624249	-161.355689	
8.022349	-13.3148959	-13.0550628	-161.624249	-161.355689	
8.032445	-13.3148959	-13.0550628	-161.624249	-161.355689	
8.042533	-13.3148959	-13.0550628	-161.624249	-161.355689	
8.052836	-13.3148959	-13.0637895	-161.624249	-161.355689	
8.0629	-13.3148959	-13.0637895	-161.624249	-161.355689	
8.073091	-13.3148959	-13.0637895	-161.624249	-161.355689	
8.083165	-13.3148959	-13.0637895	-161.624249	-161.355689	
8.093473	-13.3148959	-13.0637895	-161.624249	-161.355689	
8.103763	-13.3148959	-13.0637895	-161.624249	-161.355689	
8.1136	-13.3148959	-13.0637895	-161.624249	-161.355689	
8.123777	-13.3148959	-13.0637895	-161.624249	-161.355689	
8.133896	-13.3148959	-13.0637895	-161.624249	-161.355689	
8.144014	-13.3148959	-13.0637895	-161.624249	-161.355689	
8.162564	-13.3148959	-13.0637895	-161.624249	-161.355689	
8.167133	-13.3148959	-13.0637895	-161.624249	-161.355689	
8.177279	-13.3148959	-13.0637895	-161.624249	-161.355689	
8.187435	-13.3148959	-13.0637895	-161.624249	-161.355689	
8.197576	-13.3148959	-13.0637895	-161.624249	-161.355689	
8.207769	-13.3148959	-13.0637895	-161.624249	-161.355689	
8.217927	-13.3148959	-13.0637895	-161.624249	-161.355689	
8.228066	-13.3148959	-13.0637895	-161.624249	-161.355689	
8.23824	-13.3148959	-13.0637895	-161.624249	-161.355689	
8.248389	-13.3148959	-13.0637895	-161.624249	-161.355689	
8.258563	-13.3148959	-13.0637895	-161.624249	-161.355689	
8.268726	-13.3148959	-13.0637895	-161.624249	-161.355689	
8.278865	-13.3148959	-13.0637895	-161.624249	-161.355689	
8.289014	-13.3148959	-13.0637895	-161.624249	-161.355689	
8.299173	-13.3148959	-13.0637895	-161.624249	-161.355689	
8.309401	-13.3148959	-13.0637895	-161.624249	-161.355689	
8.319505	-13.3148959	-13.0637895	-161.624249	-161.355689	
8.329653	-13.3148959	-13.0637895	-161.624249	-161.355689	
8.339871	-13.3148959	-13.0637895	-161.624249	-161.355689	
8.350027	-13.3148959	-13.0637895	-161.624249	-161.355689	
8.360756	-13.3148959	-13.0637895	-161.624249	-161.355689	
8.370255	-13.3148959	-13.0637895	-161.624249	-161.355689	
8.380388	-13.3148959	-13.0637895	-161.624249	-161.355689	
8.390543	-13.3148959	-13.0637895	-161.624249	-161.355689	
8.400658	-13.3148959	-13.0637895	-161.624249	-161.355689	
8.410849	-13.3148959	-13.0637895	-161.624249	-161.355689	
8.421065	-13.3148959	-13.0637895	-161.624249	-161.355689	
8.431135	-13.3148959	-13.0637895	-161.624249	-161.355689	
8.441296	-13.3148959	-13.0637895	-161.624249	-161.355689	
8.451792	-13.3148959	-13.0637895	-161.624249	-161.355689	
8.461588	-13.3148959	-13.0637895	-161.624249	-161.355689	
8.47203	-13.3148959	-13.0637895	-161.624249	-161.355689	
8.481896	-13.3148959	-13.0637895	-161.624249	-161.355689	
8.492045	-13.3148959	-13.0637895	-161.624249	-161.355689	
8.502206	-13.3148959	-13.0637895	-161.624249	-161.355689	
8.512292	-13.3148959	-13.0637895	-161.624249	-161.355689	
8.522638	-13.3148959	-13.0637895	-161.624249	-161.355689	
8.53265	-13.3148959	-13.0637895	-161.624249	-161.355689	
8.542831	-13.3148959	-13.0637895	-161.624249	-161.355689	
8.552975	-13.3148959	-13.0637895	-161.624249	-161.355689	
8.563437	-13.3148959	-13.0637895	-161.624249	-161.355689	
8.582383	-13.3148959	-13.0637895	-161.624249	-161.355689	
8.586912	-13.3148959	-13.0637895	-161.624249	-161.355689	
8.597119	-13.3148959	-13.0637895	-161.624249	-161.355689	
8.607236	-13.3148959	-13.0637895	-161.624249	-161.355689	
8.617571	-13.3148959	-13.0637895	-161.624249	-161.355689	
8.627617	-13.3148959	-13.0637895	-161.624249	-161.355689	
8.63769	-13.3148959	-13.0637895	-161.624249	-161.355689	
8.647865	-13.3148959	-13.0637895	-161.624249	-161.355689	
8.658056	-13.3148959	-13.0637895	-161.624249	-161.355689	
8.668251	-13.3148959	-13.0637895	-161.624249	-161.355689	
8.686293	-13.3148959	-13.0637895	-161.624249	-161.355689	
8.690912	-13.3148959	-13.0637895	-161.624249	-161.355689	
8.701058	-13.3148959	-13.0637895	-161.624249	-161.355689	
8.711118	-13.3148959	-13.0637895	-161.624249	-161.355689	
8.721277	-13.3148959	-13.0637895	-161.624249	-161.355689	
8.731443	-13.3148959	-13.0637895	-161.624249	-161.355689	
8.7416	-13.3148959	-13.0637895	-161.624249	-161.355689	
8.751791	-13.3148959	-13.0637895	-161.624249	-161.355689	
8.761908	-13.3148959	-13.0637895	-161.624249	-161.355689	
8.772096	-13.3148959	-13.0637895	-161.624249	-161.355689	
8.782427	-13.3148959	-13.0637895	-161.624249	-161.355689	
8.792415	-13.3148959	-13.0637895	-161.624249	-161.355689	
8.802559	-13.3148959	-13.0637895	-161.624249	-161.355689	
8.812691	-13.3148959	-13.0637895	-161.624249	-161.355689	
8.822882	-13.3148959	-13.0637895	-161.624249	-161.355689	
8.833078	-13.3148959	-13.0637895	-161.624249	-161.355689	
8.843141	-13.3148959	-13.0637895	-161.624249	-161.355689	
8.853679	-13.3148959	-13.0637895	-161.624249	-161.355689	
8.863449	-13.3148959	-13.0637895	-161.624249	-161.355689	
8.873596	-13.3148959	-13.0637895	-161.624249	-161.355689	
8.883758	-13.3148959	-13.0637895	-161.624249	-161.355689	
8.895236	-13.3148959	-13.0637895	-161.624249	-161.355689	
8.904038	-13.3148959	-13.0637895	-161.624249	-161.355689	
8.914219	-13.3148959	-13.0637895	-161.624249	-161.355689	
8.924789	-13.3148959	-13.0637895	-161.624249	-161.355689	
8.934919	-13.3148959	-13.0637895	-161.624249	-161.355689	
8.944624	-13.3148959	-13.0637895	-161.624249	-161.355689	
8.954792	-13.3148959	-13.0637895	-161.624249	-161.355689	
8.964927	-13.3148959	-13.0637895	-161.624249	-161.355689	
8.975091	-13.3148959	-13.0637895	-161.624249	-161.355689	
8.985201	-13.3148959	-13.0637895	-161.624249	-161.355689	
8.995345	-13.3148959	-13.0637895	-161.624249	-161.355689	
9.0055	-13.3148959	-13.0637895	-161.624249	-161.355689	
9.015682	-13.3148959	-13.0637895	-161.624249	-161.355689	
9.026178	-13.3148959	-13.0637895	-161.624249	-161.355689	
9.036404	-13.3148959	-13.0637895	-161.624249	-161.355689	
9.046574	-13.3148959	-13.0637895	-161.624249	-161.355689	
9.056681	-13.3148959	-13.0637895	-161.624249	-161.355689	
9.066834	-13.3148959	-13.0637895	-161.624249	-161.355689	
9.077022	-13.3148959	-13.0637895	-161.624249	-161.355689	
9.087144	-13.3148959	-13.0637895	-161.624249	-161.355689	
9.097247	-13.3148959	-13.0637895	-161.624249	-161.355689	
9.107439	-13.3148959	-13.0637895	-161.624249	-161.355689	
9.117787	-13.3148959	-13.0637895	-161.624249	-161.355689	
9.12771	-13.3148959	-13.0637895	-161.624249	-161.355689	
9.137864	-13.3148959	-13.0637895	-161.624249	-161.355689	
9.148068	-13.3148959	-13.0637895	-161.624249	-161.355689	
9.158228	-13.3148959	-13.0637895	-161.624249	-161.355689	
9.168356	-13.3148959	-13.0637895	-161.624249	-161.355689	
9.178514	-13.3148959	-13.0637895	-161.624249	-161.355689	
9.188643	-13.3148959	-13.0637895	-161.624249	-161.355689	
9.198791	-13.3148959	-13.0637895	-161.624249	-161.355689	
9.208938	-13.3148959	-13.0637895	-161.624249	-161.355689	
9.219098	-13.3148959	-13.0637895	-161.624249	-161.355689	
9.229302	-13.3148959	-13.0637895	-161.624249	-161.355689	
9.239399	-13.3148959	-13.0637895	-161.624249	-161.355689	
9.249554	-13.3148959	-13.0637895	-161.624249	-161.355689	
9.259768	-13.3148959	-13.0637895	-161.624249	-161.355689	
9.269876	-13.3148959	-13.0637895	-161.624249	-161.355689	
9.280015	-13.3148959	-13.0637895	-161.624249	-161.355689	
9.290159	-13.3148959	-13.0637895	-161.624249	-161.355689	
9.30034	-13.3148959	-13.0637895	-161.624249	-161.355689	
9.318352	-13.3148959	-13.0637895	-161.624249	-161.355689	
9.322887	-13.3148959	-13.0637895	-161.624249	-161.355689	
9.333097	-13.3148959	-13.0637895	-161.624249	-161.355689	
9.343155	-13.3148959	-13.0637895	-161.624249	-161.355689	
9.353351	-13.3148959	-13.0637895	-161.624249	-161.355689	
9.372021	-13.3148959	-13.0637895	-161.624249	-161.355689	
9.376547	-13.3148959	-13.0637895	-161.624249	-161.355689	
9.386681	-13.3148959	-13.0637895	-161.624249	-161.355689	
9.396887	-13.3148959	-13.0637895	-161.624249	-161.355689	
9.407013	-13.3148959	-13.0637895	-161.624249	-161.355689	
9.417186	-13.3148959	-13.0637895	-161.624249	-161.355689	
9.427343	-13.3148959	-13.0637895	-161.624249	-161.355689	
9.437504	-13.3148959	-13.0637895	-161.624249	-161.355689	
9.44765	-13.3148959	-13.0637895	-161.624249	-161.355689	
9.457828	-13.3148959	-13.0637895	-161.624249	-161.355689	
9.468033	-13.3148959	-13.0637895	-161.624249	-161.355689	
9.478183	-13.3148959	-13.0637895	-161.624249	-161.355689	
9.488331	-13.3148959	-13.0637895	-161.624249	-161.355689	
9.498519	-13.3148959	-13.0637895	-161.624249	-161.355689	
9.508657	-13.3148959	-13.0637895	-161.624249	-161.355689	
9.518797	-13.3148959	-13.0637895	-161.624249	-161.355689	
9.528963	-13.3148959	-13.0637895	-161.624249	-161.355689	
9.539107	-13.3148959	-13.0637895	-161.624249	-161.355689	
9.549307	-13.3148959	-13.0637895	-161.624249	-161.355689	
9.559443	-13.3148959	-13.0637895	-161.624249	-161.355689	
9.569557	-13.3148959	-13.0637895	-161.624249	-161.355689	
9.579783	-13.3148959	-13.0637895	-161.624249	-161.355689	
9.589895	-13.3148959	-13.0637895	-161.624249	-161.355689	
9.599999	-13.3148959	-13.0637895	-161.624249	-161.355689	
9.61017	-13.3148959	-13.0637895	-161.624249	-161.355689	
9.62042	-13.3148959	-13.0637895	-161.624249	-161.355689	
9.630616	-13.3148959	-13.0637895	-161.624249	-161.355689	
9.640664	-13.3148959	-13.0637895	-161.624249	-161.355689	
9.650838	-13.3148959	-13.0637895	-161.624249	-161.355689	
9.661063	-13.3148959	-13.0637895	-161.624249	-161.355689	
9.671181	-13.3148959	-13.0637895	-161.624249	-161.355689	
9.681304	-13.3148959	-13.0637895	-161.624249	-161.355689	
9.691453	-13.3148959	-13.0637895	-161.624249	-161.355689	
9.701612	-13.3148959	-13.0637895	-161.624249	-161.355689	
9.711904	-13.3148959	-13.0637895	-161.624249	-161.355689	
9.721922	-13.3148959	-13.0637895	-161.624249	-161.355689	
9.732446	-13.3148959	-13.0637895	-161.624249	-161.355689	
9.742241	-13.3148959	-13.0637895	-161.624249	-161.355689	
9.752373	-13.3148959	-13.0637895	-161.624249	-161.355689	
9.762534	-13.3148959	-13.0637895	-161.624249	-161.355689	
9.772686	-13.3148959	-13.0637895	-161.624249	-161.355689	
9.782887	-13.3148959	-13.0637895	-161.624249	-161.355689	
9.792982	-13.3148959	-13.0637895	-161.624249	-161.355689	
9.803133	-13.3148959	-13.0637895	-161.624249	-161.355689	
9.813306	-13.3148959	-13.0637895	-161.624249	-161.355689	
9.823412	-13.3148959	-13.0637895	-161.624249	-161.355689	
9.833563	-13.3148959	-13.0637895	-161.624249	-161.355689	
9.843737	-13.3148959	-13.0637895	-161.624249	-161.355689	
9.853875	-13.3148959	-13.0637895	-161.624249	-161.355689	
9.864039	-13.3148959	-13.0637895	-161.624249	-161.355689	
9.874264	-13.3148959	-13.0637895	-161.624249	-161.355689	
9.884326	-13.3148959	-13.0637895	-161.624249	-161.355689	
9.894556	-13.3148959	-13.0637895	-161.624249	-161.355689	
9.904615	-13.3148959	-13.0637895	-161.624249	-161.355689	
9.914724	-13.3148959	-13.0637895	-161.624249	-161.355689	
9.925137	-13.3148959	-13.0637895	-161.624249	-161.355689	
9.93505	-13.3148959	-13.0637895	-161.624249	-161.355689	
9.945197	-13.3148959	-13.0637895	-161.624249	-161.355689	
9.955348	-13.3148959	-13.0637895	-161.624249	-161.355689	
9.965534	-13.3148959	-13.0637895	-161.624249	-161.355689	
9.983998	-13.3148959	-13.0637895	-161.624249	-161.355689	
9.988549	-13.3148959	-13.0637895	-161.624249	-161.355689	
9.998762	-13.3148959	-13.0637895	-161.624249	-161.355689	
10.00888	-13.3148959	-13.0637895	-161.624249	-161.355689	
10.019	-13.3148959	-13.0637895	-161.624249	-161.355689	
10.02925	-13.3148959	-13.0637895	-161.624249	-161.355689	
10.03933	-13.3148959	-13.0637895	-161.624249	-161.355689	
10.04947	-13.3148959	-13.0637895	-161.624249	-161.355689	
10.05986	-13.3148959	-13.0637895	-161.624249	-161.355689	
10.06991	-13.3148959	-13.0637895	-161.624249	-161.355689	
10.08011	-13.3148959	-13.0637895	-161.624249	-161.355689	
10.09025	-13.3148959	-13.0637895	-161.624249	-161.355689	
10.10038	-13.3148959	-13.0637895	-161.624249	-161.355689	
10.11063	-13.3148959	-13.0637895	-161.624249	-161.355689	
10.12077	-13.3148959	-13.0637895	-161.624249	-161.355689	
10.13086	-13.3148959	-13.0637895	-161.624249	-161.355689	
10.14097	-13.3148959	-13.0637895	-161.624249	-161.355689	
10.15116	-13.3148959	-13.0637895	-161.624249	-161.355689	
10.16133	-13.3148959	-13.0637895	-161.624249	-161.355689	
10.17149	-13.3148959	-13.0637895	-161.624249	-161.355689	
10.18171	-13.3148959	-13.0637895	-161.624249	-161.355689	
10.19188	-13.3148959	-13.0637895	-161.624249	-161.355689	
10.202	-13.3148959	-13.0637895	-161.624249	-161.355689	
10.21215	-13.3148959	-13.0637895	-161.624249	-161.355689	
10.2223	-13.3148959	-13.0637895	-161.624249	-161.355689	
10.23239	-13.3148959	-13.0637895	-161.624249	-161.355689	
10.24263	-13.3148959	-13.0637895	-161.624249	-161.355689	
10.25272	-13.3148959	-13.0637895	-161.624249	-161.355689	
10.26291	-13.3148959	-13.0637895	-161.624249	-161.355689	
10.27304	-13.3148959	-13.0637895	-161.624249	-161.355689	
10.28344	-13.3148959	-13.0637895	-161.624249	-161.355689	
10.30155	-13.3148959	-13.0637895	-161.624249	-161.355689	
10.30617	-13.3148959	-13.0637895	-161.624249	-161.355689	
10.31635	-13.3148959	-13.0637895	-161.624249	-161.355689	
10.32649	-13.3148959	-13.0637895	-161.624249	-161.355689	
10.33667	-13.3148959	-13.0637895	-161.624249	-161.355689	
10.34681	-13.3148959	-13.0637895	-161.624249	-161.355689	
10.35699	-13.3148959	-13.0637895	-161.624249	-161.355689	
10.36737	-13.3148959	-13.0637895	-161.624249	-161.355689	
10.37748	-13.3148959	-13.0637895	-161.624249	-161.355689	
10.38763	-13.3148959	-13.0637895	-161.624249	-161.355689	
10.40588	-13.3148959	-13.0637895	-161.624249	-161.355689	
10.4104	-13.3148959	-13.0637895	-161.624249	-161.355689	
10.42058	-13.3148959	-13.0637895	-161.624249	-161.355689	
10.4308	-13.3148959	-13.0637895	-161.624249	-161.355689	
10.44089	-13.3148959	-13.0637895	-161.624249	-161.355689	
10.45108	-13.3148959	-13.0637895	-161.624249	-161.355689	
10.46147	-13.3148959	-13.0637895	-161.624249	-161.355689	
10.47155	-13.3148959	-13.0637895	-161.624249	-161.355689	
10.48172	-13.3148959	-13.0637895	-161.624249	-161.355689	
10.49214	-13.3148959	-13.0637895	-161.624249	-161.355689	
10.50216	-13.3148959	-13.0637895	-161.624249	-161.355689	
10.51213	-13.3148959	-13.0637895	-161.624249	-161.355689	
10.52226	-13.3148959	-13.0637895	-161.624249	-161.355689	
10.53249	-13.3148959	-13.0637895	-161.624249	-161.355689	
10.55084	-13.3148959	-13.0637895	-161.624249	-161.355689	
10.55539	-13.3148959	-13.0637895	-161.624249	-161.355689	
10.5656	-13.3148959	-13.0637895	-161.624249	-161.355689	
10.58401	-13.3148959	-13.0637895	-161.624249	-161.355689	
10.58851	-13.3148959	-13.0637895	-161.624249	-161.355689	
10.59872	-13.3148959	-13.0637895	-161.624249	-161.355689	
10.60883	-13.3148959	-13.0637895	-161.624249	-161.355689	
10.61898	-13.3148959	-13.0637895	-161.624249	-161.355689	
10.62925	-13.3148959	-13.0637895	-161.624249	-161.355689	
10.63927	-13.3148959	-13.0637895	-161.624249	-161.355689	
10.64944	-13.3148959	-13.0637895	-161.624249	-161.355689	
10.65965	-13.3148959	-13.0637895	-161.624249	-161.355689	
10.66978	-13.3148959	-13.0637895	-161.624249	-161.355689	
10.67991	-13.3148959	-13.0637895	-161.624249	-161.355689	
10.69006	-13.3148959	-13.0637895	-161.624249	-161.355689	
10.70022	-13.3148959	-13.0637895	-161.624249	-161.355689	
10.71046	-13.3148959	-13.0637895	-161.624249	-161.355689	
10.72053	-13.3148959	-13.0637895	-161.624249	-161.355689	
10.73071	-13.3148959	-13.0637895	-161.624249	-161.355689	
10.74084	-13.3148959	-13.0637895	-161.624249	-161.355689	
10.75095	-13.3148959	-13.0637895	-161.624249	-161.355689	
10.76144	-13.3148959	-13.0637895	-161.624249	-161.355689	
10.77129	-13.3148959	-13.0637895	-161.624249	-161.355689	
10.78149	-13.3148959	-13.0637895	-161.624249	-161.355689	
10.79158	-13.3148959	-13.0637895	-161.624249	-161.355689	
10.80211	-13.3148959	-13.0637895	-161.624249	-161.355689	
10.81195	-13.3148959	-13.0637895	-161.624249	-161.355689	
10.82206	-13.3148959	-13.0637895	-161.624249	-161.355689	
10.83217	-13.3148959	-13.0637895	-161.624249	-161.355689	
10.84231	-13.3148959	-13.0637895	-161.624249	-161.355689	
10.85251	-13.3148959	-13.0637895	-161.624249	-161.355689	
10.87091	-13.3148959	-13.0637895	-161.624249	-161.355689	
10.87546	-13.3148959	-13.0637895	-161.624249	-161.355689	
10.88563	-13.3148959	-13.0637895	-161.624249	-161.355689	
10.90515	-13.3148959	-13.0637895	-161.624249	-161.355689	
10.90969	-13.3148959	-13.0637895	-161.624249	-161.355689	
10.9199	-13.3148959	-13.0637895	-161.624249	-161.355689	
10.93	-13.3148959	-13.0637895	-161.624249	-161.355689	
10.94019	-13.3148959	-13.0637895	-161.624249	-161.355689	
10.95032	-13.3148959	-13.0637895	-161.624249	-161.355689	
10.96078	-13.3148959	-13.0637895	-161.624249	-161.355689	
10.97069	-13.3148959	-13.0637895	-161.624249	-161.355689	
10.9808	-13.3148959	-13.0637895	-161.624249	-161.355689	
10.99094	-13.3148959	-13.0637895	-161.624249	-161.355689	
11.00109	-13.3148959	-13.0637895	-161.624249	-161.355689	
11.0112	-13.3148959	-13.0637895	-161.624249	-161.355689	
11.02181	-13.3148959	-13.0637895	-161.624249	-161.355689	
11.03152	-13.3148959	-13.0637895	-161.624249	-161.355689	
11.04172	-13.3148959	-13.0637895	-161.624249	-161.355689	
11.05187	-13.3148959	-13.0637895	-161.624249	-161.355689	
11.07033	-13.3148959	-13.0637895	-161.624249	-161.355689	
11.07488	-13.3148959	-13.0637895	-161.624249	-161.355689	
11.08503	-13.3148959	-13.0637895	-161.624249	-161.355689	
11.09513	-13.3148959	-13.0637895	-161.624249	-161.355689	
11.10527	-13.3148959	-13.0637895	-161.624249	-161.355689	
11.11545	-13.3148959	-13.0637895	-161.624249	-161.355689	
11.12571	-13.3148959	-13.0637895	-161.624249	-161.355689	
11.13578	-13.3148959	-13.0637895	-161.624249	-161.355689	
11.1459	-13.3148959	-13.0637895	-161.624249	-161.355689	
11.1561	-13.3148959	-13.0637895	-161.624249	-161.355689	
11.16621	-13.3148959	-13.0637895	-161.624249	-161.355689	
11.17639	-13.3148959	-13.0637895	-161.624249	-161.355689	
11.18654	-13.3148959	-13.0637895	-161.624249	-161.355689	
11.1967	-13.3148959	-13.0637895	-161.624249	-161.355689	
11.20692	-13.3148959	-13.0637895	-161.624249	-161.355689	
11.21703	-13.3148959	-13.0637895	-161.624249	-161.355689	
11.22723	-13.3148959	-13.0637895	-161.624249	-161.355689	
11.23747	-13.3148959	-13.0637895	-161.624249	-161.355689	
11.24757	-13.3148959	-13.0637895	-161.624249	-161.355689	
11.25771	-13.3148959	-13.0637895	-161.624249	-161.355689	
11.26795	-13.3148959	-13.0637895	-161.624249	-161.355689	
11.27805	-13.3148959	-13.0637895	-161.624249	-161.355689	
11.28818	-13.3148959	-13.0637895	-161.624249	-161.355689	
11.29835	-13.3148959	-13.0637895	-161.624249	-161.355689	
11.30855	-13.3148959	-13.0637895	-161.624249	-161.355689	
11.31875	-13.3148959	-13.0637895	-161.624249	-161.355689	
11.32886	-13.3148959	-13.0637895	-161.624249	-161.355689	
11.33904	-13.3148959	-13.0637895	-161.624249	-161.355689	
11.34924	-13.3148959	-13.0637895	-161.624249	-161.355689	
11.35934	-13.3148959	-13.0637895	-161.624249	-161.355689	
11.36951	-13.3148959	-13.0637895	-161.624249	-161.355689	
11.37962	-13.3148959	-13.0637895	-161.624249	-161.355689	
11.38976	-13.3148959	-13.0637895	-161.624249	-161.355689	
11.39989	-13.3148959	-13.0637895	-161.624249	-161.355689	
11.41007	-13.3148959	-13.0637895	-161.624249	-161.355689	
11.42024	-13.3148959	-13.0637895	-161.624249	-161.355689	
11.43038	-13.3148959	-13.0637895	-161.624249	-161.355689	
11.44055	-13.3148959	-13.0637895	-161.624249	-161.355689	
11.45068	-13.3148959	-13.0637895	-161.624249	-161.355689	
11.46084	-13.3148959	-13.0637895	-161.624249	-161.355689	
11.47101	-13.3148959	-13.0637895	-161.624249	-161.355689	
11.48115	-13.3148959	-13.0637895	-161.624249	-161.355689	
11.49128	-13.3148959	-13.0637895	-161.624249	-161.355689	
11.50148	-13.3148959	-13.0637895	-161.624249	-161.355689	
11.51158	-13.3148959	-13.0637895	-161.624249	-161.355689	
11.52173	-13.3148959	-13.0637895	-161.624249	-161.355689	
11.53192	-13.3148959	-13.0637895	-161.624249	-161.355689	
11.54202	-13.3148959	-13.0637895	-161.624249	-161.355689	
11.55224	-13.3148959	-13.0637895	-161.624249	-161.355689	
11.56232	-13.3148959	-13.0637895	-161.624249	-161.355689	
11.57254	-13.3148959	-13.0637895	-161.624249	-161.355689	
11.58271	-13.3148959	-13.0637895	-161.624249	-161.355689	
11.593	-13.3148959	-13.0637895	-161.624249	-161.355689	
11.60303	-13.3148959	-13.0637895	-161.624249	-161.355689	
11.61316	-13.3148959	-13.0637895	-161.624249	-161.355689	
11.62327	-13.3148959	-13.0637895	-161.624249	-161.355689	
11.63339	-13.3148959	-13.0637895	-161.624249	-161.355689	
11.64359	-13.3148959	-13.0637895	-161.624249	-161.355689	
11.65372	-13.3148959	-13.0637895	-161.624249	-161.355689	
11.66386	-13.3148959	-13.0637895	-161.624249	-161.355689	
11.67399	-13.3148959	-13.0637895	-161.624249	-161.355689	
11.68423	-13.3148959	-13.0637895	-161.624249	-161.355689	
11.69434	-13.3148959	-13.0637895	-161.624249	-161.355689	
11.70443	-13.3148959	-13.0637895	-161.624249	-161.355689	
11.71457	-13.3148959	-13.0637895	-161.624249	-161.355689	
11.72472	-13.3148959	-13.0637895	-161.624249	-161.355689	
11.73495	-13.3148959	-13.0637895	-161.624249	-161.355689	
11.74505	-13.3148959	-13.0637895	-161.624249	-161.355689	
11.78277	-13.3148959	-13.0637895	-161.624249	-161.355689	
