3.992702	-13.0566071	-13.0550628	-161.357234	-161.355689	
4.000066	-13.057672	-13.0550628	-161.358299	-161.355689	
4.010158	-13.0598275	-13.0550628	-161.360454	-161.355689	
4.020257	-13.0625974	-13.0550628	-161.363224	-161.355689	
4.03039	-13.0659938	-13.0550628	-161.36662	-161.355689	
4.040543	-13.0700127	-13.0550628	-161.370639	-161.355689	
4.051389	-13.0750428	-13.0550628	-161.375669	-161.355689	
4.060832	-13.0799068	-13.0550628	-161.380533	-161.355689	
4.071041	-13.0858213	-13.0550628	-161.386448	-161.355689	
4.081527	-13.0925635	-13.0550628	-161.39319	-161.355689	
4.091289	-13.09939	-13.0550628	-161.400017	-161.355689	
4.101497	-13.107168	-13.0550628	-161.407795	-161.355689	
4.111627	-13.1155026	-13.0550628	-161.416129	-161.355689	
4.121765	-13.1244524	-13.0550628	-161.425079	-161.355689	
4.131901	-13.1340243	-13.0550628	-161.434651	-161.355689	
4.142022	-13.1441942	-13.0550628	-161.444821	-161.355689	
4.152601	-13.1555092	-13.0550628	-161.456136	-161.355689	
4.162391	-13.1665332	-13.0550628	-161.46716	-161.355689	
4.172497	-13.1785342	-13.0550628	-161.479161	-161.355689	
4.182715	-13.1912979	-13.0550628	-161.491924	-161.355689	
4.192758	-13.2044456	-13.0550628	-161.505072	-161.355689	
4.203144	-13.2187091	-13.0550628	-161.519336	-161.355689	
4.213089	-13.2329287	-13.0550628	-161.533555	-161.355689	
4.223442	-13.2484013	-13.0550628	-161.549028	-161.355689	
4.233591	-13.2641681	-13.0550628	-161.564795	-161.355689	
4.243803	-13.2806735	-13.0550628	-161.5813	-161.355689	
4.253885	-13.2975681	-13.0637895	-161.598195	-161.355689	
4.264424	-13.3159167	-13.0637895	-161.616543	-161.355689	
4.274455	-13.3339529	-13.0637895	-161.634579	-161.355689	
4.285866	-13.3553252	-13.0637895	-161.655952	-161.355689	
4.295114	-13.3730886	-13.0637895	-161.673715	-161.355689	
4.304906	-13.3924862	-13.0637895	-161.693113	-161.355689	
4.315079	-13.4132646	-13.0637895	-161.713891	-161.355689	
4.325218	-13.4345954	-13.0637895	-161.735222	-161.355689	
4.335407	-13.456667	-13.0637895	-161.757294	-161.355689	
4.345626	-13.4794106	-13.0637895	-161.780037	-161.355689	
4.355731	-13.5025233	-13.0725161	-161.80315	-161.355689	
4.365895	-13.5263976	-13.0725161	-161.827024	-161.355689	
4.376135	-13.5510696	-13.0812427	-161.851696	-161.355689	
4.386209	-13.5759479	-13.0899694	-161.876574	-161.364416	
4.39639	-13.6017312	-13.1074227	-161.902358	-161.373143	
4.406529	-13.6280002	-13.1161493	-161.928627	-161.390596	
4.416701	-13.6549898	-13.124876	-161.955616	-161.399323	
4.42684	-13.6824993	-13.1423293	-161.983126	-161.416776	
4.436991	-13.7106683	-13.1597826	-162.011295	-161.434229	
4.447161	-13.7395143	-13.1772359	-162.040141	-161.460409	
4.457313	-13.7689184	-13.2034158	-162.069545	-161.477862	
4.467461	-13.7989285	-13.2295957	-162.099555	-161.495316	
4.477638	-13.8296528	-13.247049	-162.130279	-161.530222	
4.48778	-13.8608813	-13.273229	-162.161508	-161.556402	
4.497938	-13.8927979	-13.2994089	-162.193424	-161.582582	
4.508104	-13.925331	-13.3343155	-162.225958	-161.617489	
4.518272	-13.9585105	-13.3692221	-162.259137	-161.652395	
4.528491	-13.992495	-13.4041287	-162.293122	-161.687302	
4.538576	-14.0266061	-13.4390352	-162.327233	-161.730935	
4.548746	-14.0616346	-13.4826685	-162.362261	-161.765842	
4.558918	-14.0973048	-13.5263017	-162.397931	-161.809475	
4.569036	-14.1333947	-13.5699349	-162.434021	-161.853108	
4.579229	-14.1703816	-13.6135682	-162.471008	-161.896741	
4.589369	-14.207784	-13.6572014	-162.508411	-161.949101	
4.599556	-14.2460145	-13.7095613	-162.546641	-161.992735	
4.609739	-14.2849934	-13.7531945	-162.58562	-162.036368	
4.620113	-14.3253693	-13.8055544	-162.625996	-162.088728	
4.630014	-14.3639249	-13.8579143	-162.664551	-162.141088	
4.640263	-14.4048703	-13.9102741	-162.705497	-162.193447	
4.650327	-14.4456748	-13.962634	-162.746301	-162.237081	
4.660413	-14.4871796	-14.0149939	-162.787806	-162.298167	
4.670638	-14.5298878	-14.0673538	-162.830514	-162.3418	
4.680747	-14.5727212	-14.1197136	-162.873348	-162.402887	
4.690942	-14.6146671	-14.1720735	-162.915294	-162.44652	
4.701097	-14.6558625	-14.2244334	-162.956489	-162.507607	
4.711222	-14.6963097	-14.2767933	-162.996936	-162.559967	
4.721367	-14.7362151	-14.3291532	-163.036842	-162.621053	
4.731508	-14.7754925	-14.381513	-163.076119	-162.673413	
4.741684	-14.8143067	-14.4425996	-163.114933	-162.725773	
4.75183	-14.8523944	-14.4949594	-163.153021	-162.786859	
4.761978	-14.8898585	-14.5473193	-163.190485	-162.839219	
4.772107	-14.9266434	-14.5996792	-163.22727	-162.891579	
4.790467	-14.9908977	-14.6520391	-163.291524	-162.987572	
4.795025	-15.006888	-14.7131256	-163.307515	-163.013752	
4.80521	-15.0418939	-14.7654855	-163.34252	-163.066112	
4.815402	-15.0762812	-14.8178453	-163.376908	-163.118472	
4.825578	-15.1100119	-14.8702052	-163.410638	-163.162105	
4.835733	-15.1430824	-14.9138385	-163.443709	-163.214465	
4.8459	-15.1755547	-14.9574717	-163.476181	-163.258098	
4.856126	-15.2076022	-15.0098316	-163.508229	-163.310458	
4.866188	-15.2385457	-15.0534648	-163.539172	-163.354091	
4.876361	-15.2692252	-15.097098	-163.569852	-163.397725	
4.886481	-15.2991308	-15.1494579	-163.599757	-163.441358	
4.896694	-15.3287052	-15.1843645	-163.629332	-163.484991	
4.906838	-15.3574566	-15.2279977	-163.658083	-163.519898	
4.916988	-15.38563	-15.271631	-163.686257	-163.563531	
4.92716	-15.4132532	-15.3152642	-163.71388	-163.598437	
4.937265	-15.4400997	-15.3588974	-163.740726	-163.642071	
4.947493	-15.4666707	-15.393804	-163.767297	-163.676977	
4.957622	-15.4924373	-15.4287106	-163.793064	-163.711884	
4.967792	-15.5175525	-15.4636172	-163.818179	-163.74679	
4.977931	-15.5420811	-15.4985238	-163.842708	-163.781697	
4.988042	-15.565932	-15.5334303	-163.866559	-163.807877	
4.998288	-15.5895032	-15.5683369	-163.89013	-163.842784	
5.008433	-15.6122259	-15.5945169	-163.912852	-163.868963	
5.018558	-15.634315	-15.6206968	-163.934942	-163.90387	
5.028718	-15.6558821	-15.6468767	-163.956509	-163.93005	
5.038877	-15.6768508	-15.6730567	-163.977477	-163.95623	
5.049043	-15.6972354	-15.7079633	-163.997862	-163.973683	
5.059182	-15.7169687	-15.7254166	-164.017595	-163.999863	
5.069301	-15.736075	-15.7428699	-164.036702	-164.026043	
5.07944	-15.7546232	-15.7690498	-164.05525	-164.043496	
5.089681	-15.7727594	-15.7865031	-164.073386	-164.06095	
5.09998	-15.7903899	-15.8039564	-164.091016	-164.078403	
5.109937	-15.8068681	-15.812683	-164.107495	-164.095856	
5.120157	-15.8231799	-15.8301363	-164.123806	-164.11331	
5.130237	-15.8386987	-15.8475896	-164.139325	-164.122036	
5.140376	-15.8537244	-15.8563163	-164.154351	-164.13949	
5.15053	-15.868183	-15.8737695	-164.16881	-164.148216	
5.160721	-15.8821117	-15.8824962	-164.182738	-164.156943	
5.170823	-15.8953464	-15.8824962	-164.195973	-164.165669	
5.180987	-15.9080798	-15.8912228	-164.208706	-164.174396	
5.191179	-15.920273	-15.8999495	-164.2209	-164.183123	
5.209672	-15.9400693	-15.9174028	-164.240696	-164.191849	
5.214304	-15.9450858	-15.9174028	-164.245712	-164.191849	
5.224465	-15.9553787	-15.9174028	-164.256005	-164.200576	
5.234621	-15.9651071	-15.9174028	-164.265734	-164.200576	
5.244777	-15.9742854	-15.9174028	-164.274912	-164.200576	
5.254964	-15.9829312	-15.9174028	-164.283558	-164.200576	
5.265098	-15.9909899	-15.9174028	-164.291616	-164.200576	
5.275261	-15.9985285	-15.9174028	-164.299155	-164.200576	
5.285804	-16.0058532	-15.9174028	-164.30648	-164.200576	
5.295597	-16.0120063	-15.9174028	-164.312633	-164.200576	
5.305832	-16.0179899	-15.9174028	-164.318616	-164.200576	
5.315944	-16.0233932	-15.9174028	-164.32402	-164.200576	
5.326098	-16.0283132	-15.9174028	-164.32894	-164.200576	
5.33633	-16.0327653	-15.9174028	-164.333392	-164.200576	
5.346426	-16.0366839	-15.9174028	-164.33731	-164.200576	
5.356563	-16.0401481	-15.9174028	-164.340775	-164.200576	
5.366782	-16.0431814	-15.9174028	-164.343808	-164.200576	
5.376895	-16.0457533	-15.9174028	-164.34638	-164.200576	
5.387047	-16.0479229	-15.9174028	-164.348549	-164.200576	
5.397228	-16.049712	-15.9174028	-164.350338	-164.200576	
5.40745	-16.0550628	-15.9174028	-164.355689	-164.200576	
5.417663	-16.0550628	-15.9174028	-164.355689	-164.200576	
5.427735	-16.0550628	-15.9174028	-164.355689	-164.200576	
5.437862	-16.0550628	-15.9174028	-164.355689	-164.200576	
5.448121	-16.0550628	-15.9174028	-164.355689	-164.200576	
5.458204	-16.0550628	-15.9174028	-164.355689	-164.200576	
5.468356	-16.0550628	-15.9174028	-164.355689	-164.200576	
5.478538	-16.0550628	-15.9174028	-164.355689	-164.200576	
5.488673	-16.0550628	-15.9174028	-164.355689	-164.200576	
5.498868	-16.0550628	-15.9174028	-164.355689	-164.200576	
5.50902	-16.0550628	-15.9174028	-164.355689	-164.200576	
5.519175	-16.0550628	-15.9174028	-164.355689	-164.200576	
5.529358	-16.0550628	-15.9174028	-164.355689	-164.200576	
5.539441	-16.0550628	-15.9174028	-164.355689	-164.200576	
5.550266	-16.0550628	-15.9174028	-164.355689	-164.200576	
5.560377	-16.0550628	-15.9174028	-164.355689	-164.200576	
5.570472	-16.0550628	-15.9174028	-164.355689	-164.200576	
5.580632	-16.0550628	-15.9174028	-164.355689	-164.200576	
5.590795	-16.0550628	-15.9174028	-164.355689	-164.200576	
5.601016	-16.0550628	-15.9174028	-164.355689	-164.200576	
5.611094	-16.0550628	-15.9174028	-164.355689	-164.200576	
5.621223	-16.0550628	-15.9174028	-164.355689	-164.200576	
5.631362	-16.0550628	-15.9174028	-164.355689	-164.200576	
5.641501	-16.0550628	-15.9174028	-164.355689	-164.200576	
5.651629	-16.0550628	-15.9174028	-164.355689	-164.200576	
5.661795	-16.0550628	-15.9174028	-164.355689	-164.200576	
5.671921	-16.0550628	-15.9174028	-164.355689	-164.200576	
5.682276	-16.0550628	-15.9174028	-164.355689	-164.200576	
5.69231	-16.0550628	-15.9174028	-164.355689	-164.200576	
5.702507	-16.0550628	-15.9174028	-164.355689	-164.200576	
5.712628	-16.0550628	-15.9174028	-164.355689	-164.200576	
5.723013	-16.0550628	-15.9174028	-164.355689	-164.200576	
5.732873	-16.0550628	-15.9174028	-164.355689	-164.200576	
5.743005	-16.0550628	-15.9174028	-164.355689	-164.200576	
5.753156	-16.0550628	-15.9174028	-164.355689	-164.200576	
5.763256	-16.0550628	-15.9174028	-164.355689	-164.200576	
5.773468	-16.0550628	-15.9174028	-164.355689	-164.200576	
5.783937	-16.0550628	-15.9174028	-164.355689	-164.200576	
5.8017	-16.0550628	-15.9174028	-164.355689	-164.200576	
5.806255	-16.0550628	-15.9174028	-164.355689	-164.200576	
5.816417	-16.0550628	-15.9174028	-164.355689	-164.200576	
5.826515	-16.0550628	-15.9174028	-164.355689	-164.200576	
5.83672	-16.0550628	-15.9174028	-164.355689	-164.200576	
5.846901	-16.0550628	-15.9174028	-164.355689	-164.200576	
5.857022	-16.0550628	-15.9174028	-164.355689	-164.200576	
5.867161	-16.0550628	-15.9174028	-164.355689	-164.200576	
5.877295	-16.0550628	-15.9174028	-164.355689	-164.200576	
5.887552	-16.0550628	-15.9174028	-164.355689	-164.200576	
5.897757	-16.0550628	-15.9174028	-164.355689	-164.200576	
5.908182	-16.0550628	-15.9174028	-164.355689	-164.200576	
5.918314	-16.0550628	-15.9174028	-164.355689	-164.200576	
5.92847	-16.0550628	-15.9174028	-164.355689	-164.200576	
5.938561	-16.0550628	-15.9174028	-164.355689	-164.200576	
5.948759	-16.0550628	-15.9174028	-164.355689	-164.200576	
5.958929	-16.0550628	-15.9174028	-164.355689	-164.200576	
5.969061	-16.0550628	-15.9174028	-164.355689	-164.200576	
5.97918	-16.0550628	-15.9174028	-164.355689	-164.200576	
5.98937	-16.0550628	-15.9174028	-164.355689	-164.200576	
5.999545	-16.0550628	-15.9174028	-164.355689	-164.200576	
6.009795	-16.0550628	-15.9174028	-164.355689	-164.200576	
6.019858	-16.0550628	-15.9174028	-164.355689	-164.200576	
6.029984	-16.0550628	-15.9174028	-164.355689	-164.200576	
6.040281	-16.0550628	-15.9174028	-164.355689	-164.200576	
6.050295	-16.0550628	-15.9174028	-164.355689	-164.200576	
6.060455	-16.0550628	-15.9174028	-164.355689	-164.200576	
6.070573	-16.0550628	-15.9174028	-164.355689	-164.200576	
6.080718	-16.0550628	-15.9174028	-164.355689	-164.200576	
6.091293	-16.0550628	-15.9174028	-164.355689	-164.200576	
6.10106	-16.0550628	-15.9174028	-164.355689	-164.200576	
6.111236	-16.0550628	-15.9174028	-164.355689	-164.200576	
6.121392	-16.0550628	-15.9174028	-164.355689	-164.200576	
6.131514	-16.0550628	-15.9174028	-164.355689	-164.200576	
6.141683	-16.0550628	-15.9174028	-164.355689	-164.200576	
6.151808	-16.0550628	-15.9174028	-164.355689	-164.200576	
6.161968	-16.0550628	-15.9174028	-164.355689	-164.200576	
6.172109	-16.0550628	-15.9174028	-164.355689	-164.200576	
6.182328	-16.0550628	-15.9174028	-164.355689	-164.200576	
6.192491	-16.0550628	-15.9174028	-164.355689	-164.200576	
6.202719	-16.0550628	-15.9174028	-164.355689	-164.200576	
6.212721	-16.0550628	-15.9174028	-164.355689	-164.200576	
6.222877	-16.0550628	-15.9174028	-164.355689	-164.200576	
6.232998	-16.0550628	-15.9174028	-164.355689	-164.200576	
6.243132	-16.0550628	-15.9174028	-164.355689	-164.200576	
6.253296	-16.0550628	-15.9174028	-164.355689	-164.200576	
6.263434	-16.0550628	-15.9174028	-164.355689	-164.200576	
6.273606	-16.0550628	-15.9174028	-164.355689	-164.200576	
6.283773	-16.0550628	-15.9174028	-164.355689	-164.200576	
6.293942	-16.0550628	-15.9174028	-164.355689	-164.200576	
6.304587	-16.0550628	-15.9174028	-164.355689	-164.200576	
6.314274	-16.0550628	-15.9174028	-164.355689	-164.200576	
6.324419	-16.0550628	-15.9174028	-164.355689	-164.200576	
6.334569	-16.0550628	-15.9174028	-164.355689	-164.200576	
6.344751	-16.0550628	-15.9174028	-164.355689	-164.200576	
6.354881	-16.0550628	-15.9174028	-164.355689	-164.200576	
6.36505	-16.0550628	-15.9174028	-164.355689	-164.200576	
6.375219	-16.0550628	-15.9174028	-164.355689	-164.200576	
6.385359	-16.0550628	-15.9174028	-164.355689	-164.200576	
6.395518	-16.0550628	-15.9174028	-164.355689	-164.200576	
6.40602	-16.0550628	-15.9174028	-164.355689	-164.200576	
6.415896	-16.0550628	-15.9174028	-164.355689	-164.200576	
6.425999	-16.0550628	-15.9174028	-164.355689	-164.200576	
6.436159	-16.0550628	-15.9174028	-164.355689	-164.200576	
6.446321	-16.0550628	-15.9174028	-164.355689	-164.200576	
6.456515	-16.0550628	-15.9174028	-164.355689	-164.200576	
6.46672	-16.0550628	-15.9174028	-164.355689	-164.200576	
6.476854	-16.0550628	-15.9174028	-164.355689	-164.200576	
6.487053	-16.0550628	-15.9174028	-164.355689	-164.200576	
6.497182	-16.0550628	-15.9174028	-164.355689	-164.200576	
6.507607	-16.0550628	-15.9174028	-164.355689	-164.200576	
6.517539	-16.0550628	-15.9174028	-164.355689	-164.200576	
6.527687	-16.0550628	-15.9174028	-164.355689	-164.200576	
6.537878	-16.0550628	-15.9174028	-164.355689	-164.200576	
6.548025	-16.0550628	-15.9174028	-164.355689	-164.200576	
6.558133	-16.0550628	-15.9174028	-164.355689	-164.200576	
6.568395	-16.0550628	-15.9174028	-164.355689	-164.200576	
6.578465	-16.0550628	-15.9174028	-164.355689	-164.200576	
6.588618	-16.0550628	-15.9174028	-164.355689	-164.200576	
6.598762	-16.0550628	-15.9174028	-164.355689	-164.200576	
6.617292	-16.0550628	-15.9174028	-164.355689	-164.200576	
6.622167	-16.0550628	-15.9174028	-164.355689	-164.200576	
6.632061	-16.0550628	-15.9174028	-164.355689	-164.200576	
6.64216	-16.0550628	-15.9174028	-164.355689	-164.200576	
6.660242	-16.0550628	-15.9174028	-164.355689	-164.200576	
6.664896	-16.0550628	-15.9174028	-164.355689	-164.200576	
6.675032	-16.0550628	-15.9174028	-164.355689	-164.200576	
6.685188	-16.0550628	-15.9174028	-164.355689	-164.200576	
6.695359	-16.0550628	-15.9174028	-164.355689	-164.200576	
6.705477	-16.0550628	-15.9174028	-164.355689	-164.200576	
6.715728	-16.0550628	-15.9174028	-164.355689	-164.200576	
6.72614	-16.0550628	-15.9174028	-164.355689	-164.200576	
6.736024	-16.0550628	-15.9174028	-164.355689	-164.200576	
6.746116	-16.0550628	-15.9174028	-164.355689	-164.200576	
6.756297	-16.0550628	-15.9174028	-164.355689	-164.200576	
6.766423	-16.0550628	-15.9174028	-164.355689	-164.200576	
6.776634	-16.0550628	-15.9174028	-164.355689	-164.200576	
6.786737	-16.0550628	-15.9174028	-164.355689	-164.200576	
6.796898	-16.0550628	-15.9174028	-164.355689	-164.200576	
6.807122	-16.0550628	-15.9174028	-164.355689	-164.200576	
6.817227	-16.0550628	-15.9174028	-164.355689	-164.200576	
6.827434	-16.0550628	-15.9174028	-164.355689	-164.200576	
6.837548	-16.0550628	-15.9174028	-164.355689	-164.200576	
6.847726	-16.0550628	-15.9174028	-164.355689	-164.200576	
6.857952	-16.0550628	-15.9174028	-164.355689	-164.200576	
6.868053	-16.0550628	-15.9174028	-164.355689	-164.200576	
6.878221	-16.0550628	-15.9174028	-164.355689	-164.200576	
6.888447	-16.0550628	-15.9174028	-164.355689	-164.200576	
6.898557	-16.0550628	-15.9174028	-164.355689	-164.200576	
6.908713	-16.0550628	-15.9174028	-164.355689	-164.200576	
6.918913	-16.0550628	-15.9174028	-164.355689	-164.200576	
6.929044	-16.0550628	-15.9174028	-164.355689	-164.200576	
6.9392	-16.0550628	-15.9174028	-164.355689	-164.200576	
6.949351	-16.0550628	-15.9174028	-164.355689	-164.200576	
6.959495	-16.0550628	-15.9174028	-164.355689	-164.200576	
6.969647	-16.0550628	-15.9174028	-164.355689	-164.200576	
6.979819	-16.0550628	-15.9174028	-164.355689	-164.200576	
6.989954	-16.0550628	-15.9174028	-164.355689	-164.200576	
7.000126	-16.0550628	-15.9174028	-164.355689	-164.200576	
7.010289	-16.0550628	-15.9174028	-164.355689	-164.200576	
7.020415	-16.0550628	-15.9174028	-164.355689	-164.200576	
7.030542	-16.0550628	-15.9174028	-164.355689	-164.200576	
7.040739	-16.0550628	-15.9174028	-164.355689	-164.200576	
7.050904	-16.0550628	-15.9174028	-164.355689	-164.200576	
7.061033	-16.0550628	-15.9174028	-164.355689	-164.200576	
7.071266	-16.0550628	-15.9174028	-164.355689	-164.200576	
7.081625	-16.0550628	-15.9174028	-164.355689	-164.200576	
7.091465	-16.0550628	-15.9174028	-164.355689	-164.200576	
7.101607	-16.0550628	-15.9174028	-164.355689	-164.200576	
7.111808	-16.0550628	-15.9174028	-164.355689	-164.200576	
7.121979	-16.0550628	-15.9174028	-164.355689	-164.200576	
7.132108	-16.0550628	-15.9174028	-164.355689	-164.200576	
7.142347	-16.0550628	-15.9174028	-164.355689	-164.200576	
7.152517	-16.0550628	-15.9174028	-164.355689	-164.200576	
7.162551	-16.0550628	-15.9174028	-164.355689	-164.200576	
7.172706	-16.0550628	-15.9174028	-164.355689	-164.200576	
7.182842	-16.0550628	-15.9174028	-164.355689	-164.200576	
7.192998	-16.0550628	-15.9174028	-164.355689	-164.200576	
7.203261	-16.0550628	-15.9174028	-164.355689	-164.200576	
7.213414	-16.0550628	-15.9174028	-164.355689	-164.200576	
7.22358	-16.0550628	-15.9174028	-164.355689	-164.200576	
7.241683	-16.0550628	-15.9174028	-164.355689	-164.200576	
7.246347	-16.0550628	-15.9174028	-164.355689	-164.200576	
7.256473	-16.0550628	-15.9174028	-164.355689	-164.200576	
7.266539	-16.0550628	-15.9174028	-164.355689	-164.200576	
7.276688	-16.0550628	-15.9174028	-164.355689	-164.200576	
7.286815	-16.0550628	-15.9174028	-164.355689	-164.200576	
7.297041	-16.0550628	-15.9174028	-164.355689	-164.200576	
7.307176	-16.0550628	-15.9174028	-164.355689	-164.200576	
7.317356	-16.0550628	-15.9174028	-164.355689	-164.200576	
7.327489	-16.0550628	-15.9174028	-164.355689	-164.200576	
7.337627	-16.0550628	-15.9174028	-164.355689	-164.200576	
7.347829	-16.0550628	-15.9174028	-164.355689	-164.200576	
7.357977	-16.0550628	-15.9174028	-164.355689	-164.200576	
7.368135	-16.0550628	-15.9174028	-164.355689	-164.200576	
7.378283	-16.0550628	-15.9174028	-164.355689	-164.200576	
7.388441	-16.0550628	-15.9174028	-164.355689	-164.200576	
7.398579	-16.0550628	-15.9174028	-164.355689	-164.200576	
7.408785	-16.0550628	-15.9174028	-164.355689	-164.200576	
7.418926	-16.0550628	-15.9174028	-164.355689	-164.200576	
7.429059	-16.0550628	-15.9174028	-164.355689	-164.200576	
7.439221	-16.0550628	-15.9174028	-164.355689	-164.200576	
7.449367	-16.0550628	-15.9174028	-164.355689	-164.200576	
7.459527	-16.0550628	-15.9174028	-164.355689	-164.200576	
7.469669	-16.0550628	-15.9174028	-164.355689	-164.200576	
7.479844	-16.0550628	-15.9174028	-164.355689	-164.200576	
7.490044	-16.0550628	-15.9174028	-164.355689	-164.200576	
7.500165	-16.0550628	-15.9174028	-164.355689	-164.200576	
7.510517	-16.0550628	-15.9174028	-164.355689	-164.200576	
7.520559	-16.0550628	-15.9174028	-164.355689	-164.200576	
7.530625	-16.0550628	-15.9174028	-164.355689	-164.200576	
7.541044	-16.0550628	-15.9174028	-164.355689	-164.200576	
7.551021	-16.0550628	-15.9174028	-164.355689	-164.200576	
7.561175	-16.0550628	-15.9174028	-164.355689	-164.200576	
7.571253	-16.0550628	-15.9174028	-164.355689	-164.200576	
7.581378	-16.0550628	-15.9174028	-164.355689	-164.200576	
7.591506	-16.0550628	-15.9174028	-164.355689	-164.200576	
7.601686	-16.0550628	-15.9174028	-164.355689	-164.200576	
7.612116	-16.0550628	-15.9174028	-164.355689	-164.200576	
7.622006	-16.0550628	-15.9174028	-164.355689	-164.200576	
7.632135	-16.0550628	-15.9174028	-164.355689	-164.200576	
7.642326	-16.0550628	-15.9174028	-164.355689	-164.200576	
7.652851	-16.0550628	-15.9174028	-164.355689	-164.200576	
7.662692	-16.0550628	-15.9174028	-164.355689	-164.200576	
7.672702	-16.0550628	-15.9174028	-164.355689	-164.200576	
7.682869	-16.0550628	-15.9174028	-164.355689	-164.200576	
7.693009	-16.0550628	-15.9174028	-164.355689	-164.200576	
7.703148	-16.0550628	-15.9174028	-164.355689	-164.200576	
7.713347	-16.0550628	-15.9174028	-164.355689	-164.200576	
7.723454	-16.0550628	-15.9174028	-164.355689	-164.200576	
7.733607	-16.0550628	-15.9174028	-164.355689	-164.200576	
7.743791	-16.0550628	-15.9174028	-164.355689	-164.200576	
7.753988	-16.0550628	-15.9174028	-164.355689	-164.200576	
7.764405	-16.0550628	-15.9174028	-164.355689	-164.200576	
7.774575	-16.0550628	-15.9174028	-164.355689	-164.200576	
7.784704	-16.0550628	-15.9174028	-164.355689	-164.200576	
7.794876	-16.0550628	-15.9174028	-164.355689	-164.200576	
7.805066	-16.0550628	-15.9174028	-164.355689	-164.200576	
7.815255	-16.0550628	-15.9174028	-164.355689	-164.200576	
7.825354	-16.0550628	-15.9174028	-164.355689	-164.200576	
7.835506	-16.0550628	-15.9174028	-164.355689	-164.200576	
7.845673	-16.0550628	-15.9174028	-164.355689	-164.200576	
7.855839	-16.0550628	-15.9174028	-164.355689	-164.200576	
7.866064	-16.0550628	-15.9174028	-164.355689	-164.200576	
7.876212	-16.0550628	-15.9174028	-164.355689	-164.200576	
7.88636	-16.0550628	-15.9174028	-164.355689	-164.200576	
7.896601	-16.0550628	-15.9174028	-164.355689	-164.200576	
7.906665	-16.0550628	-15.9174028	-164.355689	-164.200576	
7.916846	-16.0550628	-15.9174028	-164.355689	-164.200576	
7.92703	-16.0550628	-15.9174028	-164.355689	-164.200576	
7.937151	-16.0550628	-15.9174028	-164.355689	-164.200576	
7.947288	-16.0550628	-15.9174028	-164.355689	-164.200576	
7.957442	-16.0550628	-15.9174028	-164.355689	-164.200576	
7.967601	-16.0550628	-15.9174028	-164.355689	-164.200576	
7.977751	-16.0550628	-15.9174028	-164.355689	-164.200576	
7.987902	-16.0550628	-15.9174028	-164.355689	-164.200576	
7.998053	-16.0550628	-15.9174028	-164.355689	-164.200576	
8.008219	-16.0550628	-15.9174028	-164.355689	-164.200576	
8.018394	-16.0550628	-15.9174028	-164.355689	-164.200576	
8.028546	-16.0550628	-15.9174028	-164.355689	-164.200576	
8.03864	-16.0550628	-15.9174028	-164.355689	-164.200576	
8.048875	-16.0550628	-15.9174028	-164.355689	-164.200576	
8.059658	-16.0550628	-15.9174028	-164.355689	-164.200576	
8.069089	-16.0550628	-15.9174028	-164.355689	-164.200576	
8.079281	-16.0550628	-15.9174028	-164.355689	-164.200576	
8.089394	-16.0550628	-15.9174028	-164.355689	-164.200576	
8.09963	-16.0550628	-15.9174028	-164.355689	-164.200576	
8.109814	-16.0550628	-15.9174028	-164.355689	-164.200576	
8.120144	-16.0550628	-15.9174028	-164.355689	-164.200576	
8.130154	-16.0550628	-15.9174028	-164.355689	-164.200576	
8.140293	-16.0550628	-15.9174028	-164.355689	-164.200576	
8.150429	-16.0550628	-15.9174028	-164.355689	-164.200576	
8.160653	-16.0550628	-15.9174028	-164.355689	-164.200576	
8.170695	-16.0550628	-15.9174028	-164.355689	-164.200576	
8.180937	-16.0550628	-15.9174028	-164.355689	-164.200576	
8.191146	-16.0550628	-15.9174028	-164.355689	-164.200576	
8.201321	-16.0550628	-15.9174028	-164.355689	-164.200576	
8.21136	-16.0550628	-15.9174028	-164.355689	-164.200576	
8.221508	-16.0550628	-15.9174028	-164.355689	-164.200576	
8.231669	-16.0550628	-15.9174028	-164.355689	-164.200576	
8.241847	-16.0550628	-15.9174028	-164.355689	-164.200576	
8.251953	-16.0550628	-15.9174028	-164.355689	-164.200576	
8.262102	-16.0550628	-15.9174028	-164.355689	-164.200576	
8.272301	-16.0550628	-15.9174028	-164.355689	-164.200576	
8.282847	-16.0550628	-15.9174028	-164.355689	-164.200576	
8.292883	-16.0550628	-15.9174028	-164.355689	-164.200576	
8.302721	-16.0550628	-15.9174028	-164.355689	-164.200576	
8.312899	-16.0550628	-15.9174028	-164.355689	-164.200576	
8.323022	-16.0550628	-15.9174028	-164.355689	-164.200576	
8.333181	-16.0550628	-15.9174028	-164.355689	-164.200576	
8.343339	-16.0550628	-15.9174028	-164.355689	-164.200576	
8.35347	-16.0550628	-15.9174028	-164.355689	-164.200576	
8.363629	-16.0550628	-15.9174028	-164.355689	-164.200576	
8.373824	-16.0550628	-15.9174028	-164.355689	-164.200576	
8.383927	-16.0550628	-15.9174028	-164.355689	-164.200576	
8.394179	-16.0550628	-15.9174028	-164.355689	-164.200576	
8.404672	-16.0550628	-15.9174028	-164.355689	-164.200576	
8.414468	-16.0550628	-15.9174028	-164.355689	-164.200576	
8.424674	-16.0550628	-15.9174028	-164.355689	-164.200576	
8.434738	-16.0550628	-15.9174028	-164.355689	-164.200576	
8.444926	-16.0550628	-15.9174028	-164.355689	-164.200576	
8.455119	-16.0550628	-15.9174028	-164.355689	-164.200576	
8.465263	-16.0550628	-15.9174028	-164.355689	-164.200576	
8.475392	-16.0550628	-15.9174028	-164.355689	-164.200576	
8.485537	-16.0550628	-15.9174028	-164.355689	-164.200576	
8.495719	-16.0550628	-15.9174028	-164.355689	-164.200576	
8.50594	-16.0550628	-15.9174028	-164.355689	-164.200576	
8.516076	-16.0550628	-15.9174028	-164.355689	-164.200576	
8.526214	-16.0550628	-15.9174028	-164.355689	-164.200576	
8.536375	-16.0550628	-15.9174028	-164.355689	-164.200576	
8.546522	-16.0550628	-15.9174028	-164.355689	-164.200576	
8.556677	-16.0550628	-15.9174028	-164.355689	-164.200576	
8.56683	-16.0550628	-15.9174028	-164.355689	-164.200576	
8.57702	-16.0550628	-15.9174028	-164.355689	-164.200576	
8.58715	-16.0550628	-15.9174028	-164.355689	-164.200576	
8.597296	-16.0550628	-15.9174028	-164.355689	-164.200576	
8.607497	-16.0550628	-15.9174028	-164.355689	-164.200576	
8.617891	-16.0550628	-15.9174028	-164.355689	-164.200576	
8.62778	-16.0550628	-15.9174028	-164.355689	-164.200576	
8.637943	-16.0550628	-15.9174028	-164.355689	-164.200576	
8.648047	-16.0550628	-15.9174028	-164.355689	-164.200576	
8.6582	-16.0550628	-15.9174028	-164.355689	-164.200576	
8.668395	-16.0550628	-15.9174028	-164.355689	-164.200576	
8.678529	-16.0550628	-15.9174028	-164.355689	-164.200576	
8.688717	-16.0550628	-15.9174028	-164.355689	-164.200576	
8.698807	-16.0550628	-15.9174028	-164.355689	-164.200576	
8.70902	-16.0550628	-15.9174028	-164.355689	-164.200576	
8.719494	-16.0550628	-15.9174028	-164.355689	-164.200576	
8.729601	-16.0550628	-15.9174028	-164.355689	-164.200576	
8.739807	-16.0550628	-15.9174028	-164.355689	-164.200576	
8.750187	-16.0550628	-15.9174028	-164.355689	-164.200576	
8.760076	-16.0550628	-15.9174028	-164.355689	-164.200576	
8.77024	-16.0550628	-15.9174028	-164.355689	-164.200576	
8.780381	-16.0550628	-15.9174028	-164.355689	-164.200576	
8.790486	-16.0550628	-15.9174028	-164.355689	-164.200576	
8.800684	-16.0550628	-15.9174028	-164.355689	-164.200576	
8.810867	-16.0550628	-15.9174028	-164.355689	-164.200576	
8.821035	-16.0550628	-15.9174028	-164.355689	-164.200576	
8.831237	-16.0550628	-15.9174028	-164.355689	-164.200576	
8.841297	-16.0550628	-15.9174028	-164.355689	-164.200576	
8.851419	-16.0550628	-15.9174028	-164.355689	-164.200576	
8.861702	-16.0550628	-15.9174028	-164.355689	-164.200576	
8.871743	-16.0550628	-15.9174028	-164.355689	-164.200576	
8.881948	-16.0550628	-15.9174028	-164.355689	-164.200576	
8.892039	-16.0550628	-15.9174028	-164.355689	-164.200576	
8.902177	-16.0550628	-15.9174028	-164.355689	-164.200576	
8.921003	-16.0550628	-15.9174028	-164.355689	-164.200576	
8.925586	-16.0550628	-15.9174028	-164.355689	-164.200576	
8.935743	-16.0550628	-15.9174028	-164.355689	-164.200576	
8.945954	-16.0550628	-15.9174028	-164.355689	-164.200576	
8.956056	-16.0550628	-15.9174028	-164.355689	-164.200576	
8.966231	-16.0550628	-15.9174028	-164.355689	-164.200576	
8.976378	-16.0550628	-15.9174028	-164.355689	-164.200576	
8.986536	-16.0550628	-15.9174028	-164.355689	-164.200576	
8.996702	-16.0550628	-15.9174028	-164.355689	-164.200576	
9.006836	-16.0550628	-15.9174028	-164.355689	-164.200576	
9.017028	-16.0550628	-15.9174028	-164.355689	-164.200576	
9.027166	-16.0550628	-15.9174028	-164.355689	-164.200576	
9.037266	-16.0550628	-15.9174028	-164.355689	-164.200576	
9.047495	-16.0550628	-15.9174028	-164.355689	-164.200576	
9.058286	-16.0550628	-15.9174028	-164.355689	-164.200576	
9.067759	-16.0550628	-15.9174028	-164.355689	-164.200576	
9.077879	-16.0550628	-15.9174028	-164.355689	-164.200576	
9.088044	-16.0550628	-15.9174028	-164.355689	-164.200576	
9.098237	-16.0550628	-15.9174028	-164.355689	-164.200576	
9.108368	-16.0550628	-15.9174028	-164.355689	-164.200576	
9.118564	-16.0550628	-15.9174028	-164.355689	-164.200576	
9.128751	-16.0550628	-15.9174028	-164.355689	-164.200576	
9.138842	-16.0550628	-15.9174028	-164.355689	-164.200576	
9.14899	-16.0550628	-15.9174028	-164.355689	-164.200576	
9.159166	-16.0550628	-15.9174028	-164.355689	-164.200576	
9.1693	-16.0550628	-15.9174028	-164.355689	-164.200576	
9.179439	-16.0550628	-15.9174028	-164.355689	-164.200576	
9.189598	-16.0550628	-15.9174028	-164.355689	-164.200576	
9.199796	-16.0550628	-15.9174028	-164.355689	-164.200576	
9.209911	-16.0550628	-15.9174028	-164.355689	-164.200576	
9.220417	-16.0550628	-15.9174028	-164.355689	-164.200576	
9.240525	-16.0550628	-15.9174028	-164.355689	-164.200576	
9.252915	-16.0550628	-15.9174028	-164.355689	-164.200576	
9.257746	-16.0550628	-15.9174028	-164.355689	-164.200576	
