19.82757	-7.52406075	-7.52236908	-155.824687	-155.822996	
19.83391	-7.52494228	-7.52236908	-155.825569	-155.822996	
19.84405	-7.52708695	-7.52236908	-155.827713	-155.831722	
19.85422	-7.52985654	-7.52236908	-155.830483	-155.831722	
19.87229	-7.53717606	-7.52236908	-155.837803	-155.831722	
19.87684	-7.53895436	-7.52236908	-155.839581	-155.831722	
19.887	-7.54372304	-7.53109572	-155.84435	-155.831722	
19.89714	-7.54909764	-7.53109572	-155.849724	-155.831722	
19.9073	-7.5551035	-7.53109572	-155.85573	-155.831722	
19.91743	-7.56170578	-7.53982237	-155.862332	-155.831722	
19.92793	-7.56922319	-7.53982237	-155.86985	-155.831722	
19.93778	-7.57683487	-7.53982237	-155.877461	-155.831722	
19.94793	-7.5853035	-7.53982237	-155.88593	-155.831722	
19.95812	-7.594441	-7.53982237	-155.895068	-155.831722	
19.96825	-7.60412794	-7.53982237	-155.904754	-155.831722	
19.97839	-7.61444228	-7.53982237	-155.915069	-155.831722	
19.98855	-7.6254036	-7.53982237	-155.92603	-155.831722	
19.99872	-7.63699079	-7.53982237	-155.937617	-155.831722	
20.00891	-7.6492332	-7.53982237	-155.94986	-155.831722	
20.01902	-7.66197342	-7.53982237	-155.9626	-155.831722	
20.02953	-7.67591091	-7.53982237	-155.976537	-155.831722	
20.03937	-7.68951179	-7.53982237	-155.990138	-155.831722	
20.04951	-7.70416396	-7.53982237	-156.004791	-155.831722	
20.05962	-7.71937619	-7.53982237	-156.020003	-155.831722	
20.06976	-7.735243	-7.53982237	-156.03587	-155.831722	
20.07999	-7.75189957	-7.53982237	-156.052526	-155.840449	
20.09008	-7.76891774	-7.53982237	-156.069544	-155.840449	
20.10024	-7.78668226	-7.53982237	-156.087309	-155.840449	
20.1104	-7.80507552	-7.54854901	-156.105702	-155.849176	
20.12061	-7.82418479	-7.54854901	-156.124811	-155.857902	
20.13075	-7.84378633	-7.55727566	-156.144413	-155.866629	
20.14088	-7.86394729	-7.55727566	-156.164574	-155.875355	
20.15101	-7.88474835	-7.57472895	-156.185375	-155.884082	
20.16119	-7.90627993	-7.57472895	-156.206906	-155.892809	
20.17131	-7.92828634	-7.59218225	-156.228913	-155.910262	
20.18145	-7.95094887	-7.60963554	-156.251575	-155.918989	
20.19167	-7.97443565	-7.61836218	-156.275062	-155.936442	
20.20177	-7.99838043	-7.63581548	-156.299007	-155.945169	
20.21195	-8.02289111	-7.65326877	-156.323518	-155.962622	
20.22206	-8.04794846	-7.67072206	-156.348575	-155.980075	
20.23226	-8.07387125	-7.68817536	-156.374498	-155.997529	
20.24237	-8.10015999	-7.71435529	-156.400787	-156.023708	
20.25256	-8.12730659	-7.74053523	-156.427933	-156.041162	
20.2627	-8.15489947	-7.76671517	-156.455526	-156.067342	
20.27284	-8.18315143	-7.78416846	-156.483778	-156.084795	
20.28299	-8.21202703	-7.81907505	-156.512654	-156.119702	
20.29344	-8.24242367	-7.85398163	-156.54305	-156.145882	
20.30327	-8.27156921	-7.88016157	-156.572196	-156.172061	
20.3136	-8.30286866	-7.90634151	-156.603495	-156.206968	
20.32355	-8.33358397	-7.9412481	-156.634211	-156.241875	
20.33372	-8.36564443	-7.97615468	-156.666271	-156.276781	
20.34391	-8.39832987	-8.01106127	-156.698956	-156.320414	
20.35402	-8.43140842	-8.0546945	-156.732035	-156.364048	
20.36416	-8.46519634	-8.09832773	-156.765823	-156.398954	
20.37443	-8.5000508	-8.13323431	-156.800677	-156.442588	
20.38447	-8.53474363	-8.1681409	-156.83537	-156.486221	
20.39463	-8.57043486	-8.21177413	-156.871061	-156.529854	
20.40474	-8.60659436	-8.25540736	-156.907221	-156.573487	
20.41488	-8.64346815	-8.29904059	-156.944095	-156.625847	
20.42509	-8.68120136	-8.34267382	-156.981828	-156.66948	
20.43521	-8.71925128	-8.38630706	-157.019878	-156.713114	
20.44534	-8.75793572	-8.42994029	-157.058562	-156.765473	
20.45557	-8.79762897	-8.48230016	-157.098256	-156.817833	
20.46565	-8.83737318	-8.5259334	-157.138	-156.861467	
20.48366	-8.91070661	-8.6219265	-157.211333	-156.948733	
20.48812	-8.92883365	-8.6393798	-157.22946	-156.966186	
20.4983	-8.97095799	-8.69173967	-157.271585	-157.018546	
20.50845	-9.01351992	-8.74409955	-157.314146	-157.062179	
20.51863	-9.05506964	-8.79645943	-157.355696	-157.114539	
20.52881	-9.09603058	-8.84009266	-157.396657	-157.166899	
20.53893	-9.13610038	-8.89245254	-157.436727	-157.219259	
20.54911	-9.17584224	-8.94481242	-157.476469	-157.262892	
20.55928	-9.2150002	-8.99717229	-157.515627	-157.315252	
20.5694	-9.25330761	-9.04953217	-157.553934	-157.367612	
20.57955	-9.2911665	-9.10189205	-157.591793	-157.411245	
20.58972	-9.32848092	-9.14552528	-157.629107	-157.463605	
20.59988	-9.3652207	-9.19788516	-157.665847	-157.515965	
20.61003	-9.40128471	-9.25024504	-157.701911	-157.568325	
20.62016	-9.43672177	-9.29387827	-157.737348	-157.611958	
20.63068	-9.47285347	-9.34623814	-157.77348	-157.655591	
20.64052	-9.50611791	-9.38987138	-157.806744	-157.707951	
20.65061	-9.53965801	-9.44223125	-157.840285	-157.751584	
20.66113	-9.57408893	-9.48586448	-157.874715	-157.795218	
20.67099	-9.60557388	-9.52949772	-157.9062	-157.838851	
20.6912	-9.66747201	-9.60803753	-157.968099	-157.926117	
20.69582	-9.6816973	-9.63421747	-157.982324	-157.943571	
20.7063	-9.71319453	-9.66912406	-158.013821	-157.987204	
20.7162	-9.74237074	-9.70403064	-158.042997	-158.030837	
20.7264	-9.7718862	-9.74766387	-158.072513	-158.065744	
20.73658	-9.80069995	-9.78257046	-158.101326	-158.109377	
20.74669	-9.8287602	-9.81747704	-158.129387	-158.144284	
20.75687	-9.85644396	-9.85238363	-158.157071	-158.170463	
20.76712	-9.88369464	-9.88729021	-158.184321	-158.20537	
20.77729	-9.9101729	-9.9221968	-158.210799	-158.240277	
20.78736	-9.93579555	-9.94837674	-158.236422	-158.275183	
20.79772	-9.9615738	-9.98328332	-158.2622	-158.301363	
20.80774	-9.98590701	-10.0094633	-158.286534	-158.327543	
20.81789	-10.0100236	-10.0356432	-158.31065	-158.353723	
20.82803	-10.0334945	-10.0618231	-158.334121	-158.38863	
20.83827	-10.0566296	-10.0880031	-158.357256	-158.406083	
20.84838	-10.0788688	-10.114183	-158.379495	-158.423536	
20.85849	-10.1005673	-10.1316363	-158.401194	-158.449716	
20.86868	-10.1218475	-10.1578162	-158.422474	-158.467169	
20.87887	-10.142553	-10.1752695	-158.44318	-158.484623	
20.88907	-10.16269	-10.1927228	-158.463317	-158.502076	
20.89912	-10.1819614	-10.2101761	-158.482588	-158.519529	
20.90931	-10.2009402	-10.2276294	-158.501567	-158.528256	
20.91948	-10.2192869	-10.2363561	-158.519913	-158.545709	
20.92962	-10.237028	-10.2538094	-158.537655	-158.563163	
20.93979	-10.2542518	-10.262536	-158.554878	-158.571889	
20.94994	-10.2708594	-10.2712626	-158.571486	-158.580616	
20.9601	-10.2869123	-10.2887159	-158.587539	-158.589342	
20.97024	-10.3023834	-10.2974426	-158.60301	-158.598069	
20.98044	-10.3173811	-10.2974426	-158.618008	-158.606796	
20.99062	-10.331762	-10.3061692	-158.632389	-158.615522	
21.00076	-10.3455389	-10.3148959	-158.646165	-158.615522	
21.0109	-10.3587603	-10.3148959	-158.659387	-158.624249	
21.021	-10.3713802	-10.3148959	-158.672007	-158.632976	
21.03121	-10.3835727	-10.3236225	-158.684199	-158.632976	
21.0414	-10.3951751	-10.3236225	-158.695802	-158.632976	
21.05155	-10.4061948	-10.3236225	-158.706821	-158.632976	
21.06165	-10.4166134	-10.3236225	-158.71724	-158.632976	
21.07221	-10.4269703	-10.3236225	-158.727597	-158.632976	
21.08223	-10.4361622	-10.3236225	-158.736789	-158.632976	
21.09216	-10.4448128	-10.3236225	-158.745439	-158.632976	
21.10232	-10.4531315	-10.3236225	-158.753758	-158.632976	
21.11245	-10.460899	-10.3236225	-158.761526	-158.632976	
21.12254	-10.4681193	-10.3236225	-158.768746	-158.632976	
21.13276	-10.4749002	-10.3236225	-158.775527	-158.632976	
21.14294	-10.4811403	-10.3236225	-158.781767	-158.632976	
21.15307	-10.4868455	-10.3236225	-158.787472	-158.632976	
21.16319	-10.4920528	-10.3236225	-158.792679	-158.632976	
21.17364	-10.4969022	-10.3236225	-158.797529	-158.632976	
21.1835	-10.5010392	-10.3236225	-158.801666	-158.632976	
21.19363	-10.504815	-10.3236225	-158.805442	-158.632976	
21.20396	-10.5081942	-10.3236225	-158.808821	-158.632976	
21.21414	-10.5110852	-10.3236225	-158.811712	-158.632976	
21.22435	-10.5135603	-10.3236225	-158.814187	-158.632976	
21.23472	-10.5156588	-10.3236225	-158.816285	-158.632976	
21.24458	-10.5173152	-10.3236225	-158.817942	-158.632976	
21.25473	-10.5223691	-10.3236225	-158.822996	-158.632976	
21.26488	-10.5223691	-10.3236225	-158.822996	-158.632976	
21.27501	-10.5223691	-10.3236225	-158.822996	-158.632976	
21.28519	-10.5223691	-10.3236225	-158.822996	-158.632976	
21.29538	-10.5223691	-10.3236225	-158.822996	-158.632976	
21.30549	-10.5223691	-10.3236225	-158.822996	-158.632976	
21.31584	-10.5223691	-10.3236225	-158.822996	-158.632976	
21.33399	-10.5223691	-10.3236225	-158.822996	-158.632976	
21.33856	-10.5223691	-10.3236225	-158.822996	-158.632976	
21.34871	-10.5223691	-10.3236225	-158.822996	-158.632976	
21.35883	-10.5223691	-10.3236225	-158.822996	-158.632976	
21.36902	-10.5223691	-10.3236225	-158.822996	-158.632976	
21.37913	-10.5223691	-10.3236225	-158.822996	-158.632976	
21.38932	-10.5223691	-10.3236225	-158.822996	-158.632976	
21.3995	-10.5223691	-10.3236225	-158.822996	-158.632976	
21.40963	-10.5223691	-10.3236225	-158.822996	-158.632976	
21.41977	-10.5223691	-10.3236225	-158.822996	-158.632976	
21.42993	-10.5223691	-10.3236225	-158.822996	-158.632976	
21.44011	-10.5223691	-10.3236225	-158.822996	-158.632976	
21.45065	-10.5223691	-10.3236225	-158.822996	-158.632976	
21.4604	-10.5223691	-10.3236225	-158.822996	-158.632976	
21.47056	-10.5223691	-10.3236225	-158.822996	-158.632976	
21.48073	-10.5223691	-10.3236225	-158.822996	-158.632976	
21.49082	-10.5223691	-10.3236225	-158.822996	-158.632976	
21.50104	-10.5223691	-10.3236225	-158.822996	-158.632976	
21.51119	-10.5223691	-10.3236225	-158.822996	-158.632976	
21.52137	-10.5223691	-10.3236225	-158.822996	-158.632976	
21.53148	-10.5223691	-10.3236225	-158.822996	-158.632976	
21.54167	-10.5223691	-10.3236225	-158.822996	-158.632976	
21.55191	-10.5223691	-10.3236225	-158.822996	-158.632976	
21.56196	-10.5223691	-10.3236225	-158.822996	-158.632976	
21.57212	-10.5223691	-10.3236225	-158.822996	-158.632976	
21.5823	-10.5223691	-10.3236225	-158.822996	-158.632976	
21.59243	-10.5223691	-10.3236225	-158.822996	-158.632976	
21.60259	-10.5223691	-10.3236225	-158.822996	-158.632976	
21.61271	-10.5223691	-10.3236225	-158.822996	-158.632976	
21.62285	-10.5223691	-10.3236225	-158.822996	-158.632976	
21.63302	-10.5223691	-10.3236225	-158.822996	-158.632976	
21.64318	-10.5223691	-10.3236225	-158.822996	-158.632976	
21.65331	-10.5223691	-10.3236225	-158.822996	-158.632976	
21.66344	-10.5223691	-10.3236225	-158.822996	-158.632976	
21.67358	-10.5223691	-10.3236225	-158.822996	-158.632976	
21.68371	-10.5223691	-10.3236225	-158.822996	-158.632976	
21.69387	-10.5223691	-10.3236225	-158.822996	-158.632976	
21.70405	-10.5223691	-10.3236225	-158.822996	-158.632976	
21.71421	-10.5223691	-10.3236225	-158.822996	-158.632976	
21.72444	-10.5223691	-10.3236225	-158.822996	-158.632976	
21.73453	-10.5223691	-10.3236225	-158.822996	-158.632976	
21.74464	-10.5223691	-10.3236225	-158.822996	-158.632976	
21.75505	-10.5223691	-10.3236225	-158.822996	-158.632976	
21.76493	-10.5223691	-10.3236225	-158.822996	-158.632976	
21.77508	-10.5223691	-10.3236225	-158.822996	-158.632976	
21.78531	-10.5223691	-10.3236225	-158.822996	-158.632976	
21.79535	-10.5223691	-10.3236225	-158.822996	-158.632976	
21.80555	-10.5223691	-10.3236225	-158.822996	-158.632976	
21.81586	-10.5223691	-10.3236225	-158.822996	-158.632976	
21.82591	-10.5223691	-10.3236225	-158.822996	-158.632976	
21.83614	-10.5223691	-10.3236225	-158.822996	-158.632976	
21.84614	-10.5223691	-10.3236225	-158.822996	-158.632976	
21.8564	-10.5223691	-10.3236225	-158.822996	-158.632976	
21.86655	-10.5223691	-10.3236225	-158.822996	-158.632976	
21.87673	-10.5223691	-10.3236225	-158.822996	-158.632976	
21.88688	-10.5223691	-10.3236225	-158.822996	-158.632976	
21.89701	-10.5223691	-10.3236225	-158.822996	-158.632976	
21.90718	-10.5223691	-10.3236225	-158.822996	-158.632976	
21.91747	-10.5223691	-10.3236225	-158.822996	-158.632976	
21.9275	-10.5223691	-10.3236225	-158.822996	-158.632976	
21.93799	-10.5223691	-10.3236225	-158.822996	-158.632976	
21.94783	-10.5223691	-10.3236225	-158.822996	-158.632976	
21.95794	-10.5223691	-10.3236225	-158.822996	-158.632976	
21.96819	-10.5223691	-10.3236225	-158.822996	-158.632976	
21.97828	-10.5223691	-10.3236225	-158.822996	-158.632976	
21.98844	-10.5223691	-10.3236225	-158.822996	-158.632976	
21.99861	-10.5223691	-10.3236225	-158.822996	-158.632976	
22.00874	-10.5223691	-10.3236225	-158.822996	-158.632976	
22.01892	-10.5223691	-10.3236225	-158.822996	-158.632976	
22.02908	-10.5223691	-10.3236225	-158.822996	-158.632976	
22.03958	-10.5223691	-10.3236225	-158.822996	-158.632976	
22.04972	-10.5223691	-10.3236225	-158.822996	-158.632976	
22.05984	-10.5223691	-10.3236225	-158.822996	-158.632976	
22.06996	-10.5223691	-10.3236225	-158.822996	-158.632976	
22.08014	-10.5223691	-10.3236225	-158.822996	-158.632976	
22.09029	-10.5223691	-10.3236225	-158.822996	-158.632976	
22.10044	-10.5223691	-10.3236225	-158.822996	-158.632976	
22.11063	-10.5223691	-10.3236225	-158.822996	-158.632976	
22.12075	-10.5223691	-10.3236225	-158.822996	-158.632976	
22.13094	-10.5223691	-10.3236225	-158.822996	-158.632976	
22.14109	-10.5223691	-10.3236225	-158.822996	-158.632976	
22.15122	-10.5223691	-10.3236225	-158.822996	-158.632976	
22.16144	-10.5223691	-10.3236225	-158.822996	-158.632976	
22.17156	-10.5223691	-10.3236225	-158.822996	-158.632976	
22.18175	-10.5223691	-10.3236225	-158.822996	-158.632976	
22.19198	-10.5223691	-10.3236225	-158.822996	-158.632976	
22.20207	-10.5223691	-10.3236225	-158.822996	-158.632976	
22.2137	-10.5223691	-10.3236225	-158.822996	-158.632976	
22.22236	-10.5223691	-10.3236225	-158.822996	-158.632976	
22.23253	-10.5223691	-10.3236225	-158.822996	-158.632976	
22.24269	-10.5223691	-10.3236225	-158.822996	-158.632976	
22.25281	-10.5223691	-10.3236225	-158.822996	-158.632976	
22.26302	-10.5223691	-10.3236225	-158.822996	-158.632976	
22.27311	-10.5223691	-10.3236225	-158.822996	-158.632976	
22.28342	-10.5223691	-10.3236225	-158.822996	-158.632976	
22.29356	-10.5223691	-10.3236225	-158.822996	-158.632976	
22.30375	-10.5223691	-10.3236225	-158.822996	-158.632976	
22.31419	-10.5223691	-10.3236225	-158.822996	-158.632976	
22.32402	-10.5223691	-10.3236225	-158.822996	-158.632976	
22.33419	-10.5223691	-10.3236225	-158.822996	-158.632976	
22.3444	-10.5223691	-10.3236225	-158.822996	-158.632976	
22.35446	-10.5223691	-10.3236225	-158.822996	-158.632976	
22.36477	-10.5223691	-10.3236225	-158.822996	-158.632976	
22.37476	-10.5223691	-10.3236225	-158.822996	-158.632976	
22.38506	-10.5223691	-10.3236225	-158.822996	-158.632976	
22.39501	-10.5223691	-10.3236225	-158.822996	-158.632976	
22.40526	-10.5223691	-10.3236225	-158.822996	-158.632976	
22.41539	-10.5223691	-10.3236225	-158.822996	-158.632976	
22.42551	-10.5223691	-10.3236225	-158.822996	-158.632976	
22.43569	-10.5223691	-10.3236225	-158.822996	-158.632976	
22.44592	-10.5223691	-10.3236225	-158.822996	-158.632976	
22.45603	-10.5223691	-10.3236225	-158.822996	-158.632976	
22.46616	-10.5223691	-10.3236225	-158.822996	-158.632976	
22.4763	-10.5223691	-10.3236225	-158.822996	-158.632976	
22.48652	-10.5223691	-10.3236225	-158.822996	-158.632976	
22.49665	-10.5223691	-10.3236225	-158.822996	-158.632976	
22.50681	-10.5223691	-10.3236225	-158.822996	-158.632976	
22.51698	-10.5223691	-10.3236225	-158.822996	-158.632976	
22.52713	-10.5223691	-10.3236225	-158.822996	-158.632976	
22.53751	-10.5223691	-10.3236225	-158.822996	-158.632976	
22.54753	-10.5223691	-10.3236225	-158.822996	-158.632976	
22.55766	-10.5223691	-10.3236225	-158.822996	-158.632976	
22.56792	-10.5223691	-10.3236225	-158.822996	-158.632976	
22.57795	-10.5223691	-10.3236225	-158.822996	-158.632976	
22.58815	-10.5223691	-10.3236225	-158.822996	-158.632976	
22.59829	-10.5223691	-10.3236225	-158.822996	-158.632976	
22.60846	-10.5223691	-10.3236225	-158.822996	-158.632976	
22.61861	-10.5223691	-10.3236225	-158.822996	-158.632976	
22.62874	-10.5223691	-10.3236225	-158.822996	-158.632976	
22.63928	-10.5223691	-10.3236225	-158.822996	-158.632976	
22.6491	-10.5223691	-10.3236225	-158.822996	-158.632976	
22.66809	-10.5223691	-10.3236225	-158.822996	-158.632976	
22.67268	-10.5223691	-10.3236225	-158.822996	-158.632976	
22.68278	-10.5223691	-10.3236225	-158.822996	-158.632976	
22.69313	-10.5223691	-10.3236225	-158.822996	-158.632976	
22.70311	-10.5223691	-10.3236225	-158.822996	-158.632976	
22.71329	-10.5223691	-10.3236225	-158.822996	-158.632976	
22.72341	-10.5223691	-10.3236225	-158.822996	-158.632976	
22.73353	-10.5223691	-10.3236225	-158.822996	-158.632976	
22.74379	-10.5223691	-10.3236225	-158.822996	-158.632976	
22.75416	-10.5223691	-10.3236225	-158.822996	-158.632976	
22.76401	-10.5223691	-10.3236225	-158.822996	-158.632976	
22.77414	-10.5223691	-10.3236225	-158.822996	-158.632976	
22.78435	-10.5223691	-10.3236225	-158.822996	-158.632976	
22.79494	-10.5223691	-10.3236225	-158.822996	-158.632976	
22.80458	-10.5223691	-10.3236225	-158.822996	-158.632976	
22.81488	-10.5223691	-10.3236225	-158.822996	-158.632976	
22.82488	-10.5223691	-10.3236225	-158.822996	-158.632976	
22.835	-10.5223691	-10.3236225	-158.822996	-158.632976	
22.84522	-10.5223691	-10.3236225	-158.822996	-158.632976	
22.85533	-10.5223691	-10.3236225	-158.822996	-158.632976	
22.86552	-10.5223691	-10.3236225	-158.822996	-158.632976	
22.87563	-10.5223691	-10.3236225	-158.822996	-158.632976	
22.88583	-10.5223691	-10.3236225	-158.822996	-158.632976	
22.89598	-10.5223691	-10.3236225	-158.822996	-158.632976	
22.90608	-10.5223691	-10.3236225	-158.822996	-158.632976	
22.91623	-10.5223691	-10.3236225	-158.822996	-158.632976	
22.92643	-10.5223691	-10.3236225	-158.822996	-158.632976	
22.93655	-10.5223691	-10.3236225	-158.822996	-158.632976	
22.94674	-10.5223691	-10.3236225	-158.822996	-158.632976	
22.95689	-10.5223691	-10.3236225	-158.822996	-158.632976	
22.96708	-10.5223691	-10.3236225	-158.822996	-158.632976	
22.97728	-10.5223691	-10.3236225	-158.822996	-158.632976	
22.98738	-10.5223691	-10.3236225	-158.822996	-158.632976	
22.99755	-10.5223691	-10.3236225	-158.822996	-158.632976	
23.00771	-10.5223691	-10.3236225	-158.822996	-158.632976	
23.01786	-10.5223691	-10.3236225	-158.822996	-158.632976	
23.02802	-10.5223691	-10.3236225	-158.822996	-158.632976	
23.03816	-10.5223691	-10.3236225	-158.822996	-158.632976	
23.04908	-10.5223691	-10.3236225	-158.822996	-158.632976	
23.05846	-10.5223691	-10.3236225	-158.822996	-158.632976	
23.06863	-10.5223691	-10.3236225	-158.822996	-158.632976	
23.07879	-10.5223691	-10.3236225	-158.822996	-158.632976	
23.08894	-10.5223691	-10.3236225	-158.822996	-158.632976	
23.09909	-10.5223691	-10.3236225	-158.822996	-158.632976	
23.1092	-10.5223691	-10.3236225	-158.822996	-158.632976	
23.11943	-10.5223691	-10.3236225	-158.822996	-158.632976	
23.12958	-10.5223691	-10.3236225	-158.822996	-158.632976	
23.13988	-10.5223691	-10.3236225	-158.822996	-158.632976	
23.14986	-10.5223691	-10.3236225	-158.822996	-158.632976	
23.16004	-10.5223691	-10.3236225	-158.822996	-158.632976	
23.17038	-10.5223691	-10.3236225	-158.822996	-158.632976	
23.18032	-10.5223691	-10.3236225	-158.822996	-158.632976	
23.19051	-10.5223691	-10.3236225	-158.822996	-158.632976	
23.20065	-10.5223691	-10.3236225	-158.822996	-158.632976	
23.21077	-10.5223691	-10.3236225	-158.822996	-158.632976	
23.22093	-10.5223691	-10.3236225	-158.822996	-158.632976	
23.2311	-10.5223691	-10.3236225	-158.822996	-158.632976	
23.24162	-10.5223691	-10.3236225	-158.822996	-158.632976	
23.25141	-10.5223691	-10.3236225	-158.822996	-158.632976	
23.26154	-10.5223691	-10.3236225	-158.822996	-158.632976	
23.27171	-10.5223691	-10.3236225	-158.822996	-158.632976	
23.28189	-10.5223691	-10.3236225	-158.822996	-158.632976	
23.29202	-10.5223691	-10.3236225	-158.822996	-158.632976	
23.30217	-10.5223691	-10.3236225	-158.822996	-158.632976	
23.31235	-10.5223691	-10.3236225	-158.822996	-158.632976	
23.32249	-10.5223691	-10.3236225	-158.822996	-158.632976	
23.33261	-10.5223691	-10.3236225	-158.822996	-158.632976	
23.34313	-10.5223691	-10.3236225	-158.822996	-158.632976	
23.35297	-10.5223691	-10.3236225	-158.822996	-158.632976	
23.36313	-10.5223691	-10.3236225	-158.822996	-158.632976	
23.37322	-10.5223691	-10.3236225	-158.822996	-158.632976	
23.38336	-10.5223691	-10.3236225	-158.822996	-158.632976	
23.39353	-10.5223691	-10.3236225	-158.822996	-158.632976	
23.40364	-10.5223691	-10.3236225	-158.822996	-158.632976	
23.4138	-10.5223691	-10.3236225	-158.822996	-158.632976	
23.42402	-10.5223691	-10.3236225	-158.822996	-158.632976	
23.43408	-10.5223691	-10.3236225	-158.822996	-158.632976	
23.44434	-10.5223691	-10.3236225	-158.822996	-158.632976	
23.45444	-10.5223691	-10.3236225	-158.822996	-158.632976	
23.46455	-10.5223691	-10.3236225	-158.822996	-158.632976	
23.47469	-10.5223691	-10.3236225	-158.822996	-158.632976	
23.48487	-10.5223691	-10.3236225	-158.822996	-158.632976	
23.495	-10.5223691	-10.3236225	-158.822996	-158.632976	
23.50513	-10.5223691	-10.3236225	-158.822996	-158.632976	
23.51525	-10.5223691	-10.3236225	-158.822996	-158.632976	
23.52544	-10.5223691	-10.3236225	-158.822996	-158.632976	
23.53556	-10.5223691	-10.3236225	-158.822996	-158.632976	
23.54579	-10.5223691	-10.3236225	-158.822996	-158.632976	
23.55591	-10.5223691	-10.3236225	-158.822996	-158.632976	
23.56599	-10.5223691	-10.3236225	-158.822996	-158.632976	
23.57643	-10.5223691	-10.3236225	-158.822996	-158.632976	
23.58685	-10.5223691	-10.3236225	-158.822996	-158.632976	
23.59674	-10.5223691	-10.3236225	-158.822996	-158.632976	
23.60691	-10.5223691	-10.3236225	-158.822996	-158.632976	
23.61706	-10.5223691	-10.3236225	-158.822996	-158.632976	
23.6272	-10.5223691	-10.3236225	-158.822996	-158.632976	
23.6374	-10.5223691	-10.3236225	-158.822996	-158.632976	
23.64753	-10.5223691	-10.3236225	-158.822996	-158.632976	
23.65769	-10.5223691	-10.3236225	-158.822996	-158.632976	
23.66785	-10.5223691	-10.3236225	-158.822996	-158.632976	
23.67799	-10.5223691	-10.3236225	-158.822996	-158.632976	
23.6882	-10.5223691	-10.3236225	-158.822996	-158.632976	
23.69835	-10.5223691	-10.3236225	-158.822996	-158.632976	
23.70847	-10.5223691	-10.3236225	-158.822996	-158.632976	
23.71869	-10.5223691	-10.3236225	-158.822996	-158.632976	
23.72875	-10.5223691	-10.3236225	-158.822996	-158.632976	
23.73893	-10.5223691	-10.3236225	-158.822996	-158.632976	
23.74911	-10.5223691	-10.3236225	-158.822996	-158.632976	
23.75926	-10.5223691	-10.3236225	-158.822996	-158.632976	
23.7695	-10.5223691	-10.3236225	-158.822996	-158.632976	
23.77953	-10.5223691	-10.3236225	-158.822996	-158.632976	
23.78972	-10.5223691	-10.3236225	-158.822996	-158.632976	
23.79992	-10.5223691	-10.3236225	-158.822996	-158.632976	
23.81003	-10.5223691	-10.3236225	-158.822996	-158.632976	
23.82033	-10.5223691	-10.3148959	-158.822996	-158.632976	
23.83047	-10.5223691	-10.3148959	-158.822996	-158.632976	
23.84066	-10.5223691	-10.3148959	-158.822996	-158.632976	
23.85081	-10.5223691	-10.3236225	-158.822996	-158.632976	
23.86091	-10.5223691	-10.3148959	-158.822996	-158.632976	
23.87109	-10.5223691	-10.3148959	-158.822996	-158.632976	
23.88127	-10.5223691	-10.3148959	-158.822996	-158.632976	
23.8914	-10.5223691	-10.3148959	-158.822996	-158.632976	
23.90151	-10.5223691	-10.3148959	-158.822996	-158.632976	
23.91172	-10.5223691	-10.3148959	-158.822996	-158.632976	
23.92185	-10.5223691	-10.3148959	-158.822996	-158.632976	
23.93201	-10.5223691	-10.3148959	-158.822996	-158.632976	
23.94228	-10.5223691	-10.3148959	-158.822996	-158.632976	
23.95267	-10.5223691	-10.3148959	-158.822996	-158.632976	
23.9664	-10.5223691	-10.3148959	-158.822996	-158.632976	
23.97648	-10.5223691	-10.3148959	-158.822996	-158.632976	
23.98658	-10.5223691	-10.3148959	-158.822996	-158.632976	
23.99679	-10.5223691	-10.3148959	-158.822996	-158.632976	
24.00697	-10.5223691	-10.3148959	-158.822996	-158.632976	
24.01711	-10.5223691	-10.3148959	-158.822996	-158.632976	
24.02726	-10.5223691	-10.3148959	-158.822996	-158.632976	
24.03745	-10.5223691	-10.3148959	-158.822996	-158.632976	
24.04829	-10.5223691	-10.3148959	-158.822996	-158.632976	
24.0577	-10.5223691	-10.3148959	-158.822996	-158.632976	
24.06783	-10.5223691	-10.3148959	-158.822996	-158.632976	
24.07796	-10.5223691	-10.3148959	-158.822996	-158.632976	
24.08819	-10.5223691	-10.3148959	-158.822996	-158.632976	
24.09826	-10.5223691	-10.3148959	-158.822996	-158.632976	
24.10847	-10.5223691	-10.3148959	-158.822996	-158.632976	
24.11869	-10.5223691	-10.3148959	-158.822996	-158.632976	
24.12877	-10.5223691	-10.3148959	-158.822996	-158.632976	
24.13893	-10.5223691	-10.3148959	-158.822996	-158.632976	
24.14905	-10.5223691	-10.3148959	-158.822996	-158.632976	
24.15926	-10.5223691	-10.3148959	-158.822996	-158.632976	
24.17736	-10.5223691	-10.3148959	-158.822996	-158.632976	
24.18192	-10.5223691	-10.3148959	-158.822996	-158.632976	
24.19212	-10.5223691	-10.3148959	-158.822996	-158.632976	
24.20231	-10.5223691	-10.3148959	-158.822996	-158.632976	
24.21236	-10.5223691	-10.3148959	-158.822996	-158.632976	
24.22257	-10.5223691	-10.3148959	-158.822996	-158.632976	
24.23268	-10.5223691	-10.3148959	-158.822996	-158.632976	
24.2428	-10.5223691	-10.3148959	-158.822996	-158.632976	
24.25303	-10.5223691	-10.3148959	-158.822996	-158.632976	
24.26312	-10.5223691	-10.3148959	-158.822996	-158.632976	
24.27326	-10.5223691	-10.3148959	-158.822996	-158.632976	
24.28339	-10.5223691	-10.3148959	-158.822996	-158.632976	
24.29355	-10.5223691	-10.3148959	-158.822996	-158.632976	
24.30371	-10.5223691	-10.3148959	-158.822996	-158.632976	
24.31384	-10.5223691	-10.3148959	-158.822996	-158.632976	
24.32403	-10.5223691	-10.3148959	-158.822996	-158.632976	
24.33416	-10.5223691	-10.3148959	-158.822996	-158.632976	
24.34462	-10.5223691	-10.3148959	-158.822996	-158.632976	
24.35448	-10.5223691	-10.3148959	-158.822996	-158.632976	
24.36518	-10.5223691	-10.3148959	-158.822996	-158.632976	
24.37476	-10.5223691	-10.3148959	-158.822996	-158.632976	
24.38494	-10.5223691	-10.3148959	-158.822996	-158.632976	
24.39502	-10.5223691	-10.3148959	-158.822996	-158.632976	
24.40517	-10.5223691	-10.3148959	-158.822996	-158.632976	
24.41538	-10.5223691	-10.3148959	-158.822996	-158.632976	
24.42594	-10.5223691	-10.3148959	-158.822996	-158.632976	
24.43601	-10.5223691	-10.3148959	-158.822996	-158.632976	
24.44642	-10.5223691	-10.3148959	-158.822996	-158.632976	
24.45633	-10.5223691	-10.3148959	-158.822996	-158.632976	
24.46651	-10.5223691	-10.3148959	-158.822996	-158.632976	
24.47667	-10.5223691	-10.3148959	-158.822996	-158.632976	
24.48686	-10.5223691	-10.3148959	-158.822996	-158.632976	
24.49698	-10.5223691	-10.3148959	-158.822996	-158.632976	
24.50711	-10.5223691	-10.3148959	-158.822996	-158.632976	
24.51737	-10.5223691	-10.3148959	-158.822996	-158.632976	
24.52746	-10.5223691	-10.3148959	-158.822996	-158.632976	
24.53768	-10.5223691	-10.3148959	-158.822996	-158.632976	
24.5481	-10.5223691	-10.3148959	-158.822996	-158.632976	
24.55796	-10.5223691	-10.3148959	-158.822996	-158.632976	
24.5682	-10.5223691	-10.3148959	-158.822996	-158.632976	
24.57827	-10.5223691	-10.3148959	-158.822996	-158.632976	
24.58842	-10.5223691	-10.3148959	-158.822996	-158.632976	
24.59863	-10.5223691	-10.3148959	-158.822996	-158.632976	
24.60876	-10.5223691	-10.3148959	-158.822996	-158.632976	
24.6189	-10.5223691	-10.3148959	-158.822996	-158.632976	
24.62906	-10.5223691	-10.3148959	-158.822996	-158.632976	
24.63927	-10.5223691	-10.3148959	-158.822996	-158.632976	
24.6498	-10.5223691	-10.3148959	-158.822996	-158.632976	
24.65956	-10.5223691	-10.3148959	-158.822996	-158.632976	
24.6697	-10.5223691	-10.3148959	-158.822996	-158.632976	
24.67989	-10.5223691	-10.3148959	-158.822996	-158.632976	
24.69003	-10.5223691	-10.3148959	-158.822996	-158.632976	
24.70018	-10.5223691	-10.3148959	-158.822996	-158.632976	
24.71034	-10.5223691	-10.3148959	-158.822996	-158.632976	
24.72051	-10.5223691	-10.3148959	-158.822996	-158.632976	
24.73067	-10.5223691	-10.3148959	-158.822996	-158.632976	
24.74079	-10.5223691	-10.3148959	-158.822996	-158.632976	
24.75102	-10.5223691	-10.3148959	-158.822996	-158.632976	
24.76113	-10.5223691	-10.3148959	-158.822996	-158.632976	
24.77128	-10.5223691	-10.3148959	-158.822996	-158.632976	
24.78144	-10.5223691	-10.3148959	-158.822996	-158.632976	
24.79154	-10.5223691	-10.3148959	-158.822996	-158.632976	
24.80175	-10.5223691	-10.3148959	-158.822996	-158.632976	
24.81189	-10.5223691	-10.3148959	-158.822996	-158.632976	
24.82208	-10.5223691	-10.3148959	-158.822996	-158.632976	
24.83227	-10.5223691	-10.3148959	-158.822996	-158.632976	
24.8424	-10.5223691	-10.3148959	-158.822996	-158.632976	
24.85254	-10.5223691	-10.3148959	-158.822996	-158.632976	
24.86265	-10.5223691	-10.3148959	-158.822996	-158.632976	
24.87285	-10.5223691	-10.3148959	-158.822996	-158.632976	
24.88336	-10.5223691	-10.3148959	-158.822996	-158.632976	
24.89311	-10.5223691	-10.3148959	-158.822996	-158.632976	
24.9032	-10.5223691	-10.3148959	-158.822996	-158.632976	
24.91375	-10.5223691	-10.3148959	-158.822996	-158.632976	
24.92355	-10.5223691	-10.3148959	-158.822996	-158.632976	
24.93371	-10.5223691	-10.3148959	-158.822996	-158.632976	
24.94384	-10.5223691	-10.3148959	-158.822996	-158.632976	
24.95401	-10.5223691	-10.3148959	-158.822996	-158.632976	
24.96415	-10.5223691	-10.3148959	-158.822996	-158.632976	
24.97437	-10.5223691	-10.3148959	-158.822996	-158.632976	
24.98451	-10.5223691	-10.3148959	-158.822996	-158.632976	
24.99465	-10.5223691	-10.3148959	-158.822996	-158.632976	
25.00475	-10.5223691	-10.3148959	-158.822996	-158.632976	
25.01492	-10.5223691	-10.3148959	-158.822996	-158.632976	
25.02504	-10.5223691	-10.3148959	-158.822996	-158.632976	
25.03519	-10.5223691	-10.3148959	-158.822996	-158.632976	
25.04532	-10.5223691	-10.3148959	-158.822996	-158.632976	
25.05552	-10.5223691	-10.3148959	-158.822996	-158.632976	
25.0658	-10.5223691	-10.3148959	-158.822996	-158.632976	
25.0759	-10.5223691	-10.3148959	-158.822996	-158.632976	
25.08594	-10.5223691	-10.3148959	-158.822996	-158.632976	
25.09644	-10.5223691	-10.3148959	-158.822996	-158.632976	
25.10653	-10.5223691	-10.3148959	-158.822996	-158.632976	
25.11669	-10.5223691	-10.3148959	-158.822996	-158.632976	
25.1269	-10.5223691	-10.3148959	-158.822996	-158.632976	
25.13699	-10.5223691	-10.3148959	-158.822996	-158.632976	
25.14715	-10.5223691	-10.3148959	-158.822996	-158.632976	
25.15738	-10.5223691	-10.3148959	-158.822996	-158.632976	
25.16752	-10.5223691	-10.3148959	-158.822996	-158.632976	
25.17775	-10.5223691	-10.3148959	-158.822996	-158.632976	
25.18788	-10.5223691	-10.3148959	-158.822996	-158.632976	
25.1982	-10.5223691	-10.3148959	-158.822996	-158.632976	
25.20825	-10.5223691	-10.3148959	-158.822996	-158.632976	
25.21888	-10.5223691	-10.3148959	-158.822996	-158.632976	
25.22852	-10.5223691	-10.3148959	-158.822996	-158.632976	
25.23871	-10.5223691	-10.3148959	-158.822996	-158.632976	
25.24894	-10.5223691	-10.3148959	-158.822996	-158.632976	
25.25919	-10.5223691	-10.3148959	-158.822996	-158.632976	
25.26915	-10.5223691	-10.3148959	-158.822996	-158.632976	
25.27933	-10.5223691	-10.3148959	-158.822996	-158.632976	
25.28951	-10.5223691	-10.3148959	-158.822996	-158.632976	
25.29963	-10.5223691	-10.3148959	-158.822996	-158.632976	
25.30978	-10.5223691	-10.3148959	-158.822996	-158.632976	
25.31997	-10.5223691	-10.3148959	-158.822996	-158.632976	
25.3301	-10.5223691	-10.3148959	-158.822996	-158.632976	
25.34025	-10.5223691	-10.3148959	-158.822996	-158.632976	
25.35075	-10.5223691	-10.3148959	-158.822996	-158.632976	
25.36056	-10.5223691	-10.3148959	-158.822996	-158.632976	
25.37075	-10.5223691	-10.3148959	-158.822996	-158.632976	
25.38087	-10.5223691	-10.3148959	-158.822996	-158.632976	
25.39108	-10.5223691	-10.3148959	-158.822996	-158.632976	
25.40117	-10.5223691	-10.3148959	-158.822996	-158.632976	
25.41135	-10.5223691	-10.3148959	-158.822996	-158.632976	
25.4215	-10.5223691	-10.3148959	-158.822996	-158.632976	
25.43165	-10.5223691	-10.3148959	-158.822996	-158.632976	
25.44185	-10.5223691	-10.3148959	-158.822996	-158.632976	
25.45233	-10.5223691	-10.3148959	-158.822996	-158.632976	
25.46214	-10.5223691	-10.3148959	-158.822996	-158.632976	
25.47238	-10.5223691	-10.3148959	-158.822996	-158.632976	
25.48245	-10.5223691	-10.3148959	-158.822996	-158.632976	
25.49261	-10.5223691	-10.3148959	-158.822996	-158.632976	
25.50276	-10.5223691	-10.3148959	-158.822996	-158.632976	
25.51286	-10.5223691	-10.3148959	-158.822996	-158.632976	
25.52304	-10.5223691	-10.3148959	-158.822996	-158.632976	
25.53318	-10.5223691	-10.3148959	-158.822996	-158.632976	
25.54333	-10.5223691	-10.3148959	-158.822996	-158.632976	
25.55348	-10.5223691	-10.3148959	-158.822996	-158.632976	
25.56374	-10.5223691	-10.3148959	-158.822996	-158.632976	
25.57379	-10.5223691	-10.3148959	-158.822996	-158.632976	
25.58392	-10.5223691	-10.3148959	-158.822996	-158.632976	
25.59406	-10.5223691	-10.3148959	-158.822996	-158.632976	
25.6042	-10.5223691	-10.3148959	-158.822996	-158.632976	
25.61445	-10.5223691	-10.3148959	-158.822996	-158.632976	
25.62458	-10.5223691	-10.3148959	-158.822996	-158.632976	
25.63469	-10.5223691	-10.3148959	-158.822996	-158.632976	
25.64478	-10.5223691	-10.3148959	-158.822996	-158.632976	
25.65503	-10.5223691	-10.3148959	-158.822996	-158.632976	
25.66511	-10.5223691	-10.3148959	-158.822996	-158.632976	
25.67528	-10.5223691	-10.3148959	-158.822996	-158.632976	
25.68543	-10.5223691	-10.3148959	-158.822996	-158.632976	
25.69557	-10.5223691	-10.3148959	-158.822996	-158.632976	
25.71369	-10.5223691	-10.3148959	-158.822996	-158.632976	
25.71818	-10.5223691	-10.3148959	-158.822996	-158.632976	
25.72842	-10.5223691	-10.3148959	-158.822996	-158.632976	
25.73852	-10.5223691	-10.3148959	-158.822996	-158.632976	
25.74869	-10.5223691	-10.3148959	-158.822996	-158.632976	
25.75892	-10.5223691	-10.3148959	-158.822996	-158.632976	
25.769	-10.5223691	-10.3148959	-158.822996	-158.632976	
25.77919	-10.5223691	-10.3148959	-158.822996	-158.632976	
25.78935	-10.5223691	-10.3148959	-158.822996	-158.632976	
25.79951	-10.5223691	-10.3148959	-158.822996	-158.632976	
25.80974	-10.5223691	-10.3148959	-158.822996	-158.632976	
25.82002	-10.5223691	-10.3148959	-158.822996	-158.632976	
25.82997	-10.5223691	-10.3148959	-158.822996	-158.632976	
25.84022	-10.5223691	-10.3148959	-158.822996	-158.632976	
25.85027	-10.5223691	-10.3148959	-158.822996	-158.632976	
25.86043	-10.5223691	-10.3148959	-158.822996	-158.632976	
25.87061	-10.5223691	-10.3148959	-158.822996	-158.632976	
25.88078	-10.5223691	-10.3148959	-158.822996	-158.632976	
25.89096	-10.5223691	-10.3148959	-158.822996	-158.632976	
25.90104	-10.5223691	-10.3148959	-158.822996	-158.632976	
25.91123	-10.5223691	-10.3148959	-158.822996	-158.632976	
25.92138	-10.5223691	-10.3148959	-158.822996	-158.632976	
25.93149	-10.5223691	-10.3148959	-158.822996	-158.632976	
25.9417	-10.5223691	-10.3148959	-158.822996	-158.632976	
25.95185	-10.5223691	-10.3148959	-158.822996	-158.632976	
25.96203	-10.5223691	-10.3148959	-158.822996	-158.632976	
25.97214	-10.5223691	-10.3148959	-158.822996	-158.632976	
25.98231	-10.5223691	-10.3148959	-158.822996	-158.632976	
25.99253	-10.5223691	-10.3148959	-158.822996	-158.632976	
26.0026	-10.5223691	-10.3148959	-158.822996	-158.632976	
26.01274	-10.5223691	-10.3148959	-158.822996	-158.632976	
26.02295	-10.5223691	-10.3148959	-158.822996	-158.632976	
26.03345	-10.5223691	-10.3148959	-158.822996	-158.632976	
26.04317	-10.5223691	-10.3148959	-158.822996	-158.632976	
26.0537	-10.5223691	-10.3148959	-158.822996	-158.632976	
26.06374	-10.5223691	-10.3148959	-158.822996	-158.632976	
26.0739	-10.5223691	-10.3148959	-158.822996	-158.632976	
26.08408	-10.5223691	-10.3148959	-158.822996	-158.632976	
26.09429	-10.5223691	-10.3148959	-158.822996	-158.632976	
26.10446	-10.5223691	-10.3148959	-158.822996	-158.632976	
26.11453	-10.5223691	-10.3148959	-158.822996	-158.632976	
26.12468	-10.5223691	-10.3148959	-158.822996	-158.632976	
26.13485	-10.5223691	-10.3148959	-158.822996	-158.632976	
26.14492	-10.5223691	-10.3148959	-158.822996	-158.632976	
26.15543	-10.5223691	-10.3148959	-158.822996	-158.632976	
26.16525	-10.5223691	-10.3148959	-158.822996	-158.632976	
26.17539	-10.5223691	-10.3148959	-158.822996	-158.632976	
26.18554	-10.5223691	-10.3148959	-158.822996	-158.632976	
26.19576	-10.5223691	-10.3148959	-158.822996	-158.632976	
26.20591	-10.5223691	-10.3148959	-158.822996	-158.632976	
26.21601	-10.5223691	-10.3148959	-158.822996	-158.632976	
26.22664	-10.5223691	-10.3148959	-158.822996	-158.632976	
26.23656	-10.5223691	-10.3148959	-158.822996	-158.632976	
26.24679	-10.5223691	-10.3148959	-158.822996	-158.632976	
26.25716	-10.5223691	-10.3148959	-158.822996	-158.632976	
26.26727	-10.5223691	-10.3148959	-158.822996	-158.632976	
26.27745	-10.5223691	-10.3148959	-158.822996	-158.632976	
26.28756	-10.5223691	-10.3148959	-158.822996	-158.632976	
26.29782	-10.5223691	-10.3148959	-158.822996	-158.632976	
26.30795	-10.5223691	-10.3148959	-158.822996	-158.632976	
26.31808	-10.5223691	-10.3148959	-158.822996	-158.632976	
26.32834	-10.5223691	-10.3148959	-158.822996	-158.632976	
26.3384	-10.5223691	-10.3148959	-158.822996	-158.632976	
26.34854	-10.5223691	-10.3148959	-158.822996	-158.632976	
26.35869	-10.5223691	-10.3148959	-158.822996	-158.632976	
26.36888	-10.5223691	-10.3148959	-158.822996	-158.632976	
26.37902	-10.5223691	-10.3148959	-158.822996	-158.632976	
26.38915	-10.5223691	-10.3148959	-158.822996	-158.632976	
26.3993	-10.5223691	-10.3148959	-158.822996	-158.632976	
26.4177	-10.5223691	-10.3148959	-158.822996	-158.632976	
26.42225	-10.5223691	-10.3148959	-158.822996	-158.632976	
26.43246	-10.5223691	-10.3148959	-158.822996	-158.632976	
26.44256	-10.5223691	-10.3148959	-158.822996	-158.632976	
26.45265	-10.5223691	-10.3148959	-158.822996	-158.632976	
26.46304	-10.5223691	-10.3148959	-158.822996	-158.632976	
26.47303	-10.5223691	-10.3148959	-158.822996	-158.632976	
26.48318	-10.5223691	-10.3148959	-158.822996	-158.632976	
26.49328	-10.5223691	-10.3148959	-158.822996	-158.632976	
26.50373	-10.5223691	-10.3148959	-158.822996	-158.632976	
26.51364	-10.5223691	-10.3148959	-158.822996	-158.632976	
26.52374	-10.5223691	-10.3148959	-158.822996	-158.632976	
26.53388	-10.5223691	-10.3148959	-158.822996	-158.632976	
26.54404	-10.5223691	-10.3148959	-158.822996	-158.632976	
26.55418	-10.5223691	-10.3148959	-158.822996	-158.632976	
26.56441	-10.5223691	-10.3148959	-158.822996	-158.632976	
26.5745	-10.5223691	-10.3148959	-158.822996	-158.632976	
26.5847	-10.5223691	-10.3148959	-158.822996	-158.632976	
26.59479	-10.5223691	-10.3148959	-158.822996	-158.632976	
26.60495	-10.5223691	-10.3148959	-158.822996	-158.632976	
26.61514	-10.5223691	-10.3148959	-158.822996	-158.632976	
26.62526	-10.5223691	-10.3148959	-158.822996	-158.632976	
26.63538	-10.5223691	-10.3148959	-158.822996	-158.632976	
26.64551	-10.5223691	-10.3148959	-158.822996	-158.632976	
26.65672	-10.5223691	-10.3148959	-158.822996	-158.632976	
26.66638	-10.5223691	-10.3148959	-158.822996	-158.632976	
26.67626	-10.5223691	-10.3148959	-158.822996	-158.632976	
26.68643	-10.5223691	-10.3148959	-158.822996	-158.632976	
26.69659	-10.5223691	-10.3148959	-158.822996	-158.632976	
26.7067	-10.5223691	-10.3148959	-158.822996	-158.632976	
26.71689	-10.5223691	-10.3148959	-158.822996	-158.632976	
26.72712	-10.5223691	-10.3148959	-158.822996	-158.632976	
26.73724	-10.5223691	-10.3148959	-158.822996	-158.632976	
26.74738	-10.5223691	-10.3148959	-158.822996	-158.632976	
26.7579	-10.5223691	-10.3148959	-158.822996	-158.632976	
26.76773	-10.5223691	-10.3148959	-158.822996	-158.632976	
26.77795	-10.5223691	-10.3148959	-158.822996	-158.632976	
26.78801	-10.5223691	-10.3148959	-158.822996	-158.632976	
26.79822	-10.5223691	-10.3148959	-158.822996	-158.632976	
26.80839	-10.5223691	-10.3148959	-158.822996	-158.632976	
26.81852	-10.5223691	-10.3148959	-158.822996	-158.632976	
26.8287	-10.5223691	-10.3148959	-158.822996	-158.632976	
26.83887	-10.5223691	-10.3148959	-158.822996	-158.632976	
26.849	-10.5223691	-10.3148959	-158.822996	-158.632976	
26.85915	-10.5223691	-10.3148959	-158.822996	-158.632976	
26.86928	-10.5223691	-10.3148959	-158.822996	-158.632976	
26.87947	-10.5223691	-10.3148959	-158.822996	-158.632976	
26.88962	-10.5223691	-10.3148959	-158.822996	-158.632976	
26.89973	-10.5223691	-10.3148959	-158.822996	-158.632976	
26.90992	-10.5223691	-10.3148959	-158.822996	-158.632976	
26.92004	-10.5223691	-10.3148959	-158.822996	-158.632976	
26.93837	-10.5223691	-10.3148959	-158.822996	-158.632976	
26.94305	-10.5223691	-10.3148959	-158.822996	-158.632976	
26.95307	-10.5223691	-10.3148959	-158.822996	-158.632976	
26.96324	-10.5223691	-10.3148959	-158.822996	-158.632976	
26.97366	-10.5223691	-10.3148959	-158.822996	-158.632976	
26.98354	-10.5223691	-10.3148959	-158.822996	-158.632976	
26.99371	-10.5223691	-10.3148959	-158.822996	-158.632976	
27.00382	-10.5223691	-10.3148959	-158.822996	-158.632976	
27.01393	-10.5223691	-10.3148959	-158.822996	-158.632976	
27.0241	-10.5223691	-10.3148959	-158.822996	-158.632976	
27.03433	-10.5223691	-10.3148959	-158.822996	-158.632976	
27.04444	-10.5223691	-10.3148959	-158.822996	-158.632976	
27.05528	-10.5223691	-10.3148959	-158.822996	-158.632976	
27.06539	-10.5223691	-10.3148959	-158.822996	-158.632976	
27.07551	-10.5223691	-10.3148959	-158.822996	-158.632976	
27.08571	-10.5223691	-10.3148959	-158.822996	-158.632976	
27.0959	-10.5223691	-10.3148959	-158.822996	-158.632976	
27.10602	-10.5223691	-10.3148959	-158.822996	-158.632976	
27.11619	-10.5223691	-10.3148959	-158.822996	-158.632976	
27.1263	-10.5223691	-10.3148959	-158.822996	-158.632976	
27.13655	-10.5223691	-10.3148959	-158.822996	-158.632976	
27.14663	-10.5223691	-10.3148959	-158.822996	-158.632976	
27.157	-10.5223691	-10.3148959	-158.822996	-158.632976	
27.16703	-10.5223691	-10.3148959	-158.822996	-158.632976	
27.17713	-10.5223691	-10.3148959	-158.822996	-158.632976	
27.18728	-10.5223691	-10.3148959	-158.822996	-158.632976	
27.19746	-10.5223691	-10.3148959	-158.822996	-158.632976	
27.2076	-10.5223691	-10.3148959	-158.822996	-158.632976	
27.22706	-10.5223691	-10.3148959	-158.822996	-158.632976	
27.2316	-10.5223691	-10.3148959	-158.822996	-158.632976	
27.24185	-10.5223691	-10.3148959	-158.822996	-158.632976	
27.25192	-10.5223691	-10.3148959	-158.822996	-158.632976	
27.26209	-10.5223691	-10.3148959	-158.822996	-158.632976	
27.27227	-10.5223691	-10.3148959	-158.822996	-158.632976	
27.28254	-10.5223691	-10.3148959	-158.822996	-158.632976	
27.29253	-10.5223691	-10.3148959	-158.822996	-158.632976	
27.30266	-10.5223691	-10.3148959	-158.822996	-158.632976	
27.31281	-10.5223691	-10.3148959	-158.822996	-158.632976	
27.32321	-10.5223691	-10.3148959	-158.822996	-158.632976	
27.33311	-10.5223691	-10.3148959	-158.822996	-158.632976	
27.34324	-10.5223691	-10.3148959	-158.822996	-158.632976	
27.35341	-10.5223691	-10.3148959	-158.822996	-158.632976	
27.36356	-10.5223691	-10.3148959	-158.822996	-158.632976	
27.37371	-10.5223691	-10.3148959	-158.822996	-158.632976	
27.38386	-10.5223691	-10.3148959	-158.822996	-158.632976	
27.39402	-10.5223691	-10.3148959	-158.822996	-158.632976	
27.40415	-10.5223691	-10.3148959	-158.822996	-158.632976	
27.42219	-10.5223691	-10.3148959	-158.822996	-158.632976	
27.42672	-10.5223691	-10.3148959	-158.822996	-158.632976	
27.43689	-10.5223691	-10.3148959	-158.822996	-158.632976	
27.44708	-10.5223691	-10.3148959	-158.822996	-158.632976	
27.45724	-10.5223691	-10.3148959	-158.822996	-158.632976	
27.46741	-10.5223691	-10.3148959	-158.822996	-158.632976	
27.47755	-10.5223691	-10.3148959	-158.822996	-158.632976	
27.48768	-10.5223691	-10.3148959	-158.822996	-158.632976	
27.49793	-10.5223691	-10.3148959	-158.822996	-158.632976	
27.50802	-10.5223691	-10.3148959	-158.822996	-158.632976	
27.51817	-10.5223691	-10.3148959	-158.822996	-158.632976	
27.5284	-10.5223691	-10.3148959	-158.822996	-158.632976	
27.53844	-10.5223691	-10.3148959	-158.822996	-158.632976	
27.54865	-10.5223691	-10.3148959	-158.822996	-158.632976	
27.55885	-10.5223691	-10.3148959	-158.822996	-158.632976	
27.56898	-10.5223691	-10.3148959	-158.822996	-158.632976	
27.57913	-10.5223691	-10.3148959	-158.822996	-158.632976	
27.58926	-10.5223691	-10.3148959	-158.822996	-158.632976	
27.59943	-10.5223691	-10.3148959	-158.822996	-158.632976	
27.60959	-10.5223691	-10.3148959	-158.822996	-158.632976	
27.61973	-10.5223691	-10.3148959	-158.822996	-158.632976	
27.62989	-10.5223691	-10.3148959	-158.822996	-158.632976	
27.64005	-10.5223691	-10.3148959	-158.822996	-158.632976	
27.65017	-10.5223691	-10.3148959	-158.822996	-158.632976	
27.66064	-10.5223691	-10.3148959	-158.822996	-158.632976	
27.67052	-10.5223691	-10.3148959	-158.822996	-158.632976	
27.6807	-10.5223691	-10.3148959	-158.822996	-158.632976	
27.69081	-10.5223691	-10.3148959	-158.822996	-158.632976	
27.70097	-10.5223691	-10.3148959	-158.822996	-158.632976	
27.71115	-10.5223691	-10.3148959	-158.822996	-158.632976	
27.72128	-10.5223691	-10.3148959	-158.822996	-158.632976	
27.73143	-10.5223691	-10.3148959	-158.822996	-158.632976	
27.74157	-10.5223691	-10.3148959	-158.822996	-158.632976	
27.75174	-10.5223691	-10.3148959	-158.822996	-158.632976	
27.7623	-10.5223691	-10.3148959	-158.822996	-158.632976	
27.77208	-10.5223691	-10.3148959	-158.822996	-158.632976	
27.78222	-10.5223691	-10.3148959	-158.822996	-158.632976	
27.79241	-10.5223691	-10.3148959	-158.822996	-158.632976	
27.80251	-10.5223691	-10.3148959	-158.822996	-158.632976	
27.81265	-10.5223691	-10.3148959	-158.822996	-158.632976	
27.82289	-10.5223691	-10.3148959	-158.822996	-158.632976	
27.83299	-10.5223691	-10.3148959	-158.822996	-158.632976	
27.8431	-10.5223691	-10.3148959	-158.822996	-158.632976	
27.85321	-10.5223691	-10.3148959	-158.822996	-158.632976	
27.86341	-10.5223691	-10.3148959	-158.822996	-158.632976	
27.87355	-10.5223691	-10.3148959	-158.822996	-158.632976	
27.88368	-10.5223691	-10.3148959	-158.822996	-158.632976	
27.8938	-10.5223691	-10.3148959	-158.822996	-158.632976	
27.90393	-10.5223691	-10.3148959	-158.822996	-158.632976	
27.91413	-10.5223691	-10.3148959	-158.822996	-158.632976	
27.92433	-10.5223691	-10.3148959	-158.822996	-158.632976	
27.93448	-10.5223691	-10.3148959	-158.822996	-158.632976	
27.94461	-10.5223691	-10.3148959	-158.822996	-158.632976	
27.95468	-10.5223691	-10.3148959	-158.822996	-158.632976	
27.96519	-10.5223691	-10.3148959	-158.822996	-158.632976	
27.97511	-10.5223691	-10.3148959	-158.822996	-158.632976	
27.98517	-10.5223691	-10.3148959	-158.822996	-158.632976	
27.99531	-10.5223691	-10.3148959	-158.822996	-158.632976	
28.00545	-10.5223691	-10.3148959	-158.822996	-158.632976	
28.01557	-10.5223691	-10.3148959	-158.822996	-158.632976	
28.03408	-10.5223691	-10.3148959	-158.822996	-158.632976	
28.03861	-10.5223691	-10.3148959	-158.822996	-158.632976	
28.04883	-10.5223691	-10.3148959	-158.822996	-158.632976	
28.05899	-10.5223691	-10.3148959	-158.822996	-158.632976	
28.06911	-10.5223691	-10.3148959	-158.822996	-158.632976	
28.07954	-10.5223691	-10.3148959	-158.822996	-158.632976	
28.08937	-10.5223691	-10.3148959	-158.822996	-158.632976	
28.09957	-10.5223691	-10.3148959	-158.822996	-158.632976	
28.1097	-10.5223691	-10.3148959	-158.822996	-158.632976	
28.11985	-10.5223691	-10.3148959	-158.822996	-158.632976	
28.13007	-10.5223691	-10.3148959	-158.822996	-158.632976	
28.14019	-10.5223691	-10.3148959	-158.822996	-158.632976	
28.15029	-10.5223691	-10.3148959	-158.822996	-158.632976	
28.16054	-10.5223691	-10.3148959	-158.822996	-158.632976	
28.17062	-10.5223691	-10.3148959	-158.822996	-158.632976	
28.1808	-10.5223691	-10.3148959	-158.822996	-158.632976	
28.19095	-10.5223691	-10.3148959	-158.822996	-158.632976	
28.20111	-10.5223691	-10.3148959	-158.822996	-158.632976	
28.21125	-10.5223691	-10.3148959	-158.822996	-158.632976	
28.22138	-10.5223691	-10.3148959	-158.822996	-158.632976	
28.2316	-10.5223691	-10.3148959	-158.822996	-158.632976	
28.24173	-10.5223691	-10.3148959	-158.822996	-158.632976	
28.25189	-10.5223691	-10.3148959	-158.822996	-158.632976	
28.26205	-10.5223691	-10.3148959	-158.822996	-158.632976	
28.27221	-10.5223691	-10.3148959	-158.822996	-158.632976	
28.28234	-10.5223691	-10.3148959	-158.822996	-158.632976	
28.2925	-10.5223691	-10.3148959	-158.822996	-158.632976	
28.30262	-10.5223691	-10.3148959	-158.822996	-158.632976	
28.31277	-10.5223691	-10.3148959	-158.822996	-158.632976	
28.32305	-10.5223691	-10.3148959	-158.822996	-158.632976	
28.33307	-10.5223691	-10.3148959	-158.822996	-158.632976	
28.34325	-10.5223691	-10.3148959	-158.822996	-158.632976	
28.35334	-10.5223691	-10.3148959	-158.822996	-158.632976	
28.36352	-10.5223691	-10.3148959	-158.822996	-158.632976	
28.37365	-10.5223691	-10.3148959	-158.822996	-158.632976	
28.3838	-10.5223691	-10.3148959	-158.822996	-158.632976	
28.39404	-10.5223691	-10.3148959	-158.822996	-158.632976	
28.40408	-10.5223691	-10.3148959	-158.822996	-158.632976	
28.4143	-10.5223691	-10.3148959	-158.822996	-158.632976	
28.42451	-10.5223691	-10.3148959	-158.822996	-158.632976	
28.43493	-10.5223691	-10.3148959	-158.822996	-158.632976	
28.44468	-10.5223691	-10.3148959	-158.822996	-158.632976	
28.45482	-10.5223691	-10.3148959	-158.822996	-158.632976	
28.46519	-10.5223691	-10.3148959	-158.822996	-158.632976	
28.47509	-10.5223691	-10.3148959	-158.822996	-158.632976	
28.48529	-10.5223691	-10.3148959	-158.822996	-158.632976	
28.49545	-10.5223691	-10.3148959	-158.822996	-158.632976	
28.50561	-10.5223691	-10.3148959	-158.822996	-158.632976	
28.51579	-10.5223691	-10.3148959	-158.822996	-158.632976	
28.52595	-10.5223691	-10.3148959	-158.822996	-158.632976	
28.53609	-10.5223691	-10.3148959	-158.822996	-158.632976	
28.54623	-10.5223691	-10.3148959	-158.822996	-158.632976	
28.5564	-10.5223691	-10.3148959	-158.822996	-158.632976	
28.56686	-10.5223691	-10.3148959	-158.822996	-158.632976	
28.57702	-10.5223691	-10.3148959	-158.822996	-158.632976	
28.58716	-10.5223691	-10.3148959	-158.822996	-158.632976	
28.59732	-10.5223691	-10.3148959	-158.822996	-158.632976	
28.60754	-10.5223691	-10.3148959	-158.822996	-158.632976	
28.61767	-10.5223691	-10.3148959	-158.822996	-158.632976	
28.62782	-10.5223691	-10.3148959	-158.822996	-158.632976	
28.63798	-10.5223691	-10.3148959	-158.822996	-158.632976	
28.64812	-10.5223691	-10.3148959	-158.822996	-158.632976	
28.65829	-10.5223691	-10.3148959	-158.822996	-158.632976	
28.66845	-10.5223691	-10.3148959	-158.822996	-158.632976	
28.6786	-10.5223691	-10.3148959	-158.822996	-158.632976	
28.68877	-10.5223691	-10.3148959	-158.822996	-158.632976	
28.69892	-10.5223691	-10.3148959	-158.822996	-158.632976	
28.70911	-10.5223691	-10.3148959	-158.822996	-158.632976	
28.71928	-10.5223691	-10.3148959	-158.822996	-158.632976	
28.72943	-10.5223691	-10.3148959	-158.822996	-158.632976	
28.73957	-10.5223691	-10.3148959	-158.822996	-158.632976	
28.74967	-10.5223691	-10.3148959	-158.822996	-158.632976	
28.7599	-10.5223691	-10.3148959	-158.822996	-158.632976	
28.77015	-10.5223691	-10.3148959	-158.822996	-158.632976	
28.78025	-10.5223691	-10.3148959	-158.822996	-158.632976	
28.79036	-10.5223691	-10.3148959	-158.822996	-158.632976	
28.80059	-10.5223691	-10.3148959	-158.822996	-158.632976	
28.81108	-10.5223691	-10.3148959	-158.822996	-158.632976	
28.82084	-10.5223691	-10.3148959	-158.822996	-158.632976	
28.831	-10.5223691	-10.3148959	-158.822996	-158.632976	
28.84116	-10.5223691	-10.3148959	-158.822996	-158.632976	
28.85128	-10.5223691	-10.3148959	-158.822996	-158.632976	
28.86143	-10.5223691	-10.3148959	-158.822996	-158.632976	
28.87175	-10.5223691	-10.3148959	-158.822996	-158.632976	
28.88194	-10.5223691	-10.3148959	-158.822996	-158.632976	
28.89204	-10.5223691	-10.3148959	-158.822996	-158.632976	
28.90232	-10.5223691	-10.3148959	-158.822996	-158.632976	
28.91252	-10.5223691	-10.3148959	-158.822996	-158.632976	
28.92248	-10.5223691	-10.3148959	-158.822996	-158.632976	
28.93262	-10.5223691	-10.3148959	-158.822996	-158.632976	
28.94276	-10.5223691	-10.3148959	-158.822996	-158.632976	
28.953	-10.5223691	-10.3148959	-158.822996	-158.632976	
28.96698	-10.5223691	-10.3148959	-158.822996	-158.632976	
28.9768	-10.5223691	-10.3148959	-158.822996	-158.632976	
28.98687	-10.5223691	-10.3148959	-158.822996	-158.632976	
28.997	-10.5223691	-10.3148959	-158.822996	-158.632976	
29.00726	-10.5223691	-10.3148959	-158.822996	-158.632976	
29.01738	-10.5223691	-10.3148959	-158.822996	-158.632976	
29.02752	-10.5223691	-10.3148959	-158.822996	-158.632976	
29.03768	-10.5223691	-10.3148959	-158.822996	-158.632976	
29.04781	-10.5223691	-10.3148959	-158.822996	-158.632976	
29.05864	-10.5223691	-10.3148959	-158.822996	-158.632976	
29.06883	-10.5223691	-10.3148959	-158.822996	-158.632976	
29.07898	-10.5223691	-10.3148959	-158.822996	-158.632976	
29.08908	-10.5223691	-10.3148959	-158.822996	-158.632976	
29.09928	-10.5223691	-10.3148959	-158.822996	-158.632976	
29.10941	-10.5223691	-10.3148959	-158.822996	-158.632976	
29.11958	-10.5223691	-10.3148959	-158.822996	-158.632976	
29.12978	-10.5223691	-10.3148959	-158.822996	-158.632976	
29.1399	-10.5223691	-10.3148959	-158.822996	-158.632976	
29.15005	-10.5223691	-10.3148959	-158.822996	-158.632976	
29.16016	-10.5223691	-10.3148959	-158.822996	-158.632976	
29.17037	-10.5223691	-10.3148959	-158.822996	-158.632976	
29.1805	-10.5223691	-10.3148959	-158.822996	-158.632976	
29.19063	-10.5223691	-10.3148959	-158.822996	-158.632976	
29.20088	-10.5223691	-10.3148959	-158.822996	-158.632976	
29.21092	-10.5223691	-10.3148959	-158.822996	-158.632976	
29.22112	-10.5223691	-10.3148959	-158.822996	-158.632976	
29.24071	-10.5223691	-10.3148959	-158.822996	-158.632976	
29.24526	-10.5223691	-10.3148959	-158.822996	-158.632976	
29.25541	-10.5223691	-10.3148959	-158.822996	-158.632976	
29.26556	-10.5223691	-10.3148959	-158.822996	-158.632976	
29.27578	-10.5223691	-10.3148959	-158.822996	-158.632976	
29.28593	-10.5223691	-10.3148959	-158.822996	-158.632976	
29.29603	-10.5223691	-10.3148959	-158.822996	-158.632976	
29.30624	-10.5223691	-10.3148959	-158.822996	-158.632976	
29.31635	-10.5223691	-10.3148959	-158.822996	-158.632976	
29.3267	-10.5223691	-10.3148959	-158.822996	-158.632976	
29.3369	-10.5223691	-10.3148959	-158.822996	-158.632976	
29.34702	-10.5223691	-10.3148959	-158.822996	-158.632976	
29.35715	-10.5223691	-10.3148959	-158.822996	-158.632976	
29.36746	-10.5223691	-10.3148959	-158.822996	-158.632976	
29.37749	-10.5223691	-10.3148959	-158.822996	-158.632976	
29.38763	-10.5223691	-10.3148959	-158.822996	-158.632976	
29.39776	-10.5223691	-10.3148959	-158.822996	-158.632976	
29.40793	-10.5223691	-10.3148959	-158.822996	-158.632976	
29.41815	-10.5223691	-10.3148959	-158.822996	-158.632976	
29.42828	-10.5223691	-10.3148959	-158.822996	-158.632976	
29.43873	-10.5223691	-10.3148959	-158.822996	-158.632976	
29.44869	-10.5223691	-10.3148959	-158.822996	-158.632976	
29.45875	-10.5223691	-10.3148959	-158.822996	-158.632976	
29.46924	-10.5223691	-10.3148959	-158.822996	-158.632976	
29.47904	-10.5223691	-10.3148959	-158.822996	-158.632976	
29.48924	-10.5223691	-10.3148959	-158.822996	-158.632976	
29.49935	-10.5223691	-10.3148959	-158.822996	-158.632976	
29.50953	-10.5223691	-10.3148959	-158.822996	-158.632976	
29.5198	-10.5223691	-10.3148959	-158.822996	-158.632976	
29.52981	-10.5223691	-10.3148959	-158.822996	-158.632976	
29.5401	-10.5223691	-10.3148959	-158.822996	-158.632976	
29.55018	-10.5223691	-10.3148959	-158.822996	-158.632976	
29.56032	-10.5223691	-10.3148959	-158.822996	-158.632976	
29.57082	-10.5223691	-10.3148959	-158.822996	-158.632976	
29.58059	-10.5223691	-10.3148959	-158.822996	-158.632976	
29.59079	-10.5223691	-10.3148959	-158.822996	-158.632976	
29.60094	-10.5223691	-10.3148959	-158.822996	-158.632976	
29.61109	-10.5223691	-10.3148959	-158.822996	-158.632976	
29.62123	-10.5223691	-10.3148959	-158.822996	-158.632976	
29.6314	-10.5223691	-10.3148959	-158.822996	-158.632976	
29.64154	-10.5223691	-10.3148959	-158.822996	-158.632976	
29.65168	-10.5223691	-10.3148959	-158.822996	-158.632976	
29.66185	-10.5223691	-10.3148959	-158.822996	-158.632976	
29.67205	-10.5223691	-10.3148959	-158.822996	-158.632976	
29.68224	-10.5223691	-10.3148959	-158.822996	-158.632976	
29.69233	-10.5223691	-10.3148959	-158.822996	-158.632976	
29.7025	-10.5223691	-10.3148959	-158.822996	-158.632976	
29.71272	-10.5223691	-10.3148959	-158.822996	-158.632976	
29.72278	-10.5223691	-10.3148959	-158.822996	-158.632976	
29.73298	-10.5223691	-10.3148959	-158.822996	-158.632976	
29.74347	-10.5223691	-10.3148959	-158.822996	-158.632976	
29.75327	-10.5223691	-10.3148959	-158.822996	-158.632976	
29.76338	-10.5223691	-10.3148959	-158.822996	-158.632976	
29.77356	-10.5223691	-10.3148959	-158.822996	-158.632976	
29.78368	-10.5223691	-10.3148959	-158.822996	-158.632976	
29.79384	-10.5223691	-10.3148959	-158.822996	-158.632976	
29.80396	-10.5223691	-10.3148959	-158.822996	-158.632976	
29.81413	-10.5223691	-10.3148959	-158.822996	-158.632976	
29.82454	-10.5223691	-10.3148959	-158.822996	-158.632976	
29.83446	-10.5223691	-10.3148959	-158.822996	-158.632976	
29.84492	-10.5223691	-10.3148959	-158.822996	-158.632976	
29.85472	-10.5223691	-10.3148959	-158.822996	-158.632976	
29.86492	-10.5223691	-10.3148959	-158.822996	-158.632976	
29.87503	-10.5223691	-10.3148959	-158.822996	-158.632976	
29.88517	-10.5223691	-10.3148959	-158.822996	-158.632976	
29.89532	-10.5223691	-10.3148959	-158.822996	-158.632976	
29.90546	-10.5223691	-10.3148959	-158.822996	-158.632976	
29.91559	-10.5223691	-10.3148959	-158.822996	-158.632976	
29.9258	-10.5223691	-10.3148959	-158.822996	-158.632976	
29.93594	-10.5223691	-10.3148959	-158.822996	-158.632976	
29.94617	-10.5223691	-10.3148959	-158.822996	-158.632976	
29.95643	-10.5223691	-10.3148959	-158.822996	-158.632976	
29.96658	-10.5223691	-10.3148959	-158.822996	-158.632976	
29.97686	-10.5223691	-10.3148959	-158.822996	-158.632976	
29.9869	-10.5223691	-10.3148959	-158.822996	-158.632976	
29.99703	-10.5223691	-10.3148959	-158.822996	-158.632976	
30.00727	-10.5223691	-10.3148959	-158.822996	-158.632976	
30.01739	-10.5223691	-10.3148959	-158.822996	-158.632976	
30.02753	-10.5223691	-10.3148959	-158.822996	-158.632976	
30.03768	-10.5223691	-10.3148959	-158.822996	-158.632976	
30.04783	-10.5223691	-10.3148959	-158.822996	-158.632976	
30.05873	-10.5223691	-10.3148959	-158.822996	-158.632976	
30.06812	-10.5223691	-10.3148959	-158.822996	-158.632976	
30.07826	-10.5223691	-10.3148959	-158.822996	-158.632976	
30.08838	-10.5223691	-10.3148959	-158.822996	-158.632976	
30.09854	-10.5223691	-10.3148959	-158.822996	-158.632976	
30.10868	-10.5223691	-10.3148959	-158.822996	-158.632976	
30.11886	-10.5223691	-10.3148959	-158.822996	-158.632976	
30.12906	-10.5223691	-10.3148959	-158.822996	-158.632976	
30.13917	-10.5223691	-10.3148959	-158.822996	-158.632976	
30.14928	-10.5223691	-10.3148959	-158.822996	-158.632976	
30.15952	-10.5223691	-10.3148959	-158.822996	-158.632976	
30.1777	-10.5223691	-10.3148959	-158.822996	-158.632976	
30.18228	-10.5223691	-10.3148959	-158.822996	-158.632976	
30.1924	-10.5223691	-10.3148959	-158.822996	-158.632976	
30.20256	-10.5223691	-10.3148959	-158.822996	-158.632976	
30.21269	-10.5223691	-10.3148959	-158.822996	-158.632976	
30.22282	-10.5223691	-10.3148959	-158.822996	-158.632976	
30.24238	-10.5223691	-10.3148959	-158.822996	-158.632976	
30.24694	-10.5223691	-10.3148959	-158.822996	-158.632976	
30.2571	-10.5223691	-10.3148959	-158.822996	-158.632976	
30.26723	-10.5223691	-10.3148959	-158.822996	-158.632976	
30.27747	-10.5223691	-10.3148959	-158.822996	-158.632976	
30.28763	-10.5223691	-10.3148959	-158.822996	-158.632976	
30.29778	-10.5223691	-10.3148959	-158.822996	-158.632976	
30.30787	-10.5223691	-10.3148959	-158.822996	-158.632976	
30.31807	-10.5223691	-10.3148959	-158.822996	-158.632976	
30.32823	-10.5223691	-10.3148959	-158.822996	-158.632976	
30.3384	-10.5223691	-10.3148959	-158.822996	-158.632976	
30.34854	-10.5223691	-10.3148959	-158.822996	-158.632976	
30.35866	-10.5223691	-10.3148959	-158.822996	-158.632976	
30.3689	-10.5223691	-10.3148959	-158.822996	-158.632976	
30.37907	-10.5223691	-10.3148959	-158.822996	-158.632976	
30.3892	-10.5223691	-10.3148959	-158.822996	-158.632976	
30.39938	-10.5223691	-10.3148959	-158.822996	-158.632976	
30.40951	-10.5223691	-10.3148959	-158.822996	-158.632976	
30.4196	-10.5223691	-10.3148959	-158.822996	-158.632976	
30.42981	-10.5223691	-10.3148959	-158.822996	-158.632976	
30.43997	-10.5223691	-10.3148959	-158.822996	-158.632976	
30.458	-10.5223691	-10.3148959	-158.822996	-158.632976	
30.46253	-10.5223691	-10.3148959	-158.822996	-158.632976	
30.47347	-10.5223691	-10.3148959	-158.822996	-158.632976	
30.48283	-10.5223691	-10.3148959	-158.822996	-158.632976	
30.49302	-10.5223691	-10.3148959	-158.822996	-158.632976	
30.50312	-10.5223691	-10.3148959	-158.822996	-158.632976	
30.51328	-10.5223691	-10.3148959	-158.822996	-158.632976	
30.52342	-10.5223691	-10.3148959	-158.822996	-158.632976	
30.53356	-10.5223691	-10.3148959	-158.822996	-158.632976	
30.54371	-10.5223691	-10.3148959	-158.822996	-158.632976	
30.55386	-10.5223691	-10.3148959	-158.822996	-158.632976	
30.56401	-10.5223691	-10.3148959	-158.822996	-158.632976	
30.57422	-10.5223691	-10.3148959	-158.822996	-158.632976	
30.58439	-10.5223691	-10.3148959	-158.822996	-158.632976	
30.5945	-10.5223691	-10.3148959	-158.822996	-158.632976	
30.60466	-10.5223691	-10.3148959	-158.822996	-158.632976	
30.61476	-10.5223691	-10.3148959	-158.822996	-158.632976	
30.62492	-10.5223691	-10.3148959	-158.822996	-158.632976	
30.63503	-10.5223691	-10.3148959	-158.822996	-158.632976	
30.64515	-10.5223691	-10.3148959	-158.822996	-158.632976	
30.65667	-10.5223691	-10.3148959	-158.822996	-158.632976	
30.66547	-10.5223691	-10.3148959	-158.822996	-158.632976	
30.67566	-10.5223691	-10.3148959	-158.822996	-158.632976	
30.68586	-10.5223691	-10.3148959	-158.822996	-158.632976	
30.69603	-10.5223691	-10.3148959	-158.822996	-158.632976	
30.71405	-10.5223691	-10.3148959	-158.822996	-158.632976	
30.71857	-10.5223691	-10.3148959	-158.822996	-158.632976	
30.72877	-10.5223691	-10.3148959	-158.822996	-158.632976	
30.7389	-10.5223691	-10.3148959	-158.822996	-158.632976	
30.74905	-10.5223691	-10.3148959	-158.822996	-158.632976	
30.7592	-10.5223691	-10.3148959	-158.822996	-158.632976	
30.76937	-10.5223691	-10.3148959	-158.822996	-158.632976	
30.77951	-10.5223691	-10.3148959	-158.822996	-158.632976	
30.78964	-10.5223691	-10.3148959	-158.822996	-158.632976	
30.79986	-10.5223691	-10.3148959	-158.822996	-158.632976	
30.81001	-10.5223691	-10.3148959	-158.822996	-158.632976	
30.82015	-10.5223691	-10.3148959	-158.822996	-158.632976	
30.83035	-10.5223691	-10.3148959	-158.822996	-158.632976	
30.84044	-10.5223691	-10.3148959	-158.822996	-158.632976	
30.85063	-10.5223691	-10.3148959	-158.822996	-158.632976	
30.86075	-10.5223691	-10.3148959	-158.822996	-158.632976	
30.87091	-10.5223691	-10.3148959	-158.822996	-158.632976	
30.88118	-10.5223691	-10.3148959	-158.822996	-158.632976	
30.89122	-10.5223691	-10.3148959	-158.822996	-158.632976	
30.90139	-10.5223691	-10.3148959	-158.822996	-158.632976	
30.91159	-10.5223691	-10.3148959	-158.822996	-158.632976	
30.92166	-10.5223691	-10.3148959	-158.822996	-158.632976	
30.93209	-10.5223691	-10.3148959	-158.822996	-158.632976	
30.94221	-10.5223691	-10.3148959	-158.822996	-158.632976	
30.95234	-10.5223691	-10.3148959	-158.822996	-158.632976	
30.96247	-10.5223691	-10.3148959	-158.822996	-158.632976	
30.97263	-10.5223691	-10.3148959	-158.822996	-158.632976	
30.98276	-10.5223691	-10.3148959	-158.822996	-158.632976	
30.99301	-10.5223691	-10.3148959	-158.822996	-158.632976	
31.0031	-10.5223691	-10.3148959	-158.822996	-158.632976	
31.01322	-10.5223691	-10.3148959	-158.822996	-158.632976	
31.02338	-10.5223691	-10.3148959	-158.822996	-158.632976	
31.03349	-10.5223691	-10.3148959	-158.822996	-158.632976	
31.04364	-10.5223691	-10.3148959	-158.822996	-158.632976	
31.05377	-10.5223691	-10.3148959	-158.822996	-158.632976	
31.06397	-10.5223691	-10.3148959	-158.822996	-158.632976	
31.07432	-10.5223691	-10.3148959	-158.822996	-158.632976	
31.08434	-10.5223691	-10.3148959	-158.822996	-158.632976	
31.09446	-10.5223691	-10.3148959	-158.822996	-158.632976	
31.10457	-10.5223691	-10.3148959	-158.822996	-158.632976	
31.11472	-10.5223691	-10.3148959	-158.822996	-158.632976	
31.12484	-10.5223691	-10.3148959	-158.822996	-158.632976	
31.13499	-10.5223691	-10.3148959	-158.822996	-158.632976	
31.14515	-10.5223691	-10.3148959	-158.822996	-158.632976	
31.15527	-10.5223691	-10.3148959	-158.822996	-158.632976	
31.16543	-10.5223691	-10.3148959	-158.822996	-158.632976	
31.1759	-10.5223691	-10.3148959	-158.822996	-158.632976	
31.1858	-10.5223691	-10.3148959	-158.822996	-158.632976	
31.19598	-10.5223691	-10.3148959	-158.822996	-158.632976	
31.2061	-10.5223691	-10.3148959	-158.822996	-158.632976	
31.21628	-10.5223691	-10.3148959	-158.822996	-158.632976	
31.22642	-10.5223691	-10.3148959	-158.822996	-158.632976	
31.23715	-10.5223691	-10.3148959	-158.822996	-158.632976	
31.24702	-10.5223691	-10.3148959	-158.822996	-158.632976	
31.2572	-10.5223691	-10.3148959	-158.822996	-158.632976	
31.26731	-10.5223691	-10.3148959	-158.822996	-158.632976	
31.27778	-10.5223691	-10.3148959	-158.822996	-158.632976	
31.28788	-10.5223691	-10.3148959	-158.822996	-158.632976	
31.29807	-10.5223691	-10.3148959	-158.822996	-158.632976	
31.30819	-10.5223691	-10.3148959	-158.822996	-158.632976	
31.31841	-10.5223691	-10.3148959	-158.822996	-158.632976	
31.32856	-10.5223691	-10.3148959	-158.822996	-158.632976	
31.33867	-10.5223691	-10.3148959	-158.822996	-158.632976	
31.34883	-10.5223691	-10.3148959	-158.822996	-158.632976	
31.35894	-10.5223691	-10.3148959	-158.822996	-158.632976	
31.36918	-10.5223691	-10.3148959	-158.822996	-158.632976	
31.37931	-10.5223691	-10.3148959	-158.822996	-158.632976	
31.38945	-10.5223691	-10.3148959	-158.822996	-158.632976	
31.39963	-10.5223691	-10.3148959	-158.822996	-158.632976	
31.40978	-10.5223691	-10.3148959	-158.822996	-158.632976	
31.41992	-10.5223691	-10.3148959	-158.822996	-158.632976	
31.4301	-10.5223691	-10.3148959	-158.822996	-158.632976	
31.44025	-10.5223691	-10.3148959	-158.822996	-158.632976	
31.45047	-10.5223691	-10.3148959	-158.822996	-158.632976	
31.46097	-10.5223691	-10.3148959	-158.822996	-158.632976	
31.47109	-10.5223691	-10.3148959	-158.822996	-158.632976	
31.48128	-10.5223691	-10.3148959	-158.822996	-158.632976	
31.49141	-10.5223691	-10.3148959	-158.822996	-158.632976	
31.50155	-10.5223691	-10.3148959	-158.822996	-158.632976	
31.51175	-10.5223691	-10.3148959	-158.822996	-158.632976	
31.52187	-10.5223691	-10.3148959	-158.822996	-158.632976	
31.53205	-10.5223691	-10.3148959	-158.822996	-158.632976	
31.54217	-10.5223691	-10.3148959	-158.822996	-158.632976	
31.55234	-10.5223691	-10.3148959	-158.822996	-158.632976	
31.56252	-10.5223691	-10.3148959	-158.822996	-158.632976	
31.57261	-10.5223691	-10.3148959	-158.822996	-158.632976	
31.58282	-10.5223691	-10.3148959	-158.822996	-158.632976	
31.59302	-10.5223691	-10.3148959	-158.822996	-158.632976	
31.60312	-10.5223691	-10.3148959	-158.822996	-158.632976	
31.61326	-10.5223691	-10.3148959	-158.822996	-158.632976	
31.62364	-10.5223691	-10.3148959	-158.822996	-158.632976	
31.63362	-10.5223691	-10.3148959	-158.822996	-158.632976	
31.64367	-10.5223691	-10.3148959	-158.822996	-158.632976	
31.65382	-10.5223691	-10.3148959	-158.822996	-158.632976	
31.66398	-10.5223691	-10.3148959	-158.822996	-158.632976	
31.67412	-10.5223691	-10.3148959	-158.822996	-158.632976	
31.68437	-10.5223691	-10.3148959	-158.822996	-158.632976	
31.69447	-10.5223691	-10.3148959	-158.822996	-158.632976	
31.70458	-10.5223691	-10.3148959	-158.822996	-158.632976	
31.71471	-10.5223691	-10.3148959	-158.822996	-158.632976	
31.7249	-10.5223691	-10.3148959	-158.822996	-158.632976	
31.73503	-10.5223691	-10.3148959	-158.822996	-158.632976	
31.74517	-10.5223691	-10.3148959	-158.822996	-158.632976	
31.7553	-10.5223691	-10.3148959	-158.822996	-158.632976	
31.76545	-10.5223691	-10.3148959	-158.822996	-158.632976	
31.77567	-10.5223691	-10.3148959	-158.822996	-158.632976	
31.78584	-10.5223691	-10.3148959	-158.822996	-158.632976	
31.79592	-10.5223691	-10.3148959	-158.822996	-158.632976	
31.80607	-10.5223691	-10.3148959	-158.822996	-158.632976	
31.81624	-10.5223691	-10.3148959	-158.822996	-158.632976	
31.82664	-10.5223691	-10.3148959	-158.822996	-158.632976	
31.8366	-10.5223691	-10.3148959	-158.822996	-158.632976	
31.84679	-10.5223691	-10.3148959	-158.822996	-158.632976	
31.85698	-10.5223691	-10.3148959	-158.822996	-158.632976	
31.86711	-10.5223691	-10.3148959	-158.822996	-158.632976	
31.87748	-10.5223691	-10.3148959	-158.822996	-158.632976	
31.88747	-10.5223691	-10.3148959	-158.822996	-158.632976	
31.89755	-10.5223691	-10.3148959	-158.822996	-158.632976	
31.90773	-10.5223691	-10.3148959	-158.822996	-158.632976	
31.91789	-10.5223691	-10.3148959	-158.822996	-158.632976	
31.92805	-10.5223691	-10.3148959	-158.822996	-158.632976	
31.93825	-10.5223691	-10.3148959	-158.822996	-158.632976	
31.9484	-10.5223691	-10.3148959	-158.822996	-158.632976	
31.95855	-10.5223691	-10.3148959	-158.822996	-158.632976	
31.96871	-10.5223691	-10.3148959	-158.822996	-158.632976	
31.97917	-10.5223691	-10.3148959	-158.822996	-158.632976	
31.98897	-10.5223691	-10.3148959	-158.822996	-158.632976	
31.99917	-10.5223691	-10.3148959	-158.822996	-158.632976	
32.00935	-10.5223691	-10.3148959	-158.822996	-158.632976	
32.01948	-10.5223691	-10.3148959	-158.822996	-158.632976	
32.02962	-10.5223691	-10.3148959	-158.822996	-158.632976	
32.03979	-10.5223691	-10.3148959	-158.822996	-158.632976	
32.04998	-10.5223691	-10.3148959	-158.822996	-158.632976	
32.06062	-10.5223691	-10.3148959	-158.822996	-158.632976	
32.0702	-10.5223691	-10.3148959	-158.822996	-158.632976	
32.08038	-10.5223691	-10.3148959	-158.822996	-158.632976	
32.09051	-10.5223691	-10.3148959	-158.822996	-158.632976	
32.10071	-10.5223691	-10.3148959	-158.822996	-158.632976	
32.11084	-10.5223691	-10.3148959	-158.822996	-158.632976	
32.12106	-10.5223691	-10.3148959	-158.822996	-158.632976	
32.13115	-10.5223691	-10.3148959	-158.822996	-158.632976	
32.14126	-10.5223691	-10.3148959	-158.822996	-158.632976	
32.15163	-10.5223691	-10.3148959	-158.822996	-158.632976	
32.1616	-10.5223691	-10.3148959	-158.822996	-158.632976	
32.17175	-10.5223691	-10.3148959	-158.822996	-158.632976	
32.18195	-10.5223691	-10.3148959	-158.822996	-158.632976	
32.19212	-10.5223691	-10.3148959	-158.822996	-158.632976	
32.20232	-10.5223691	-10.3148959	-158.822996	-158.632976	
32.21241	-10.5223691	-10.3148959	-158.822996	-158.632976	
32.22253	-10.5223691	-10.3148959	-158.822996	-158.632976	
32.2327	-10.5223691	-10.3148959	-158.822996	-158.632976	
32.24286	-10.5223691	-10.3148959	-158.822996	-158.632976	
32.25301	-10.5223691	-10.3148959	-158.822996	-158.632976	
32.26318	-10.5223691	-10.3148959	-158.822996	-158.632976	
32.27333	-10.5223691	-10.3148959	-158.822996	-158.632976	
32.28365	-10.5223691	-10.3148959	-158.822996	-158.632976	
32.29361	-10.5223691	-10.3148959	-158.822996	-158.632976	
32.30376	-10.5223691	-10.3148959	-158.822996	-158.632976	
32.31391	-10.5223691	-10.3148959	-158.822996	-158.632976	
32.32404	-10.5223691	-10.3148959	-158.822996	-158.632976	
32.33423	-10.5223691	-10.3148959	-158.822996	-158.632976	
32.34442	-10.5223691	-10.3148959	-158.822996	-158.632976	
32.35455	-10.5223691	-10.3148959	-158.822996	-158.632976	
32.36478	-10.5223691	-10.3148959	-158.822996	-158.632976	
32.37482	-10.5223691	-10.3148959	-158.822996	-158.632976	
32.38508	-10.5223691	-10.3148959	-158.822996	-158.632976	
32.39509	-10.5223691	-10.3148959	-158.822996	-158.632976	
32.40525	-10.5223691	-10.3148959	-158.822996	-158.632976	
32.4154	-10.5223691	-10.3148959	-158.822996	-158.632976	
32.42554	-10.5223691	-10.3148959	-158.822996	-158.632976	
32.43575	-10.5223691	-10.3148959	-158.822996	-158.632976	
32.4459	-10.5223691	-10.3148959	-158.822996	-158.632976	
32.45599	-10.5223691	-10.3148959	-158.822996	-158.632976	
32.48565	-10.5223691	-10.3148959	-158.822996	-158.632976	
32.49049	-10.5223691	-10.3148959	-158.822996	-158.632976	
