7.589236	-321.804762	-321.803807	-471.2224	-471.221445	
7.599998	-321.80647	-321.803807	-471.224108	-471.221445	
7.60941	-321.808456	-321.803807	-471.226093	-471.221445	
7.627562	-321.81474	-321.812534	-471.232377	-471.221445	
7.632142	-321.816264	-321.812534	-471.233901	-471.230171	
7.642342	-321.820456	-321.812534	-471.238093	-471.230171	
7.652484	-321.825239	-321.812534	-471.242877	-471.230171	
7.662737	-321.830712	-321.812534	-471.248349	-471.230171	
7.672842	-321.83671	-321.812534	-471.254347	-471.230171	
7.683021	-321.84338	-321.812534	-471.261017	-471.230171	
7.69327	-321.85073	-321.812534	-471.268368	-471.230171	
7.703379	-321.858576	-321.812534	-471.276214	-471.230171	
7.713525	-321.867078	-321.812534	-471.284715	-471.230171	
7.723664	-321.876192	-321.812534	-471.29383	-471.230171	
7.733811	-321.88593	-321.812534	-471.303567	-471.230171	
7.74402	-321.896355	-321.812534	-471.313992	-471.230171	
7.754148	-321.907308	-321.812534	-471.324946	-471.230171	
7.764273	-321.918872	-321.812534	-471.33651	-471.230171	
7.774514	-321.931205	-321.812534	-471.348843	-471.230171	
7.784575	-321.943924	-321.812534	-471.361561	-471.230171	
7.794765	-321.957435	-321.812534	-471.375072	-471.230171	
7.804993	-321.971617	-321.812534	-471.389254	-471.230171	
7.815054	-321.986175	-321.821261	-471.403812	-471.238898	
7.825251	-322.001554	-321.821261	-471.419191	-471.238898	
7.835379	-322.017448	-321.821261	-471.435085	-471.238898	
7.845498	-322.033935	-321.829987	-471.451573	-471.238898	
7.85571	-322.051206	-321.838714	-471.468844	-471.247625	
7.865829	-322.068933	-321.847441	-471.486571	-471.256351	
7.875994	-322.087363	-321.856167	-471.505	-471.265078	
7.886118	-322.106335	-321.873621	-471.523972	-471.282531	
7.896256	-322.125943	-321.882347	-471.543581	-471.291258	
7.90648	-322.146346	-321.908527	-471.563983	-471.308711	
7.916605	-322.167162	-321.917254	-471.584799	-471.326165	
7.926805	-322.188768	-321.943434	-471.606405	-471.343618	
7.936897	-322.210741	-321.960887	-471.628379	-471.369798	
7.947298	-322.234063	-321.97834	-471.6517	-471.395978	
7.957219	-322.256869	-322.013247	-471.674506	-471.422158	
7.967313	-322.2807	-322.0307	-471.698338	-471.448338	
7.977461	-322.305274	-322.05688	-471.722912	-471.474517	
7.987723	-322.330763	-322.08306	-471.7484	-471.500697	
7.997765	-322.356295	-322.117967	-471.773932	-471.535604	
8.008024	-322.383028	-322.152873	-471.800665	-471.570511	
8.018064	-322.40978	-322.18778	-471.827418	-471.605417	
8.028271	-322.437605	-322.222687	-471.855242	-471.64905	
8.038453	-322.465994	-322.26632	-471.883632	-471.683957	
8.048488	-322.494556	-322.309953	-471.912194	-471.72759	
8.058938	-322.525004	-322.353586	-471.942641	-471.771223	
8.068783	-322.554208	-322.397219	-471.971845	-471.814857	
8.078943	-322.584995	-322.432126	-472.002632	-471.849763	
8.089418	-322.617426	-322.475759	-472.035064	-471.902123	
8.099206	-322.648258	-322.519392	-472.065896	-471.945756	
8.109386	-322.680966	-322.571752	-472.098603	-471.98939	
8.119736	-322.71488	-322.606659	-472.132518	-472.033023	
8.129724	-322.74818	-322.650292	-472.165817	-472.076656	
8.13982	-322.782458	-322.693925	-472.200096	-472.120289	
8.149976	-322.817578	-322.737559	-472.235216	-472.163923	
8.16029	-322.853852	-322.781192	-472.27149	-472.207556	
8.170457	-322.890261	-322.824825	-472.307898	-472.251189	
8.1806	-322.927181	-322.868458	-472.344819	-472.286096	
8.198928	-322.996372	-322.938271	-472.414009	-472.364635	
8.203416	-323.013233	-322.955725	-472.43087	-472.382089	
8.213612	-323.052395	-322.999358	-472.470032	-472.425722	
8.223769	-323.091982	-323.042991	-472.509619	-472.478082	
8.233909	-323.132138	-323.095351	-472.549775	-472.512988	
8.244068	-323.172986	-323.130258	-472.590623	-472.556622	
8.254205	-323.214373	-323.173891	-472.63201	-472.600255	
8.264377	-323.256538	-323.217524	-472.674175	-472.643888	
8.274514	-323.299127	-323.269884	-472.716764	-472.687521	
8.284663	-323.340593	-323.304791	-472.75823	-472.731155	
8.294891	-323.381778	-323.348424	-472.799415	-472.774788	
8.304937	-323.421628	-323.392057	-472.839266	-472.818421	
8.316262	-323.465806	-323.43569	-472.883443	-472.862054	
8.325334	-323.50076	-323.479324	-472.918397	-472.896961	
8.335449	-323.539107	-323.51423	-472.956745	-472.940594	
8.345599	-323.577182	-323.557863	-472.994819	-472.984227	
8.356052	-323.615642	-323.601497	-473.033279	-473.027861	
8.36591	-323.651043	-323.64513	-473.06868	-473.071494	
8.376115	-323.687347	-323.688763	-473.104984	-473.1064	
8.386222	-323.7227	-323.72367	-473.140337	-473.150034	
8.396394	-323.75771	-323.758576	-473.175347	-473.193667	
8.406612	-323.792266	-323.802209	-473.209903	-473.2373	
8.416673	-323.825697	-323.845843	-473.243334	-473.272207	
8.426874	-323.859018	-323.880749	-473.276655	-473.31584	
8.437076	-323.891731	-323.915656	-473.309368	-473.350746	
8.447121	-323.923369	-323.959289	-473.341007	-473.385653	
8.457244	-323.954651	-323.994196	-473.372289	-473.42056	
8.467539	-323.985868	-324.029102	-473.403505	-473.455466	
8.477554	-324.015655	-324.055282	-473.433292	-473.490373	
8.487694	-324.045227	-324.090189	-473.462864	-473.525279	
8.497869	-324.074317	-324.125095	-473.491954	-473.560186	
8.50799	-324.102661	-324.151275	-473.520298	-473.595093	
8.526528	-324.152177	-324.177455	-473.569814	-473.638726	
8.531095	-324.164439	-324.212362	-473.582076	-473.656179	
8.54125	-324.190957	-324.247268	-473.608594	-473.682359	
8.551387	-324.21684	-324.264722	-473.634477	-473.708539	
8.56152	-324.242133	-324.290902	-473.65977	-473.734719	
8.571685	-324.266913	-324.317082	-473.684551	-473.752172	
8.581856	-324.291132	-324.343262	-473.708769	-473.778352	
8.592107	-324.31495	-324.360715	-473.732587	-473.795805	
8.602903	-324.339354	-324.386895	-473.756991	-473.821985	
8.622348	-324.380681	-324.421801	-473.798318	-473.856892	
8.626905	-324.390434	-324.439255	-473.808071	-473.856892	
8.637122	-324.411574	-324.456708	-473.829211	-473.874345	
8.647218	-324.43189	-324.474161	-473.849527	-473.891799	
8.657348	-324.451703	-324.491615	-473.86934	-473.909252	
8.667682	-324.471312	-324.500341	-473.88895	-473.917978	
8.677821	-324.489986	-324.509068	-473.907623	-473.926705	
8.688046	-324.508228	-324.526521	-473.925865	-473.935432	
8.698209	-324.525795	-324.526521	-473.943432	-473.944158	
8.708296	-324.542665	-324.543974	-473.960302	-473.952885	
8.718543	-324.559217	-324.543974	-473.976855	-473.961612	
8.728925	-324.575392	-324.552701	-473.99303	-473.970338	
8.738806	-324.590265	-324.561428	-474.007902	-473.979065	
8.749004	-324.605026	-324.561428	-474.022663	-473.979065	
8.759026	-324.61899	-324.570154	-474.036628	-473.987792	
8.769179	-324.632568	-324.578881	-474.050205	-473.996518	
8.779275	-324.645526	-324.578881	-474.063163	-473.996518	
8.78952	-324.658105	-324.587608	-474.075742	-474.005245	
8.799696	-324.670028	-324.596334	-474.087665	-474.013972	
8.809742	-324.681266	-324.596334	-474.098904	-474.013972	
8.819926	-324.692138	-324.605061	-474.109776	-474.013972	
8.830066	-324.702347	-324.613788	-474.119984	-474.022698	
8.840318	-324.712146	-324.613788	-474.129784	-474.031425	
8.850467	-324.721309	-324.622514	-474.138946	-474.031425	
8.860638	-324.72995	-324.631241	-474.147587	-474.040151	
8.870845	-324.738079	-324.631241	-474.155717	-474.048878	
8.880914	-324.745586	-324.639968	-474.163223	-474.048878	
8.89134	-324.752795	-324.648694	-474.170432	-474.057605	
8.901308	-324.759198	-324.657421	-474.176835	-474.057605	
8.91142	-324.765182	-324.666147	-474.18282	-474.066331	
8.9216	-324.770699	-324.666147	-474.188336	-474.075058	
8.931685	-324.775675	-324.674874	-474.193313	-474.083785	
8.941921	-324.780229	-324.674874	-474.197866	-474.083785	
8.952174	-324.784303	-324.683601	-474.20194	-474.092511	
8.962248	-324.787853	-324.692327	-474.205491	-474.101238	
8.972415	-324.790986	-324.701054	-474.208623	-474.109965	
8.982648	-324.793698	-324.701054	-474.211336	-474.118691	
8.99299	-324.796013	-324.701054	-474.213651	-474.118691	
9.002883	-324.797871	-324.709781	-474.215508	-474.127418	
9.013046	-324.799415	-324.709781	-474.217052	-474.127418	
9.023207	-324.803807	-324.718507	-474.221445	-474.136145	
9.033351	-324.803807	-324.718507	-474.221445	-474.136145	
9.043467	-324.803807	-324.718507	-474.221445	-474.136145	
9.053711	-324.803807	-324.718507	-474.221445	-474.136145	
9.063826	-324.803807	-324.718507	-474.221445	-474.136145	
9.07397	-324.803807	-324.718507	-474.221445	-474.136145	
9.084147	-324.803807	-324.718507	-474.221445	-474.136145	
9.094272	-324.803807	-324.718507	-474.221445	-474.136145	
9.104413	-324.803807	-324.718507	-474.221445	-474.136145	
9.114532	-324.803807	-324.718507	-474.221445	-474.136145	
9.124718	-324.803807	-324.718507	-474.221445	-474.136145	
9.134897	-324.803807	-324.718507	-474.221445	-474.136145	
9.144996	-324.803807	-324.718507	-474.221445	-474.136145	
9.155233	-324.803807	-324.718507	-474.221445	-474.136145	
9.16561	-324.803807	-324.718507	-474.221445	-474.136145	
9.175501	-324.803807	-324.718507	-474.221445	-474.136145	
9.18568	-324.803807	-324.718507	-474.221445	-474.136145	
9.19606	-324.803807	-324.718507	-474.221445	-474.136145	
9.205982	-324.803807	-324.718507	-474.221445	-474.136145	
9.216181	-324.803807	-324.718507	-474.221445	-474.136145	
9.226305	-324.803807	-324.718507	-474.221445	-474.136145	
9.236438	-324.803807	-324.718507	-474.221445	-474.136145	
9.246641	-324.803807	-324.718507	-474.221445	-474.136145	
9.256798	-324.803807	-324.718507	-474.221445	-474.136145	
9.266925	-324.803807	-324.718507	-474.221445	-474.136145	
9.277041	-324.803807	-324.718507	-474.221445	-474.136145	
9.287187	-324.803807	-324.718507	-474.221445	-474.136145	
9.297367	-324.803807	-324.718507	-474.221445	-474.136145	
9.307492	-324.803807	-324.718507	-474.221445	-474.136145	
9.318992	-324.803807	-324.718507	-474.221445	-474.136145	
9.327811	-324.803807	-324.718507	-474.221445	-474.136145	
9.337939	-324.803807	-324.718507	-474.221445	-474.136145	
9.348106	-324.803807	-324.718507	-474.221445	-474.136145	
9.358293	-324.803807	-324.718507	-474.221445	-474.136145	
9.368405	-324.803807	-324.718507	-474.221445	-474.136145	
9.378541	-324.803807	-324.718507	-474.221445	-474.136145	
9.388664	-324.803807	-324.718507	-474.221445	-474.136145	
9.398905	-324.803807	-324.718507	-474.221445	-474.136145	
9.408977	-324.803807	-324.718507	-474.221445	-474.136145	
9.419119	-324.803807	-324.718507	-474.221445	-474.136145	
9.429315	-324.803807	-324.718507	-474.221445	-474.136145	
9.439417	-324.803807	-324.718507	-474.221445	-474.136145	
9.457599	-324.803807	-324.718507	-474.221445	-474.136145	
9.462135	-324.803807	-324.718507	-474.221445	-474.136145	
9.472498	-324.803807	-324.718507	-474.221445	-474.136145	
9.482632	-324.803807	-324.718507	-474.221445	-474.136145	
9.492813	-324.803807	-324.718507	-474.221445	-474.136145	
9.503022	-324.803807	-324.718507	-474.221445	-474.136145	
9.513066	-324.803807	-324.718507	-474.221445	-474.136145	
9.523273	-324.803807	-324.718507	-474.221445	-474.136145	
9.533449	-324.803807	-324.718507	-474.221445	-474.136145	
9.543593	-324.803807	-324.718507	-474.221445	-474.136145	
9.553728	-324.803807	-324.718507	-474.221445	-474.136145	
9.563838	-324.803807	-324.718507	-474.221445	-474.136145	
9.57406	-324.803807	-324.718507	-474.221445	-474.136145	
9.584268	-324.803807	-324.718507	-474.221445	-474.136145	
9.594393	-324.803807	-324.718507	-474.221445	-474.136145	
9.605284	-324.803807	-324.718507	-474.221445	-474.136145	
9.615411	-324.803807	-324.718507	-474.221445	-474.136145	
9.625544	-324.803807	-324.718507	-474.221445	-474.136145	
9.635723	-324.803807	-324.718507	-474.221445	-474.136145	
9.645875	-324.803807	-324.718507	-474.221445	-474.136145	
9.656104	-324.803807	-324.718507	-474.221445	-474.136145	
9.666316	-324.803807	-324.718507	-474.221445	-474.136145	
9.67629	-324.803807	-324.718507	-474.221445	-474.136145	
9.686572	-324.803807	-324.718507	-474.221445	-474.136145	
9.696661	-324.803807	-324.718507	-474.221445	-474.136145	
9.706847	-324.803807	-324.718507	-474.221445	-474.136145	
9.716927	-324.803807	-324.718507	-474.221445	-474.136145	
9.727393	-324.803807	-324.718507	-474.221445	-474.136145	
9.737211	-324.803807	-324.718507	-474.221445	-474.136145	
9.747465	-324.803807	-324.718507	-474.221445	-474.136145	
9.757565	-324.803807	-324.718507	-474.221445	-474.136145	
9.767635	-324.803807	-324.718507	-474.221445	-474.136145	
9.777803	-324.803807	-324.718507	-474.221445	-474.136145	
9.78816	-324.803807	-324.718507	-474.221445	-474.136145	
9.798204	-324.803807	-324.718507	-474.221445	-474.136145	
9.808312	-324.803807	-324.718507	-474.221445	-474.136145	
9.818365	-324.803807	-324.718507	-474.221445	-474.136145	
9.828854	-324.803807	-324.718507	-474.221445	-474.136145	
9.838757	-324.803807	-324.718507	-474.221445	-474.136145	
9.84883	-324.803807	-324.718507	-474.221445	-474.136145	
9.858995	-324.803807	-324.718507	-474.221445	-474.136145	
9.869114	-324.803807	-324.718507	-474.221445	-474.136145	
9.879296	-324.803807	-324.718507	-474.221445	-474.136145	
9.889459	-324.803807	-324.718507	-474.221445	-474.136145	
9.899676	-324.803807	-324.718507	-474.221445	-474.136145	
9.909794	-324.803807	-324.718507	-474.221445	-474.136145	
9.919943	-324.803807	-324.718507	-474.221445	-474.136145	
9.930098	-324.803807	-324.718507	-474.221445	-474.136145	
9.940262	-324.803807	-324.718507	-474.221445	-474.136145	
9.950436	-324.803807	-324.718507	-474.221445	-474.136145	
9.960586	-324.803807	-324.718507	-474.221445	-474.136145	
9.970731	-324.803807	-324.718507	-474.221445	-474.136145	
9.980878	-324.803807	-324.718507	-474.221445	-474.136145	
9.991091	-324.803807	-324.718507	-474.221445	-474.136145	
10.00124	-324.803807	-324.718507	-474.221445	-474.136145	
10.01138	-324.803807	-324.718507	-474.221445	-474.136145	
10.02159	-324.803807	-324.718507	-474.221445	-474.136145	
10.03167	-324.803807	-324.718507	-474.221445	-474.136145	
10.04187	-324.803807	-324.718507	-474.221445	-474.136145	
10.05201	-324.803807	-324.718507	-474.221445	-474.136145	
10.06219	-324.803807	-324.718507	-474.221445	-474.136145	
10.07236	-324.803807	-324.718507	-474.221445	-474.136145	
10.08247	-324.803807	-324.718507	-474.221445	-474.136145	
10.09265	-324.803807	-324.718507	-474.221445	-474.136145	
10.10286	-324.803807	-324.718507	-474.221445	-474.136145	
10.11296	-324.803807	-324.718507	-474.221445	-474.136145	
10.12313	-324.803807	-324.718507	-474.221445	-474.136145	
10.13335	-324.803807	-324.718507	-474.221445	-474.136145	
10.14345	-324.803807	-324.718507	-474.221445	-474.136145	
10.15364	-324.803807	-324.718507	-474.221445	-474.136145	
10.16376	-324.803807	-324.718507	-474.221445	-474.136145	
10.174	-324.803807	-324.718507	-474.221445	-474.136145	
10.18417	-324.803807	-324.718507	-474.221445	-474.136145	
10.19429	-324.803807	-324.718507	-474.221445	-474.136145	
10.20448	-324.803807	-324.718507	-474.221445	-474.136145	
10.21471	-324.803807	-324.718507	-474.221445	-474.136145	
10.22478	-324.803807	-324.718507	-474.221445	-474.136145	
10.23489	-324.803807	-324.718507	-474.221445	-474.136145	
10.24508	-324.803807	-324.718507	-474.221445	-474.136145	
10.25524	-324.803807	-324.718507	-474.221445	-474.136145	
10.26539	-324.803807	-324.718507	-474.221445	-474.136145	
10.27552	-324.803807	-324.718507	-474.221445	-474.136145	
10.28569	-324.803807	-324.718507	-474.221445	-474.136145	
10.29584	-324.803807	-324.718507	-474.221445	-474.136145	
10.31414	-324.803807	-324.718507	-474.221445	-474.136145	
10.31898	-324.803807	-324.718507	-474.221445	-474.136145	
10.32886	-324.803807	-324.718507	-474.221445	-474.136145	
10.33896	-324.803807	-324.718507	-474.221445	-474.136145	
10.34912	-324.803807	-324.718507	-474.221445	-474.136145	
10.35929	-324.803807	-324.718507	-474.221445	-474.136145	
10.36944	-324.803807	-324.718507	-474.221445	-474.136145	
10.37962	-324.803807	-324.718507	-474.221445	-474.136145	
10.38974	-324.803807	-324.718507	-474.221445	-474.136145	
10.40055	-324.803807	-324.718507	-474.221445	-474.136145	
10.41096	-324.803807	-324.718507	-474.221445	-474.136145	
10.42086	-324.803807	-324.718507	-474.221445	-474.136145	
10.43102	-324.803807	-324.718507	-474.221445	-474.136145	
10.44117	-324.803807	-324.718507	-474.221445	-474.136145	
10.45129	-324.803807	-324.718507	-474.221445	-474.136145	
10.46154	-324.803807	-324.718507	-474.221445	-474.136145	
10.47171	-324.803807	-324.718507	-474.221445	-474.136145	
10.4818	-324.803807	-324.718507	-474.221445	-474.136145	
10.49197	-324.803807	-324.718507	-474.221445	-474.136145	
10.50213	-324.803807	-324.718507	-474.221445	-474.136145	
10.51235	-324.803807	-324.718507	-474.221445	-474.136145	
10.52247	-324.803807	-324.718507	-474.221445	-474.136145	
10.53262	-324.803807	-324.718507	-474.221445	-474.136145	
10.54284	-324.803807	-324.718507	-474.221445	-474.136145	
10.55294	-324.803807	-324.718507	-474.221445	-474.136145	
10.56307	-324.803807	-324.718507	-474.221445	-474.136145	
10.5733	-324.803807	-324.718507	-474.221445	-474.136145	
10.58342	-324.803807	-324.718507	-474.221445	-474.136145	
10.59355	-324.803807	-324.718507	-474.221445	-474.136145	
10.60442	-324.803807	-324.718507	-474.221445	-474.136145	
10.61391	-324.803807	-324.718507	-474.221445	-474.136145	
10.62412	-324.803807	-324.718507	-474.221445	-474.136145	
10.6342	-324.803807	-324.718507	-474.221445	-474.136145	
10.64437	-324.803807	-324.718507	-474.221445	-474.136145	
10.65467	-324.803807	-324.718507	-474.221445	-474.136145	
10.66466	-324.803807	-324.718507	-474.221445	-474.136145	
10.67486	-324.803807	-324.718507	-474.221445	-474.136145	
10.68498	-324.803807	-324.718507	-474.221445	-474.136145	
10.69517	-324.803807	-324.718507	-474.221445	-474.136145	
10.70533	-324.803807	-324.718507	-474.221445	-474.136145	
10.71542	-324.803807	-324.718507	-474.221445	-474.136145	
10.72686	-324.803807	-324.718507	-474.221445	-474.136145	
10.73647	-324.803807	-324.718507	-474.221445	-474.136145	
10.74671	-324.803807	-324.718507	-474.221445	-474.136145	
10.75685	-324.803807	-324.718507	-474.221445	-474.136145	
10.7673	-324.803807	-324.727234	-474.221445	-474.136145	
10.77709	-324.803807	-324.727234	-474.221445	-474.136145	
10.78723	-324.803807	-324.727234	-474.221445	-474.136145	
10.79745	-324.803807	-324.727234	-474.221445	-474.136145	
10.80755	-324.803807	-324.727234	-474.221445	-474.136145	
10.81769	-324.803807	-324.727234	-474.221445	-474.136145	
10.82786	-324.803807	-324.727234	-474.221445	-474.136145	
10.838	-324.803807	-324.727234	-474.221445	-474.136145	
10.84822	-324.803807	-324.727234	-474.221445	-474.136145	
10.85833	-324.803807	-324.727234	-474.221445	-474.136145	
10.86843	-324.803807	-324.727234	-474.221445	-474.136145	
10.87859	-324.803807	-324.727234	-474.221445	-474.136145	
10.88872	-324.803807	-324.727234	-474.221445	-474.136145	
10.89888	-324.803807	-324.727234	-474.221445	-474.136145	
10.90903	-324.803807	-324.735961	-474.221445	-474.136145	
10.9192	-324.803807	-324.735961	-474.221445	-474.136145	
10.92932	-324.803807	-324.735961	-474.221445	-474.136145	
10.93952	-324.803807	-324.735961	-474.221445	-474.136145	
10.95753	-324.803807	-324.744687	-474.221445	-474.136145	
10.96207	-324.803807	-324.744687	-474.221445	-474.136145	
10.97221	-324.803807	-324.744687	-474.221445	-474.136145	
10.98245	-324.803807	-324.744687	-474.221445	-474.136145	
10.99253	-324.803807	-324.744687	-474.221445	-474.136145	
11.00295	-324.803807	-324.744687	-474.221445	-474.136145	
11.01309	-324.803807	-324.744687	-474.221445	-474.144871	
11.02323	-324.803807	-324.744687	-474.221445	-474.144871	
11.03342	-324.803807	-324.744687	-474.221445	-474.144871	
11.04358	-324.803807	-324.744687	-474.221445	-474.144871	
11.05374	-324.803807	-324.744687	-474.221445	-474.144871	
11.06389	-324.803807	-324.753414	-474.221445	-474.144871	
11.07403	-324.803807	-324.753414	-474.221445	-474.144871	
11.08422	-324.803807	-324.753414	-474.221445	-474.153598	
11.09435	-324.803807	-324.753414	-474.221445	-474.153598	
11.10622	-324.803807	-324.753414	-474.221445	-474.153598	
11.1163	-324.803807	-324.753414	-474.221445	-474.162325	
11.12645	-324.803807	-324.753414	-474.221445	-474.162325	
11.13659	-324.803807	-324.753414	-474.221445	-474.171051	
11.14685	-324.803807	-324.753414	-474.221445	-474.171051	
11.15696	-324.803807	-324.753414	-474.221445	-474.179778	
11.16729	-324.803807	-324.753414	-474.221445	-474.179778	
11.17724	-324.803807	-324.753414	-474.221445	-474.179778	
11.18737	-324.803807	-324.753414	-474.221445	-474.188504	
11.19754	-324.803807	-324.753414	-474.221445	-474.188504	
11.20769	-324.803807	-324.753414	-474.221445	-474.188504	
11.21789	-324.803807	-324.753414	-474.221445	-474.188504	
11.22798	-324.803807	-324.753414	-474.221445	-474.188504	
11.23818	-324.803807	-324.753414	-474.221445	-474.188504	
11.24858	-324.803807	-324.753414	-474.221445	-474.188504	
11.2586	-324.803807	-324.762141	-474.221445	-474.188504	
11.26861	-324.803807	-324.762141	-474.221445	-474.188504	
11.27875	-324.803807	-324.762141	-474.221445	-474.188504	
11.28904	-324.803807	-324.762141	-474.221445	-474.188504	
11.29902	-324.803807	-324.762141	-474.221445	-474.188504	
11.3092	-324.803807	-324.762141	-474.221445	-474.188504	
11.31935	-324.803807	-324.762141	-474.221445	-474.188504	
11.32947	-324.803807	-324.762141	-474.221445	-474.188504	
11.34792	-324.803807	-324.762141	-474.221445	-474.188504	
11.35285	-324.803807	-324.762141	-474.221445	-474.188504	
11.363	-324.803807	-324.762141	-474.221445	-474.188504	
11.37317	-324.803807	-324.762141	-474.221445	-474.188504	
11.38333	-324.803807	-324.762141	-474.221445	-474.188504	
11.39343	-324.803807	-324.762141	-474.221445	-474.188504	
11.40368	-324.803807	-324.762141	-474.221445	-474.188504	
11.4138	-324.803807	-324.762141	-474.221445	-474.188504	
11.42397	-324.803807	-324.762141	-474.221445	-474.188504	
11.4341	-324.803807	-324.762141	-474.221445	-474.188504	
11.44421	-324.803807	-324.762141	-474.221445	-474.188504	
11.45441	-324.803807	-324.762141	-474.221445	-474.188504	
11.46455	-324.803807	-324.762141	-474.221445	-474.188504	
11.47468	-324.803807	-324.762141	-474.221445	-474.188504	
11.48483	-324.803807	-324.762141	-474.221445	-474.188504	
11.49504	-324.803807	-324.762141	-474.221445	-474.188504	
11.50517	-324.803807	-324.762141	-474.221445	-474.188504	
11.51532	-324.803807	-324.762141	-474.221445	-474.188504	
11.52552	-324.803807	-324.762141	-474.221445	-474.188504	
11.53561	-324.803807	-324.762141	-474.221445	-474.188504	
11.54575	-324.803807	-324.762141	-474.221445	-474.188504	
11.5559	-324.803807	-324.762141	-474.221445	-474.188504	
11.56612	-324.803807	-324.762141	-474.221445	-474.188504	
11.58412	-324.803807	-324.762141	-474.221445	-474.188504	
11.58864	-324.803807	-324.762141	-474.221445	-474.188504	
11.59883	-324.803807	-324.762141	-474.221445	-474.188504	
11.60896	-324.803807	-324.762141	-474.221445	-474.188504	
11.61908	-324.803807	-324.762141	-474.221445	-474.188504	
11.62922	-324.803807	-324.762141	-474.221445	-474.188504	
11.6394	-324.803807	-324.762141	-474.221445	-474.188504	
11.64959	-324.803807	-324.762141	-474.221445	-474.188504	
11.65972	-324.803807	-324.762141	-474.221445	-474.188504	
11.66991	-324.803807	-324.762141	-474.221445	-474.188504	
11.68003	-324.803807	-324.762141	-474.221445	-474.188504	
11.69018	-324.803807	-324.762141	-474.221445	-474.188504	
11.70033	-324.803807	-324.762141	-474.221445	-474.188504	
11.71053	-324.803807	-324.762141	-474.221445	-474.188504	
11.72065	-324.803807	-324.762141	-474.221445	-474.188504	
11.7308	-324.803807	-324.762141	-474.221445	-474.188504	
11.74096	-324.803807	-324.762141	-474.221445	-474.188504	
11.75126	-324.803807	-324.762141	-474.221445	-474.188504	
11.76141	-324.803807	-324.762141	-474.221445	-474.188504	
11.77161	-324.803807	-324.762141	-474.221445	-474.188504	
11.78179	-324.803807	-324.762141	-474.221445	-474.188504	
11.79191	-324.803807	-324.762141	-474.221445	-474.188504	
11.80206	-324.803807	-324.762141	-474.221445	-474.188504	
11.81218	-324.803807	-324.762141	-474.221445	-474.188504	
11.82241	-324.803807	-324.762141	-474.221445	-474.188504	
11.83258	-324.803807	-324.762141	-474.221445	-474.188504	
11.8427	-324.803807	-324.762141	-474.221445	-474.188504	
11.85285	-324.803807	-324.762141	-474.221445	-474.188504	
11.86302	-324.803807	-324.762141	-474.221445	-474.188504	
11.87319	-324.803807	-324.762141	-474.221445	-474.188504	
11.88333	-324.803807	-324.762141	-474.221445	-474.188504	
11.8935	-324.803807	-324.762141	-474.221445	-474.188504	
11.90386	-324.803807	-324.762141	-474.221445	-474.188504	
11.91379	-324.803807	-324.762141	-474.221445	-474.188504	
11.92394	-324.803807	-324.762141	-474.221445	-474.188504	
11.93415	-324.803807	-324.762141	-474.221445	-474.188504	
11.94441	-324.803807	-324.762141	-474.221445	-474.188504	
11.95449	-324.803807	-324.762141	-474.221445	-474.188504	
11.96461	-324.803807	-324.762141	-474.221445	-474.188504	
11.97504	-324.803807	-324.762141	-474.221445	-474.188504	
11.98496	-324.803807	-324.762141	-474.221445	-474.188504	
11.9951	-324.803807	-324.762141	-474.221445	-474.188504	
12.00559	-324.803807	-324.762141	-474.221445	-474.188504	
12.01536	-324.803807	-324.762141	-474.221445	-474.188504	
12.02557	-324.803807	-324.762141	-474.221445	-474.188504	
12.03571	-324.803807	-324.762141	-474.221445	-474.188504	
12.04586	-324.803807	-324.762141	-474.221445	-474.188504	
12.05602	-324.803807	-324.762141	-474.221445	-474.188504	
12.06617	-324.803807	-324.762141	-474.221445	-474.188504	
12.07634	-324.803807	-324.762141	-474.221445	-474.188504	
12.08649	-324.803807	-324.762141	-474.221445	-474.188504	
12.09661	-324.803807	-324.762141	-474.221445	-474.188504	
12.10673	-324.803807	-324.762141	-474.221445	-474.188504	
12.1169	-324.803807	-324.762141	-474.221445	-474.188504	
12.12739	-324.803807	-324.762141	-474.221445	-474.188504	
12.13718	-324.803807	-324.762141	-474.221445	-474.188504	
12.14731	-324.803807	-324.762141	-474.221445	-474.188504	
12.15752	-324.803807	-324.762141	-474.221445	-474.188504	
12.1676	-324.803807	-324.762141	-474.221445	-474.188504	
12.17777	-324.803807	-324.762141	-474.221445	-474.188504	
12.1879	-324.803807	-324.762141	-474.221445	-474.188504	
12.19812	-324.803807	-324.762141	-474.221445	-474.188504	
12.20831	-324.803807	-324.762141	-474.221445	-474.188504	
12.21838	-324.803807	-324.762141	-474.221445	-474.188504	
12.22852	-324.803807	-324.762141	-474.221445	-474.188504	
12.23866	-324.803807	-324.762141	-474.221445	-474.188504	
12.24882	-324.803807	-324.762141	-474.221445	-474.188504	
12.25896	-324.803807	-324.762141	-474.221445	-474.188504	
12.26913	-324.803807	-324.762141	-474.221445	-474.188504	
12.27932	-324.803807	-324.762141	-474.221445	-474.188504	
12.28941	-324.803807	-324.762141	-474.221445	-474.188504	
12.2996	-324.803807	-324.762141	-474.221445	-474.188504	
12.3098	-324.803807	-324.762141	-474.221445	-474.188504	
12.31994	-324.803807	-324.762141	-474.221445	-474.188504	
12.33011	-324.803807	-324.762141	-474.221445	-474.188504	
12.34027	-324.803807	-324.762141	-474.221445	-474.188504	
12.35039	-324.803807	-324.762141	-474.221445	-474.188504	
12.3606	-324.803807	-324.762141	-474.221445	-474.188504	
12.37076	-324.803807	-324.762141	-474.221445	-474.188504	
12.38091	-324.803807	-324.762141	-474.221445	-474.188504	
12.39113	-324.803807	-324.762141	-474.221445	-474.188504	
12.40127	-324.803807	-324.762141	-474.221445	-474.188504	
12.41146	-324.803807	-324.762141	-474.221445	-474.188504	
12.42163	-324.803807	-324.762141	-474.221445	-474.188504	
12.43172	-324.803807	-324.762141	-474.221445	-474.188504	
12.44208	-324.803807	-324.762141	-474.221445	-474.188504	
12.45222	-324.803807	-324.762141	-474.221445	-474.188504	
12.46239	-324.803807	-324.762141	-474.221445	-474.188504	
12.47257	-324.803807	-324.762141	-474.221445	-474.188504	
12.48265	-324.803807	-324.762141	-474.221445	-474.188504	
12.49284	-324.803807	-324.762141	-474.221445	-474.188504	
12.50307	-324.803807	-324.762141	-474.221445	-474.188504	
12.51316	-324.803807	-324.762141	-474.221445	-474.188504	
12.5233	-324.803807	-324.762141	-474.221445	-474.188504	
12.53352	-324.803807	-324.762141	-474.221445	-474.188504	
12.54365	-324.803807	-324.762141	-474.221445	-474.188504	
12.5538	-324.803807	-324.762141	-474.221445	-474.188504	
12.56393	-324.803807	-324.762141	-474.221445	-474.188504	
12.57411	-324.803807	-324.762141	-474.221445	-474.188504	
12.58429	-324.803807	-324.762141	-474.221445	-474.188504	
12.5944	-324.803807	-324.762141	-474.221445	-474.188504	
12.60535	-324.803807	-324.762141	-474.221445	-474.188504	
12.61507	-324.803807	-324.762141	-474.221445	-474.188504	
12.62513	-324.803807	-324.762141	-474.221445	-474.188504	
12.63528	-324.803807	-324.762141	-474.221445	-474.188504	
12.64553	-324.803807	-324.762141	-474.221445	-474.188504	
12.65574	-324.803807	-324.762141	-474.221445	-474.188504	
12.66586	-324.803807	-324.762141	-474.221445	-474.188504	
12.67602	-324.803807	-324.762141	-474.221445	-474.188504	
12.68621	-324.803807	-324.762141	-474.221445	-474.188504	
12.69635	-324.803807	-324.762141	-474.221445	-474.188504	
12.70692	-324.803807	-324.762141	-474.221445	-474.188504	
12.71669	-324.803807	-324.762141	-474.221445	-474.188504	
12.72687	-324.803807	-324.762141	-474.221445	-474.188504	
12.73696	-324.803807	-324.762141	-474.221445	-474.188504	
12.74712	-324.803807	-324.762141	-474.221445	-474.188504	
12.75726	-324.803807	-324.762141	-474.221445	-474.188504	
12.7674	-324.803807	-324.762141	-474.221445	-474.188504	
12.77756	-324.803807	-324.762141	-474.221445	-474.188504	
12.78769	-324.803807	-324.762141	-474.221445	-474.188504	
12.79783	-324.803807	-324.762141	-474.221445	-474.188504	
12.80798	-324.803807	-324.762141	-474.221445	-474.188504	
12.81823	-324.803807	-324.762141	-474.221445	-474.188504	
12.8283	-324.803807	-324.762141	-474.221445	-474.188504	
12.83852	-324.803807	-324.762141	-474.221445	-474.188504	
12.84859	-324.803807	-324.762141	-474.221445	-474.188504	
12.85902	-324.803807	-324.762141	-474.221445	-474.188504	
12.86887	-324.803807	-324.762141	-474.221445	-474.188504	
12.87918	-324.803807	-324.762141	-474.221445	-474.188504	
12.8892	-324.803807	-324.762141	-474.221445	-474.188504	
12.89931	-324.803807	-324.762141	-474.221445	-474.188504	
12.90956	-324.803807	-324.762141	-474.221445	-474.188504	
12.92753	-324.803807	-324.762141	-474.221445	-474.188504	
12.93206	-324.803807	-324.762141	-474.221445	-474.188504	
12.94227	-324.803807	-324.762141	-474.221445	-474.188504	
12.95249	-324.803807	-324.762141	-474.221445	-474.188504	
12.96256	-324.803807	-324.762141	-474.221445	-474.188504	
12.97273	-324.803807	-324.762141	-474.221445	-474.188504	
12.98294	-324.803807	-324.762141	-474.221445	-474.188504	
12.99304	-324.803807	-324.762141	-474.221445	-474.188504	
13.0032	-324.803807	-324.762141	-474.221445	-474.188504	
13.01338	-324.803807	-324.762141	-474.221445	-474.188504	
13.02368	-324.803807	-324.762141	-474.221445	-474.188504	
13.0338	-324.803807	-324.762141	-474.221445	-474.188504	
13.04395	-324.803807	-324.762141	-474.221445	-474.188504	
13.05411	-324.803807	-324.762141	-474.221445	-474.188504	
13.06423	-324.803807	-324.762141	-474.221445	-474.188504	
13.07443	-324.803807	-324.762141	-474.221445	-474.188504	
13.0846	-324.803807	-324.762141	-474.221445	-474.188504	
13.09474	-324.803807	-324.762141	-474.221445	-474.188504	
13.10484	-324.803807	-324.762141	-474.221445	-474.188504	
13.11502	-324.803807	-324.762141	-474.221445	-474.188504	
13.12526	-324.803807	-324.762141	-474.221445	-474.188504	
13.13569	-324.803807	-324.762141	-474.221445	-474.188504	
13.14557	-324.803807	-324.762141	-474.221445	-474.188504	
13.15572	-324.803807	-324.762141	-474.221445	-474.188504	
13.16585	-324.803807	-324.762141	-474.221445	-474.197231	
13.17601	-324.803807	-324.762141	-474.221445	-474.197231	
13.18615	-324.803807	-324.762141	-474.221445	-474.197231	
13.19629	-324.803807	-324.762141	-474.221445	-474.205958	
13.20645	-324.803807	-324.762141	-474.221445	-474.205958	
13.21667	-324.803807	-324.762141	-474.221445	-474.205958	
13.22684	-324.803807	-324.762141	-474.221445	-474.205958	
13.23697	-324.803807	-324.762141	-474.221445	-474.197231	
13.24717	-324.803807	-324.762141	-474.221445	-474.197231	
13.25724	-324.803807	-324.762141	-474.221445	-474.197231	
13.26736	-324.803807	-324.762141	-474.221445	-474.197231	
13.27758	-324.803807	-324.762141	-474.221445	-474.197231	
13.28769	-324.803807	-324.762141	-474.221445	-474.197231	
13.29782	-324.803807	-324.762141	-474.221445	-474.197231	
13.30806	-324.803807	-324.762141	-474.221445	-474.197231	
13.31819	-324.803807	-324.762141	-474.221445	-474.197231	
13.32997	-324.803807	-324.762141	-474.221445	-474.197231	
13.33843	-324.803807	-324.762141	-474.221445	-474.197231	
13.34852	-324.803807	-324.762141	-474.221445	-474.197231	
13.35871	-324.803807	-324.762141	-474.221445	-474.197231	
13.36884	-324.803807	-324.762141	-474.221445	-474.197231	
13.37898	-324.803807	-324.762141	-474.221445	-474.197231	
