12.30372	-324.754639	-324.753414	-474.198456	-474.197231	
12.31384	-324.756267	-324.753414	-474.200084	-474.197231	
12.32399	-324.758519	-324.753414	-474.202336	-474.197231	
12.33405	-324.761359	-324.753414	-474.205176	-474.197231	
12.3442	-324.764844	-324.753414	-474.208661	-474.197231	
12.3544	-324.768971	-324.762141	-474.212789	-474.197231	
12.36453	-324.773684	-324.762141	-474.217502	-474.197231	
12.38751	-324.788427	-324.762141	-474.232244	-474.197231	
12.39773	-324.795218	-324.762141	-474.239035	-474.197231	
12.40821	-324.802855	-324.762141	-474.246672	-474.197231	
12.42448	-324.816586	-324.762141	-474.260403	-474.197231	
12.42915	-324.820488	-324.762141	-474.264305	-474.197231	
12.43928	-324.829738	-324.762141	-474.273556	-474.197231	
12.44938	-324.839575	-324.762141	-474.283392	-474.197231	
12.45956	-324.85012	-324.762141	-474.293937	-474.197231	
12.46973	-324.861261	-324.762141	-474.305078	-474.197231	
12.47987	-324.872996	-324.762141	-474.316814	-474.197231	
12.49001	-324.885348	-324.762141	-474.329165	-474.205958	
12.50031	-324.898556	-324.762141	-474.342373	-474.205958	
12.51038	-324.912047	-324.762141	-474.355864	-474.205958	
12.52051	-324.926233	-324.770867	-474.37005	-474.205958	
12.53062	-324.941006	-324.770867	-474.384823	-474.205958	
12.54079	-324.956505	-324.770867	-474.400322	-474.205958	
12.55104	-324.972732	-324.779594	-474.41655	-474.205958	
12.56114	-324.989351	-324.788321	-474.433168	-474.205958	
12.57132	-325.006712	-324.797047	-474.450529	-474.205958	
12.58153	-325.024757	-324.8145	-474.468574	-474.214684	
12.59162	-325.0432	-324.831954	-474.487017	-474.223411	
12.60208	-325.06299	-324.84068	-474.506808	-474.240864	
12.61193	-325.08219	-324.86686	-474.526007	-474.258318	
12.62211	-325.10266	-324.884314	-474.546477	-474.284498	
12.63223	-325.123616	-324.910494	-474.567433	-474.310678	
12.64239	-325.14527	-324.927947	-474.589088	-474.336857	
12.65255	-325.167553	-324.954127	-474.61137	-474.363037	
12.6627	-325.190457	-324.980307	-474.634274	-474.397944	
12.67281	-325.213845	-325.015213	-474.657662	-474.432851	
12.68303	-325.238135	-325.041393	-474.681952	-474.467757	
12.69322	-325.262968	-325.067573	-474.706785	-474.502664	
12.70368	-325.289132	-325.10248	-474.732949	-474.53757	
12.7135	-325.314247	-325.137386	-474.758064	-474.581204	
12.72365	-325.340864	-325.172293	-474.784681	-474.624837	
12.73386	-325.368222	-325.215926	-474.812039	-474.66847	
12.74395	-325.395893	-325.259559	-474.83971	-474.712103	
12.76327	-325.451663	-325.303193	-474.89548	-474.755736	
12.76796	-325.465109	-325.364279	-474.908926	-474.816823	
12.77841	-325.495934	-325.407912	-474.939751	-474.860456	
12.78825	-325.525495	-325.451546	-474.969312	-474.904089	
12.79835	-325.556495	-325.495179	-475.000312	-474.947723	
12.80875	-325.589061	-325.538812	-475.032878	-474.991356	
12.8187	-325.620798	-325.582445	-475.064615	-475.026263	
12.8289	-325.653941	-325.626079	-475.097758	-475.069896	
12.83912	-325.687814	-325.660985	-475.131631	-475.113529	
12.8492	-325.721817	-325.704618	-475.165635	-475.148436	
12.85939	-325.75683	-325.748252	-475.200647	-475.183342	
12.86961	-325.792533	-325.783158	-475.23635	-475.226975	
12.87969	-325.828374	-325.818065	-475.272191	-475.261882	
12.88984	-325.86508	-325.852971	-475.308897	-475.296789	
12.90648	-325.927316	-325.887878	-475.371133	-475.357875	
12.91122	-325.94497	-325.931511	-475.388787	-475.375328	
12.92134	-325.983471	-325.975144	-475.427289	-475.410235	
12.93151	-326.022805	-326.010051	-475.466622	-475.445142	
12.94166	-326.06267	-326.044958	-475.506488	-475.480048	
12.95181	-326.103178	-326.079864	-475.546996	-475.514955	
12.96195	-326.144235	-326.114771	-475.588052	-475.549861	
12.97217	-326.186227	-326.158404	-475.630045	-475.584768	
12.98228	-326.228394	-326.193311	-475.672211	-475.619674	
12.99239	-326.271191	-326.228217	-475.715008	-475.654581	
13.00258	-326.313081	-326.263124	-475.756898	-475.689488	
13.01275	-326.354306	-326.306757	-475.798123	-475.724394	
13.02295	-326.394984	-326.341664	-475.838801	-475.759301	
13.03322	-326.435336	-326.37657	-475.879153	-475.794207	
13.04319	-326.473905	-326.411477	-475.917722	-475.837841	
13.05335	-326.51259	-326.45511	-475.956407	-475.872747	
13.06347	-326.55056	-326.490017	-475.994378	-475.91638	
13.07361	-326.587943	-326.53365	-476.031761	-475.960014	
13.08377	-326.624795	-326.568556	-476.068612	-476.003647	
13.09392	-326.661039	-326.61219	-476.104856	-476.038553	
13.10434	-326.69758	-326.655823	-476.141397	-476.082187	
13.11422	-326.731645	-326.690729	-476.175462	-476.12582	
13.12438	-326.766064	-326.734363	-476.209881	-476.160727	
13.13453	-326.799849	-326.777996	-476.243666	-476.20436	
13.14469	-326.833041	-326.812902	-476.276858	-476.247993	
13.1548	-326.86548	-326.856536	-476.309298	-476.2829	
13.16495	-326.897451	-326.900169	-476.341268	-476.326533	
13.17512	-326.92884	-326.935075	-476.372657	-476.370166	
13.18672	-326.964587	-326.978709	-476.408404	-476.405073	
13.19548	-326.989842	-327.013615	-476.433659	-476.439979	
13.20606	-327.020601	-327.048522	-476.464418	-476.483612	
13.21584	-327.048457	-327.083428	-476.492274	-476.518519	
13.22592	-327.076576	-327.118335	-476.520393	-476.553426	
13.2361	-327.104352	-327.153242	-476.54817	-476.588332	
13.24627	-327.131524	-327.179422	-476.575341	-476.623239	
13.25708	-327.159677	-327.214328	-476.603494	-476.649419	
13.26648	-327.183683	-327.249235	-476.627501	-476.684325	
13.27662	-327.208957	-327.275415	-476.652774	-476.710505	
13.28678	-327.233675	-327.301595	-476.677492	-476.736685	
13.29695	-327.257809	-327.327775	-476.701626	-476.762865	
13.30732	-327.281815	-327.353955	-476.725632	-476.789045	
13.31728	-327.304267	-327.380134	-476.748085	-476.806498	
13.32741	-327.326516	-327.397588	-476.770333	-476.832678	
13.33776	-327.348626	-327.423768	-476.792443	-476.850132	
13.34806	-327.370022	-327.441221	-476.81384	-476.867585	
13.35807	-327.390226	-327.458674	-476.834043	-476.876312	
13.36822	-327.410123	-327.476128	-476.853941	-476.893765	
13.3785	-327.429678	-327.493581	-476.873495	-476.911218	
13.38863	-327.448353	-327.511034	-476.89217	-476.919945	
13.39881	-327.466502	-327.528487	-476.910319	-476.928671	
13.40899	-327.48409	-327.537214	-476.927907	-476.946125	
13.41913	-327.500993	-327.545941	-476.94481	-476.946125	
13.42925	-327.517292	-327.563394	-476.961109	-476.954851	
13.43943	-327.533105	-327.563394	-476.976922	-476.963578	
13.44985	-327.548674	-327.572121	-476.992491	-476.981031	
13.45977	-327.56294	-327.580847	-477.006757	-476.981031	
13.46995	-327.576987	-327.580847	-477.020804	-476.989758	
13.48008	-327.590384	-327.589574	-477.034201	-476.998485	
13.49018	-327.603187	-327.598301	-477.047004	-476.998485	
13.50037	-327.615518	-327.598301	-477.059335	-477.007211	
13.51054	-327.627253	-327.598301	-477.07107	-477.015938	
13.52067	-327.638366	-327.598301	-477.082184	-477.015938	
13.53084	-327.648961	-327.598301	-477.092778	-477.024665	
13.54096	-327.658943	-327.598301	-477.10276	-477.024665	
13.55118	-327.668458	-327.598301	-477.112275	-477.033391	
13.56132	-327.677347	-327.598301	-477.121164	-477.042118	
13.57147	-327.68569	-327.598301	-477.129507	-477.042118	
13.58171	-327.693548	-327.598301	-477.137365	-477.050844	
13.59176	-327.700739	-327.598301	-477.144556	-477.050844	
13.6019	-327.707449	-327.598301	-477.151266	-477.050844	
13.61215	-327.713698	-327.598301	-477.157515	-477.059571	
13.62226	-327.719349	-327.598301	-477.163166	-477.059571	
13.6324	-327.7245	-327.607027	-477.168317	-477.059571	
13.64257	-327.729161	-327.615754	-477.172979	-477.068298	
13.65268	-327.733314	-327.624481	-477.177131	-477.068298	
13.66292	-327.737026	-327.633207	-477.180844	-477.068298	
13.67302	-327.740232	-327.641934	-477.184049	-477.068298	
13.6832	-327.743015	-327.65066	-477.186833	-477.068298	
13.69336	-327.745369	-327.659387	-477.189186	-477.068298	
13.70346	-327.747316	-327.668114	-477.191133	-477.077024	
13.71364	-327.748906	-327.67684	-477.192723	-477.077024	
13.72376	-327.753414	-327.685567	-477.197231	-477.085751	
13.73398	-327.753414	-327.685567	-477.197231	-477.085751	
13.74407	-327.753414	-327.694294	-477.197231	-477.085751	
13.7542	-327.753414	-327.694294	-477.197231	-477.085751	
13.7644	-327.753414	-327.70302	-477.197231	-477.085751	
13.77455	-327.753414	-327.70302	-477.197231	-477.085751	
13.78467	-327.753414	-327.70302	-477.197231	-477.085751	
13.79481	-327.753414	-327.70302	-477.197231	-477.094478	
13.80497	-327.753414	-327.70302	-477.197231	-477.094478	
13.8155	-327.753414	-327.70302	-477.197231	-477.103204	
13.82531	-327.753414	-327.70302	-477.197231	-477.103204	
13.83546	-327.753414	-327.70302	-477.197231	-477.111931	
13.85364	-327.753414	-327.70302	-477.197231	-477.111931	
13.85824	-327.753414	-327.70302	-477.197231	-477.111931	
13.86841	-327.753414	-327.70302	-477.197231	-477.120658	
13.87856	-327.753414	-327.70302	-477.197231	-477.120658	
13.88871	-327.753414	-327.70302	-477.197231	-477.120658	
13.89883	-327.753414	-327.70302	-477.197231	-477.120658	
13.90904	-327.753414	-327.70302	-477.197231	-477.120658	
13.91922	-327.753414	-327.70302	-477.197231	-477.120658	
13.92935	-327.753414	-327.70302	-477.197231	-477.120658	
13.9395	-327.753414	-327.70302	-477.197231	-477.120658	
13.94975	-327.753414	-327.70302	-477.197231	-477.120658	
13.95982	-327.753414	-327.70302	-477.197231	-477.120658	
13.96997	-327.753414	-327.70302	-477.197231	-477.120658	
13.98019	-327.753414	-327.70302	-477.197231	-477.120658	
13.99031	-327.753414	-327.70302	-477.197231	-477.120658	
14.00044	-327.753414	-327.70302	-477.197231	-477.120658	
14.01083	-327.753414	-327.70302	-477.197231	-477.120658	
14.03003	-327.753414	-327.70302	-477.197231	-477.120658	
14.0346	-327.753414	-327.70302	-477.197231	-477.120658	
14.04473	-327.753414	-327.70302	-477.197231	-477.120658	
14.05488	-327.753414	-327.70302	-477.197231	-477.120658	
14.06501	-327.753414	-327.70302	-477.197231	-477.120658	
14.07518	-327.753414	-327.70302	-477.197231	-477.120658	
14.08533	-327.753414	-327.70302	-477.197231	-477.120658	
14.09546	-327.753414	-327.70302	-477.197231	-477.120658	
14.10566	-327.753414	-327.70302	-477.197231	-477.120658	
14.11584	-327.753414	-327.70302	-477.197231	-477.120658	
14.12595	-327.753414	-327.70302	-477.197231	-477.120658	
14.13606	-327.753414	-327.70302	-477.197231	-477.120658	
14.14621	-327.753414	-327.70302	-477.197231	-477.120658	
14.1564	-327.753414	-327.70302	-477.197231	-477.120658	
14.16652	-327.753414	-327.70302	-477.197231	-477.120658	
14.17663	-327.753414	-327.70302	-477.197231	-477.120658	
14.18683	-327.753414	-327.70302	-477.197231	-477.120658	
14.19697	-327.753414	-327.70302	-477.197231	-477.120658	
14.21514	-327.753414	-327.70302	-477.197231	-477.120658	
14.21966	-327.753414	-327.70302	-477.197231	-477.120658	
14.22989	-327.753414	-327.70302	-477.197231	-477.120658	
14.23998	-327.753414	-327.70302	-477.197231	-477.120658	
14.25013	-327.753414	-327.70302	-477.197231	-477.120658	
14.26099	-327.753414	-327.70302	-477.197231	-477.120658	
14.27116	-327.753414	-327.70302	-477.197231	-477.120658	
14.28127	-327.753414	-327.70302	-477.197231	-477.120658	
14.29144	-327.753414	-327.70302	-477.197231	-477.120658	
14.30169	-327.753414	-327.70302	-477.197231	-477.120658	
14.31202	-327.753414	-327.70302	-477.197231	-477.120658	
14.32191	-327.753414	-327.70302	-477.197231	-477.120658	
14.33202	-327.753414	-327.70302	-477.197231	-477.120658	
14.34221	-327.753414	-327.70302	-477.197231	-477.120658	
14.35234	-327.753414	-327.70302	-477.197231	-477.120658	
14.36249	-327.753414	-327.70302	-477.197231	-477.120658	
14.37265	-327.753414	-327.70302	-477.197231	-477.120658	
14.38277	-327.753414	-327.70302	-477.197231	-477.120658	
14.39303	-327.753414	-327.70302	-477.197231	-477.120658	
14.40312	-327.753414	-327.70302	-477.197231	-477.120658	
14.42143	-327.753414	-327.70302	-477.197231	-477.120658	
14.42599	-327.753414	-327.70302	-477.197231	-477.120658	
14.43621	-327.753414	-327.70302	-477.197231	-477.120658	
14.44631	-327.753414	-327.70302	-477.197231	-477.120658	
14.45642	-327.753414	-327.70302	-477.197231	-477.120658	
14.4666	-327.753414	-327.70302	-477.197231	-477.120658	
14.47679	-327.753414	-327.70302	-477.197231	-477.120658	
14.48693	-327.753414	-327.70302	-477.197231	-477.120658	
14.49721	-327.753414	-327.70302	-477.197231	-477.120658	
14.50726	-327.753414	-327.70302	-477.197231	-477.120658	
14.51742	-327.753414	-327.70302	-477.197231	-477.120658	
14.52753	-327.753414	-327.70302	-477.197231	-477.120658	
14.53769	-327.753414	-327.70302	-477.197231	-477.120658	
14.54785	-327.753414	-327.70302	-477.197231	-477.120658	
14.55806	-327.753414	-327.70302	-477.197231	-477.120658	
14.56817	-327.753414	-327.70302	-477.197231	-477.120658	
14.57831	-327.753414	-327.70302	-477.197231	-477.120658	
14.58849	-327.753414	-327.70302	-477.197231	-477.120658	
14.59875	-327.753414	-327.70302	-477.197231	-477.120658	
14.60879	-327.753414	-327.70302	-477.197231	-477.120658	
14.61898	-327.753414	-327.70302	-477.197231	-477.120658	
14.62913	-327.753414	-327.70302	-477.197231	-477.120658	
14.63931	-327.753414	-327.70302	-477.197231	-477.120658	
14.64942	-327.753414	-327.70302	-477.197231	-477.120658	
14.65958	-327.753414	-327.70302	-477.197231	-477.120658	
14.66983	-327.753414	-327.70302	-477.197231	-477.120658	
14.67986	-327.753414	-327.70302	-477.197231	-477.120658	
14.69005	-327.753414	-327.70302	-477.197231	-477.120658	
14.70023	-327.753414	-327.70302	-477.197231	-477.120658	
14.7107	-327.753414	-327.70302	-477.197231	-477.120658	
14.72053	-327.753414	-327.70302	-477.197231	-477.120658	
14.73071	-327.753414	-327.70302	-477.197231	-477.120658	
14.74091	-327.753414	-327.70302	-477.197231	-477.120658	
14.75115	-327.753414	-327.70302	-477.197231	-477.120658	
14.76123	-327.753414	-327.70302	-477.197231	-477.120658	
14.77136	-327.753414	-327.70302	-477.197231	-477.120658	
14.78161	-327.753414	-327.70302	-477.197231	-477.120658	
14.79166	-327.753414	-327.70302	-477.197231	-477.120658	
14.80185	-327.753414	-327.70302	-477.197231	-477.120658	
14.81251	-327.753414	-327.70302	-477.197231	-477.120658	
14.82235	-327.753414	-327.70302	-477.197231	-477.120658	
14.8325	-327.753414	-327.70302	-477.197231	-477.120658	
14.84263	-327.753414	-327.70302	-477.197231	-477.120658	
14.85279	-327.753414	-327.70302	-477.197231	-477.120658	
14.86303	-327.753414	-327.70302	-477.197231	-477.120658	
14.87319	-327.753414	-327.70302	-477.197231	-477.120658	
14.88329	-327.753414	-327.70302	-477.197231	-477.120658	
14.89345	-327.753414	-327.70302	-477.197231	-477.120658	
14.90358	-327.753414	-327.70302	-477.197231	-477.120658	
14.91417	-327.753414	-327.70302	-477.197231	-477.120658	
14.92385	-327.753414	-327.70302	-477.197231	-477.120658	
14.934	-327.753414	-327.70302	-477.197231	-477.120658	
14.94416	-327.753414	-327.70302	-477.197231	-477.120658	
14.95435	-327.753414	-327.70302	-477.197231	-477.120658	
14.96454	-327.753414	-327.70302	-477.197231	-477.120658	
14.97465	-327.753414	-327.70302	-477.197231	-477.120658	
14.98474	-327.753414	-327.70302	-477.197231	-477.120658	
14.99488	-327.753414	-327.70302	-477.197231	-477.120658	
15.00502	-327.753414	-327.70302	-477.197231	-477.120658	
15.01528	-327.753414	-327.70302	-477.197231	-477.120658	
15.02536	-327.753414	-327.70302	-477.197231	-477.120658	
15.03551	-327.753414	-327.70302	-477.197231	-477.120658	
15.04755	-327.753414	-327.70302	-477.197231	-477.120658	
15.05582	-327.753414	-327.70302	-477.197231	-477.120658	
15.06627	-327.753414	-327.70302	-477.197231	-477.120658	
15.07609	-327.753414	-327.70302	-477.197231	-477.120658	
15.08625	-327.753414	-327.70302	-477.197231	-477.120658	
15.09639	-327.753414	-327.70302	-477.197231	-477.120658	
15.10649	-327.753414	-327.70302	-477.197231	-477.120658	
15.11672	-327.753414	-327.70302	-477.197231	-477.120658	
15.12685	-327.753414	-327.70302	-477.197231	-477.120658	
15.13697	-327.753414	-327.70302	-477.197231	-477.120658	
15.1472	-327.753414	-327.70302	-477.197231	-477.120658	
15.15728	-327.753414	-327.70302	-477.197231	-477.120658	
15.16762	-327.753414	-327.70302	-477.197231	-477.120658	
15.17756	-327.753414	-327.70302	-477.197231	-477.120658	
15.19748	-327.753414	-327.70302	-477.197231	-477.120658	
15.20203	-327.753414	-327.70302	-477.197231	-477.120658	
15.21247	-327.753414	-327.70302	-477.197231	-477.120658	
15.22237	-327.753414	-327.70302	-477.197231	-477.120658	
15.23252	-327.753414	-327.70302	-477.197231	-477.120658	
15.24266	-327.753414	-327.70302	-477.197231	-477.120658	
15.25285	-327.753414	-327.70302	-477.197231	-477.120658	
15.26301	-327.753414	-327.70302	-477.197231	-477.120658	
15.27322	-327.753414	-327.70302	-477.197231	-477.120658	
15.28331	-327.753414	-327.70302	-477.197231	-477.120658	
15.29342	-327.753414	-327.70302	-477.197231	-477.120658	
15.30362	-327.753414	-327.70302	-477.197231	-477.120658	
15.31408	-327.753414	-327.70302	-477.197231	-477.120658	
15.32389	-327.753414	-327.70302	-477.197231	-477.120658	
15.33416	-327.753414	-327.70302	-477.197231	-477.120658	
15.3443	-327.753414	-327.70302	-477.197231	-477.120658	
15.35442	-327.753414	-327.70302	-477.197231	-477.120658	
15.36457	-327.753414	-327.70302	-477.197231	-477.120658	
15.3749	-327.753414	-327.70302	-477.197231	-477.120658	
15.38482	-327.753414	-327.70302	-477.197231	-477.120658	
15.39495	-327.753414	-327.70302	-477.197231	-477.120658	
15.40511	-327.753414	-327.70302	-477.197231	-477.120658	
15.42351	-327.753414	-327.70302	-477.197231	-477.120658	
15.42815	-327.753414	-327.70302	-477.197231	-477.120658	
15.43846	-327.753414	-327.70302	-477.197231	-477.120658	
15.44858	-327.753414	-327.70302	-477.197231	-477.120658	
15.45873	-327.753414	-327.70302	-477.197231	-477.120658	
15.46891	-327.753414	-327.70302	-477.197231	-477.120658	
15.47909	-327.753414	-327.70302	-477.197231	-477.120658	
15.4892	-327.753414	-327.70302	-477.197231	-477.120658	
15.49935	-327.753414	-327.70302	-477.197231	-477.120658	
15.50952	-327.753414	-327.70302	-477.197231	-477.120658	
15.51968	-327.753414	-327.70302	-477.197231	-477.120658	
15.52981	-327.753414	-327.70302	-477.197231	-477.120658	
15.54014	-327.753414	-327.70302	-477.197231	-477.120658	
15.55017	-327.753414	-327.70302	-477.197231	-477.120658	
15.56029	-327.753414	-327.70302	-477.197231	-477.120658	
15.57043	-327.753414	-327.70302	-477.197231	-477.120658	
15.58059	-327.753414	-327.70302	-477.197231	-477.120658	
15.59075	-327.753414	-327.70302	-477.197231	-477.120658	
15.60088	-327.753414	-327.70302	-477.197231	-477.120658	
15.61104	-327.753414	-327.70302	-477.197231	-477.120658	
15.62122	-327.753414	-327.70302	-477.197231	-477.120658	
15.63142	-327.753414	-327.70302	-477.197231	-477.120658	
15.64156	-327.753414	-327.70302	-477.197231	-477.120658	
15.65175	-327.753414	-327.70302	-477.197231	-477.120658	
15.66194	-327.753414	-327.70302	-477.197231	-477.120658	
15.67204	-327.753414	-327.70302	-477.197231	-477.120658	
15.68216	-327.753414	-327.70302	-477.197231	-477.120658	
15.69238	-327.753414	-327.70302	-477.197231	-477.120658	
15.70251	-327.753414	-327.70302	-477.197231	-477.120658	
15.71264	-327.753414	-327.70302	-477.197231	-477.120658	
15.7246	-327.753414	-327.70302	-477.197231	-477.120658	
15.73494	-327.753414	-327.70302	-477.197231	-477.120658	
15.74474	-327.753414	-327.70302	-477.197231	-477.120658	
15.75492	-327.753414	-327.70302	-477.197231	-477.120658	
15.7651	-327.753414	-327.70302	-477.197231	-477.120658	
15.77532	-327.753414	-327.70302	-477.197231	-477.120658	
15.78539	-327.753414	-327.70302	-477.197231	-477.120658	
15.79554	-327.753414	-327.70302	-477.197231	-477.120658	
15.81388	-327.753414	-327.70302	-477.197231	-477.120658	
15.81847	-327.753414	-327.70302	-477.197231	-477.120658	
15.82862	-327.753414	-327.70302	-477.197231	-477.120658	
15.83875	-327.753414	-327.70302	-477.197231	-477.120658	
15.84891	-327.753414	-327.70302	-477.197231	-477.120658	
15.85911	-327.753414	-327.70302	-477.197231	-477.120658	
15.86934	-327.753414	-327.70302	-477.197231	-477.120658	
15.87945	-327.753414	-327.70302	-477.197231	-477.120658	
15.88956	-327.753414	-327.70302	-477.197231	-477.120658	
15.89976	-327.753414	-327.70302	-477.197231	-477.120658	
15.90997	-327.753414	-327.70302	-477.197231	-477.120658	
15.92004	-327.753414	-327.70302	-477.197231	-477.120658	
15.93018	-327.753414	-327.70302	-477.197231	-477.120658	
15.94035	-327.753414	-327.70302	-477.197231	-477.120658	
15.95051	-327.753414	-327.70302	-477.197231	-477.120658	
15.96064	-327.753414	-327.70302	-477.197231	-477.120658	
15.97078	-327.753414	-327.70302	-477.197231	-477.120658	
15.98095	-327.753414	-327.70302	-477.197231	-477.120658	
15.99112	-327.753414	-327.70302	-477.197231	-477.120658	
16.00126	-327.753414	-327.70302	-477.197231	-477.120658	
16.01141	-327.753414	-327.70302	-477.197231	-477.120658	
16.02196	-327.753414	-327.70302	-477.197231	-477.120658	
16.03173	-327.753414	-327.70302	-477.197231	-477.120658	
16.04187	-327.753414	-327.70302	-477.197231	-477.120658	
16.05202	-327.753414	-327.70302	-477.197231	-477.120658	
16.0625	-327.753414	-327.70302	-477.197231	-477.120658	
16.07231	-327.753414	-327.70302	-477.197231	-477.120658	
16.0825	-327.753414	-327.70302	-477.197231	-477.120658	
16.09265	-327.753414	-327.70302	-477.197231	-477.120658	
16.10277	-327.753414	-327.70302	-477.197231	-477.120658	
16.11296	-327.753414	-327.70302	-477.197231	-477.120658	
16.12318	-327.753414	-327.70302	-477.197231	-477.120658	
16.13328	-327.753414	-327.70302	-477.197231	-477.120658	
16.14348	-327.753414	-327.70302	-477.197231	-477.120658	
16.15366	-327.753414	-327.70302	-477.197231	-477.120658	
16.16373	-327.753414	-327.70302	-477.197231	-477.120658	
16.17399	-327.753414	-327.70302	-477.197231	-477.120658	
16.18401	-327.753414	-327.70302	-477.197231	-477.120658	
16.19418	-327.753414	-327.70302	-477.197231	-477.120658	
16.2044	-327.753414	-327.70302	-477.197231	-477.120658	
16.21479	-327.753414	-327.70302	-477.197231	-477.120658	
16.22464	-327.753414	-327.70302	-477.197231	-477.120658	
16.23478	-327.753414	-327.70302	-477.197231	-477.120658	
16.24492	-327.753414	-327.70302	-477.197231	-477.120658	
16.25509	-327.753414	-327.70302	-477.197231	-477.120658	
16.26526	-327.753414	-327.70302	-477.197231	-477.120658	
16.27543	-327.753414	-327.70302	-477.197231	-477.120658	
16.28552	-327.753414	-327.70302	-477.197231	-477.120658	
16.30358	-327.753414	-327.70302	-477.197231	-477.120658	
16.30809	-327.753414	-327.70302	-477.197231	-477.120658	
16.3185	-327.753414	-327.70302	-477.197231	-477.120658	
16.32844	-327.753414	-327.70302	-477.197231	-477.120658	
16.33859	-327.753414	-327.70302	-477.197231	-477.120658	
16.34879	-327.753414	-327.70302	-477.197231	-477.120658	
16.35888	-327.753414	-327.70302	-477.197231	-477.120658	
16.36906	-327.753414	-327.70302	-477.197231	-477.120658	
16.37931	-327.753414	-327.70302	-477.197231	-477.120658	
16.38938	-327.753414	-327.70302	-477.197231	-477.120658	
16.39957	-327.753414	-327.70302	-477.197231	-477.120658	
16.40972	-327.753414	-327.70302	-477.197231	-477.120658	
16.42015	-327.753414	-327.70302	-477.197231	-477.120658	
16.43003	-327.753414	-327.70302	-477.197231	-477.120658	
16.44017	-327.753414	-327.70302	-477.197231	-477.120658	
16.45032	-327.753414	-327.70302	-477.197231	-477.120658	
16.46054	-327.753414	-327.70302	-477.197231	-477.120658	
16.47061	-327.753414	-327.70302	-477.197231	-477.120658	
16.48082	-327.753414	-327.70302	-477.197231	-477.120658	
16.49094	-327.753414	-327.70302	-477.197231	-477.120658	
16.50112	-327.753414	-327.70302	-477.197231	-477.120658	
16.51135	-327.753414	-327.70302	-477.197231	-477.120658	
16.52144	-327.753414	-327.70302	-477.197231	-477.120658	
16.53158	-327.753414	-327.70302	-477.197231	-477.120658	
16.54179	-327.753414	-327.70302	-477.197231	-477.120658	
16.55191	-327.753414	-327.70302	-477.197231	-477.120658	
16.56204	-327.753414	-327.70302	-477.197231	-477.120658	
16.57219	-327.753414	-327.70302	-477.197231	-477.120658	
16.58237	-327.753414	-327.70302	-477.197231	-477.120658	
16.60811	-327.753414	-327.70302	-477.197231	-477.120658	
