1.363464	8.1193512	8.11578102	-7.95354492	-7.94997474	
1.368049	8.12008691	8.11578102	-7.95428063	-7.94997474	
1.378153	8.12249005	8.11578102	-7.95668377	-7.94997474	
1.388269	8.12551095	8.11578102	-7.95970467	-7.94997474	
1.398421	8.12916298	8.11578102	-7.9633567	-7.94997474	
1.408584	8.1334367	8.11578102	-7.96763042	-7.94997474	
1.418662	8.13828457	8.12450767	-7.97247829	-7.94997474	
1.428804	8.14378015	8.12450767	-7.97797387	-7.95870139	
1.438914	8.14987126	8.12450767	-7.98406498	-7.95870139	
1.449044	8.15659073	8.12450767	-7.99078445	-7.95870139	
1.459173	8.16392509	8.12450767	-7.99811881	-7.95870139	
1.469307	8.17187941	8.12450767	-8.00607313	-7.95870139	
1.479433	8.18044148	8.12450767	-8.0146352	-7.95870139	
1.489562	8.18962164	8.13323431	-8.02381536	-7.96742804	
1.499826	8.19956348	8.13323431	-8.0337572	-7.96742804	
1.509801	8.20984645	8.13323431	-8.04404017	-7.97615468	
1.519941	8.22085154	8.13323431	-8.05504526	-7.97615468	
1.530094	8.23252438	8.14196096	-8.0667181	-7.97615468	
1.54023	8.24478967	8.15068761	-8.07898339	-7.98488133	
1.550333	8.25763017	8.15941425	-8.09182389	-7.99360797	
1.560688	8.27144499	8.1681409	-8.10563871	-8.00233462	
1.580697	8.30112411	8.19432084	-8.13531783	-8.01106127	
1.585045	8.30747492	8.19432084	-8.14166864	-8.01106127	
1.595166	8.32306155	8.20304748	-8.15725527	-8.01978791	
1.605491	8.33961	8.22050078	-8.17380372	-8.03724121	
1.615428	8.3561124	8.23795407	-8.19030612	-8.04596785	
1.625559	8.37356577	8.24668072	-8.2077595	-8.0546945	
1.635729	8.39169895	8.26413401	-8.22589268	-8.07214779	
1.645896	8.41045428	8.27286065	-8.244648	-8.08087444	
1.655942	8.42959241	8.29031395	-8.26378613	-8.09832773	
1.666121	8.44959553	8.30776724	-8.28378925	-8.11578102	
1.676222	8.47006312	8.31649389	-8.30425684	-8.13323431	
1.686339	8.49117991	8.33394718	-8.32537363	-8.15068761	
1.696548	8.51311699	8.35140047	-8.34731071	-8.1681409	
1.706596	8.5353046	8.36885376	-8.36949832	-8.19432084	
1.71675	8.55835038	8.37758041	-8.3925441	-8.21177413	
1.726872	8.58193971	8.3950337	-8.41613343	-8.22922742	
1.736995	8.6061439	8.41248699	-8.44033762	-8.25540736	
1.747122	8.63096802	8.42994029	-8.46516174	-8.27286065	
1.765546	8.67864847	8.47357352	-8.51284219	-8.30776724	
1.769954	8.68998163	8.48230016	-8.52417535	-8.31649389	
1.780001	8.71659989	8.49975346	-8.55079361	-8.33394718	
1.790133	8.74403687	8.51720675	-8.57823059	-8.35140047	
1.800255	8.77208035	8.55211333	-8.60627408	-8.36885376	
1.810395	8.80079702	8.57829327	-8.63499074	-8.3950337	
1.820658	8.83049498	8.60447321	-8.6646887	-8.42121364	
1.830669	8.86004855	8.63065315	-8.69424227	-8.43866693	
1.840812	8.89062224	8.66555974	-8.72481596	-8.47357352	
1.850894	8.92161707	8.69173967	-8.75581079	-8.49975346	
1.861046	8.95344438	8.72664626	-8.7876381	-8.53466004	
1.871196	8.98588995	8.76155285	-8.82008367	-8.56956663	
1.881285	9.0187462	8.79645943	-8.85293992	-8.60447321	
1.891401	9.05230179	8.84009266	-8.88649552	-8.64810644	
1.901534	9.08653024	8.87499925	-8.92072396	-8.69173967	
1.911667	9.12138523	8.91863248	-8.95557895	-8.73537291	
1.921862	9.1570792	8.95353906	-8.99127293	-8.77900614	
1.931926	9.19290766	8.99717229	-9.02710138	-8.82263937	
1.942067	9.22962582	9.04080553	-9.06381954	-8.87499925	
1.95218	9.26685889	9.07571211	-9.10105261	-8.91863248	
1.962303	9.30475532	9.1106187	-9.13894904	-8.97099236	
1.97245	9.34334863	9.16297857	-9.17754235	-9.02335223	
1.982563	9.38242905	9.19788516	-9.21662277	-9.06698546	
1.992726	9.42233197	9.24151839	-9.2565257	-9.11934534	
2.002813	9.4625246	9.28515162	-9.29671832	-9.17170522	
2.012944	9.50352595	9.32878485	-9.33771967	-9.2240651	
2.023334	9.54623971	9.37241808	-9.38043343	-9.26769833	
2.0332	9.58733473	9.41605131	-9.42152845	-9.32005821	
2.043331	9.63018762	9.45968455	-9.46438134	-9.37241808	
2.053451	9.67359087	9.49459113	-9.50778459	-9.41605131	
2.063612	9.71782601	9.54695101	-9.55201973	-9.46841119	
2.073738	9.76250124	9.59058424	-9.59669496	-9.51204442	
2.083854	9.80772792	9.63421747	-9.64192164	-9.5644043	
2.093982	9.85362835	9.68657735	-9.68782207	-9.61676418	
2.104125	9.90023769	9.73021058	-9.73443142	-9.66039741	
2.114233	9.94727486	9.77384381	-9.78146858	-9.70403064	
2.124431	9.99536704	9.81747704	-9.82956076	-9.75639052	
2.134543	10.0436694	9.86111027	-9.87786314	-9.80002375	
2.144676	10.0926742	9.91347015	-9.92686788	-9.85238363	
2.154769	10.1421051	9.95710338	-9.97629886	-9.89601686	
2.164901	10.1923594	10.0007366	-10.0265531	-9.94837674	
2.175175	10.2420585	10.0530965	-10.0762522	-10.0007366	
2.185159	10.2897797	10.1054564	-10.1239734	-10.0443698	
2.195285	10.3375802	10.1578162	-10.1717739	-10.0880031	
2.205406	10.3847534	10.2014495	-10.2189471	-10.140363	
2.215538	10.4313863	10.2538094	-10.26558	-10.1752695	
2.225664	10.4773922	10.3061692	-10.3115859	-10.2276294	
2.235928	10.5234006	10.3585291	-10.3575943	-10.2712626	
2.245985	10.5679007	10.410889	-10.4020944	-10.3148959	
2.256161	10.6123017	10.4719755	-10.4464954	-10.3672558	
2.266196	10.6555208	10.5243354	-10.4897145	-10.4196156	
2.276317	10.6984931	10.5766953	-10.5326869	-10.4632489	
2.28646	10.7409748	10.6290551	-10.5751686	-10.5068821	
2.296644	10.7830544	10.681415	-10.6172481	-10.559242	
2.306714	10.8240029	10.7337749	-10.6581966	-10.5941486	
2.316825	10.8645578	10.7861348	-10.6987515	-10.6377818	
2.326969	10.9046486	10.8472213	-10.7388423	-10.6901417	
2.33711	10.9441364	10.8908545	-10.7783301	-10.7337749	
2.347284	10.9831341	10.9519411	-10.8173278	-10.7686815	
2.357395	11.0213051	10.9955743	-10.8554988	-10.8210414	
2.367518	11.0589179	11.0479342	-10.8931116	-10.8646746	
2.377654	11.0959854	11.0915674	-10.9301791	-10.9083078	
2.387775	11.1324001	11.1352006	-10.9665938	-10.9432144	
2.397905	11.1683653	11.1788339	-11.0025591	-10.978121	
2.408027	11.2034839	11.2224671	-11.0376776	-11.0217542	
2.418179	11.2382123	11.2661003	-11.0724061	-11.0653875	
2.428312	11.2722981	11.3097336	-11.1064918	-11.100294	
2.438434	11.3057473	11.3446401	-11.139941	-11.1352006	
2.448622	11.3388119	11.3795467	-11.1730056	-11.1701072	
2.45868	11.3708734	11.4144533	-11.2050671	-11.2050138	
2.468816	11.4025874	11.4493599	-11.2367812	-11.2399204	
2.478931	11.4336515	11.4755398	-11.2678452	-11.274827	
2.489084	11.464233	11.5104464	-11.2984267	-11.3097336	
2.499202	11.494111	11.5366264	-11.3283048	-11.3446401	
2.509304	11.5233601	11.5628063	-11.3575538	-11.3795467	
2.519461	11.5521701	11.5889862	-11.3863638	-11.4057267	
2.529664	11.5805265	11.6151662	-11.4147203	-11.4319066	
2.539709	11.6078471	11.6326195	-11.4420408	-11.4668132	
2.549828	11.6347843	11.6587994	-11.468978	-11.4929931	
2.560134	11.6616071	11.6762527	-11.4958009	-11.5191731	
2.57012	11.6870323	11.693706	-11.521226	-11.545353	
2.58021	11.7121389	11.7198859	-11.5463327	-11.5715329	
2.590351	11.7367875	11.7286126	-11.5709812	-11.5889862	
2.600534	11.7609352	11.7547925	-11.5951289	-11.6151662	
2.610591	11.784213	11.7635192	-11.6184067	-11.6326195	
2.620711	11.8070556	11.7809725	-11.6412493	-11.6500728	
2.630844	11.8293426	11.7984257	-11.6635364	-11.6762527	
2.640969	11.8510255	11.815879	-11.6852192	-11.6849793	
2.659192	11.8877647	11.8333323	-11.7219584	-11.7198859	
2.663564	11.8966355	11.842059	-11.7308292	-11.7286126	
2.673705	11.9164673	11.8595123	-11.750661	-11.7373392	
2.683815	11.9356728	11.8682389	-11.7698665	-11.7547925	
2.693976	11.9543964	11.8856922	-11.7885901	-11.7722458	
2.704087	11.9724431	11.9031455	-11.8066368	-11.7809725	
2.714209	11.9899404	11.9205988	-11.8241341	-11.7984257	
2.72434	12.0068793	11.9380521	-11.841073	-11.8071524	
2.734487	12.0232749	11.9555054	-11.8574686	-11.815879	
2.745135	12.0398352	11.9729587	-11.8740289	-11.8333323	
2.754834	12.0544177	11.990412	-11.8886114	-11.842059	
2.764867	12.0689361	12.0078653	-11.9031298	-11.8507856	
2.774988	12.0830155	12.0340452	-11.9172092	-11.8682389	
2.785124	12.096549	12.0427718	-11.9307427	-11.8769656	
2.795249	12.1095098	12.0689518	-11.9437035	-11.8856922	
2.805357	12.1218855	12.0776784	-11.9560792	-11.8944189	
2.815503	12.1337547	12.0951317	-11.9679484	-11.9118721	
2.825811	12.1452268	12.112585	-11.9794205	-11.9205988	
2.835916	12.1559285	12.1213117	-11.9901222	-11.9293254	
2.846355	12.1663945	12.1387649	-12.0005882	-11.9467787	
2.85616	12.1757276	12.1474916	-12.0099214	-11.9555054	
2.866284	12.184813	12.1649449	-12.0190067	-11.964232	
2.876401	12.1933533	12.1736715	-12.0275471	-11.9816853	
2.886519	12.2013613	12.1823982	-12.035555	-11.990412	
2.896706	12.2088873	12.1998515	-12.043081	-12.0078653	
2.906774	12.2158039	12.2085781	-12.0499976	-12.0165919	
2.916892	12.2222398	12.2173048	-12.0564335	-12.0253185	
2.927026	12.2281725	12.2260314	-12.0623662	-12.0427718	
2.937215	12.2336244	12.2347581	-12.0678181	-12.0602251	
2.94734	12.2385464	12.2434847	-12.0727402	-12.0602251	
2.957399	12.242956	12.2434847	-12.0771497	-12.0689518	
2.967567	12.2469341	12.2434847	-12.0811278	-12.0776784	
2.977671	12.2504271	12.2434847	-12.0846209	-12.0864051	
2.987806	12.2534819	12.2434847	-12.0876756	-12.0864051	
2.997935	12.2561067	12.2434847	-12.0903005	-12.0864051	
3.008055	12.258322	12.2434847	-12.0925157	-12.0864051	
3.018225	12.2601614	12.2434847	-12.0943551	-12.0864051	
3.028332	12.265781	12.2434847	-12.0999747	-12.0864051	
3.038467	12.265781	12.2434847	-12.0999747	-12.0864051	
3.048658	12.265781	12.2434847	-12.0999747	-12.0864051	
3.058891	12.265781	12.2434847	-12.0999747	-12.0776784	
3.06925	12.265781	12.2434847	-12.0999747	-12.0776784	
3.079007	12.265781	12.2434847	-12.0999747	-12.0689518	
3.089111	12.265781	12.2434847	-12.0999747	-12.0689518	
3.099229	12.265781	12.2434847	-12.0999747	-12.0602251	
3.109352	12.265781	12.2434847	-12.0999747	-12.0602251	
3.119514	12.265781	12.2434847	-12.0999747	-12.0602251	
3.129602	12.265781	12.2434847	-12.0999747	-12.0514985	
3.139724	12.265781	12.2434847	-12.0999747	-12.0514985	
3.149856	12.265781	12.2434847	-12.0999747	-12.0427718	
3.159966	12.265781	12.2434847	-12.0999747	-12.0427718	
3.170194	12.265781	12.2434847	-12.0999747	-12.0427718	
3.180273	12.265781	12.2434847	-12.0999747	-12.0427718	
3.19039	12.265781	12.2434847	-12.0999747	-12.0427718	
3.200591	12.265781	12.2434847	-12.0999747	-12.0427718	
3.210638	12.265781	12.2434847	-12.0999747	-12.0427718	
3.220773	12.265781	12.2434847	-12.0999747	-12.0427718	
3.23155	12.265781	12.2434847	-12.0999747	-12.0427718	
3.241049	12.265781	12.2434847	-12.0999747	-12.0427718	
3.251155	12.265781	12.2434847	-12.0999747	-12.0427718	
3.261277	12.265781	12.2434847	-12.0999747	-12.0427718	
3.271429	12.265781	12.2434847	-12.0999747	-12.0427718	
3.281559	12.265781	12.2434847	-12.0999747	-12.0427718	
3.291667	12.265781	12.2434847	-12.0999747	-12.0427718	
3.301794	12.265781	12.2434847	-12.0999747	-12.0427718	
3.311917	12.265781	12.2434847	-12.0999747	-12.0427718	
3.322106	12.265781	12.2434847	-12.0999747	-12.0427718	
3.332159	12.265781	12.2434847	-12.0999747	-12.0427718	
3.342304	12.265781	12.2434847	-12.0999747	-12.0427718	
3.352477	12.265781	12.2434847	-12.0999747	-12.0427718	
3.362568	12.265781	12.2434847	-12.0999747	-12.0427718	
3.372699	12.265781	12.2434847	-12.0999747	-12.0427718	
3.383086	12.265781	12.2434847	-12.0999747	-12.0427718	
3.392983	12.265781	12.2434847	-12.0999747	-12.0427718	
3.403082	12.265781	12.2434847	-12.0999747	-12.0427718	
3.413196	12.265781	12.2434847	-12.0999747	-12.0427718	
3.423655	12.265781	12.2434847	-12.0999747	-12.0427718	
3.433461	12.265781	12.2434847	-12.0999747	-12.0427718	
3.443591	12.265781	12.2434847	-12.0999747	-12.0427718	
3.453726	12.265781	12.2434847	-12.0999747	-12.0427718	
3.463843	12.265781	12.2434847	-12.0999747	-12.0427718	
3.474036	12.265781	12.2434847	-12.0999747	-12.0427718	
3.484326	12.265781	12.2434847	-12.0999747	-12.0427718	
3.494257	12.265781	12.2434847	-12.0999747	-12.0427718	
3.504439	12.265781	12.2434847	-12.0999747	-12.0427718	
3.514505	12.265781	12.2434847	-12.0999747	-12.0427718	
3.524667	12.265781	12.2434847	-12.0999747	-12.0427718	
3.534781	12.265781	12.2434847	-12.0999747	-12.0427718	
3.544922	12.265781	12.2434847	-12.0999747	-12.0427718	
3.555016	12.265781	12.2434847	-12.0999747	-12.0427718	
3.566499	12.265781	12.2434847	-12.0999747	-12.0427718	
3.575341	12.265781	12.2434847	-12.0999747	-12.0427718	
3.585415	12.265781	12.2434847	-12.0999747	-12.0427718	
3.595567	12.265781	12.2434847	-12.0999747	-12.0427718	
3.605754	12.265781	12.2434847	-12.0999747	-12.0427718	
3.615913	12.265781	12.2434847	-12.0999747	-12.0427718	
3.626103	12.265781	12.2434847	-12.0999747	-12.0427718	
3.636119	12.265781	12.2434847	-12.0999747	-12.0427718	
3.646252	12.265781	12.2434847	-12.0999747	-12.0427718	
3.65636	12.265781	12.2434847	-12.0999747	-12.0427718	
3.66648	12.265781	12.2434847	-12.0999747	-12.0427718	
3.676613	12.265781	12.2434847	-12.0999747	-12.0427718	
3.686733	12.265781	12.2434847	-12.0999747	-12.0427718	
3.696947	12.265781	12.2434847	-12.0999747	-12.0427718	
3.707007	12.265781	12.2434847	-12.0999747	-12.0427718	
3.717128	12.265781	12.2434847	-12.0999747	-12.0427718	
3.735151	12.265781	12.2434847	-12.0999747	-12.0427718	
3.739519	12.265781	12.2434847	-12.0999747	-12.0427718	
3.749646	12.265781	12.2434847	-12.0999747	-12.0427718	
3.759777	12.265781	12.2434847	-12.0999747	-12.0427718	
3.769922	12.265781	12.2434847	-12.0999747	-12.0427718	
3.780033	12.265781	12.2434847	-12.0999747	-12.0427718	
3.790184	12.265781	12.2434847	-12.0999747	-12.0427718	
3.800417	12.265781	12.2434847	-12.0999747	-12.0427718	
3.810537	12.265781	12.2434847	-12.0999747	-12.0427718	
3.82066	12.265781	12.2434847	-12.0999747	-12.0427718	
3.830794	12.265781	12.2434847	-12.0999747	-12.0427718	
3.840952	12.265781	12.2434847	-12.0999747	-12.0427718	
3.85104	12.265781	12.2434847	-12.0999747	-12.0427718	
3.861173	12.265781	12.2434847	-12.0999747	-12.0427718	
3.871341	12.265781	12.2434847	-12.0999747	-12.0427718	
3.881422	12.265781	12.2434847	-12.0999747	-12.0427718	
3.89155	12.265781	12.2434847	-12.0999747	-12.0427718	
3.901871	12.265781	12.2434847	-12.0999747	-12.0427718	
3.911806	12.265781	12.2434847	-12.0999747	-12.0427718	
3.921919	12.265781	12.2434847	-12.0999747	-12.0427718	
3.932042	12.265781	12.2434847	-12.0999747	-12.0427718	
3.94218	12.265781	12.2434847	-12.0999747	-12.0427718	
3.952307	12.265781	12.2434847	-12.0999747	-12.0427718	
3.962427	12.265781	12.2434847	-12.0999747	-12.0427718	
3.972578	12.265781	12.2434847	-12.0999747	-12.0427718	
3.98269	12.265781	12.2434847	-12.0999747	-12.0427718	
3.992858	12.265781	12.2434847	-12.0999747	-12.0427718	
4.002948	12.265781	12.2434847	-12.0999747	-12.0427718	
4.013094	12.265781	12.2434847	-12.0999747	-12.0427718	
4.023304	12.265781	12.2434847	-12.0999747	-12.0427718	
4.033331	12.265781	12.2434847	-12.0999747	-12.0427718	
4.043476	12.265781	12.2434847	-12.0999747	-12.0427718	
4.053598	12.265781	12.2434847	-12.0999747	-12.0427718	
4.063761	12.265781	12.2434847	-12.0999747	-12.0427718	
4.075183	12.265781	12.2434847	-12.0999747	-12.0427718	
4.083986	12.265781	12.2434847	-12.0999747	-12.0427718	
4.094138	12.265781	12.2434847	-12.0999747	-12.0427718	
4.104249	12.265781	12.2434847	-12.0999747	-12.0427718	
4.114464	12.265781	12.2434847	-12.0999747	-12.0427718	
4.124518	12.265781	12.2434847	-12.0999747	-12.0427718	
4.134659	12.265781	12.2434847	-12.0999747	-12.0427718	
4.144826	12.265781	12.2434847	-12.0999747	-12.0427718	
4.155129	12.265781	12.2434847	-12.0999747	-12.0427718	
4.165017	12.265781	12.2434847	-12.0999747	-12.0427718	
4.175152	12.265781	12.2434847	-12.0999747	-12.0427718	
4.185281	12.265781	12.2434847	-12.0999747	-12.0427718	
4.195405	12.265781	12.2434847	-12.0999747	-12.0427718	
4.205533	12.265781	12.2434847	-12.0999747	-12.0427718	
4.215705	12.265781	12.2434847	-12.0999747	-12.0427718	
4.234439	12.265781	12.2434847	-12.0999747	-12.0427718	
4.23884	12.265781	12.2434847	-12.0999747	-12.0427718	
4.248989	12.265781	12.2434847	-12.0999747	-12.0427718	
4.25909	12.265781	12.2434847	-12.0999747	-12.0427718	
4.269221	12.265781	12.2434847	-12.0999747	-12.0514985	
4.279385	12.265781	12.2434847	-12.0999747	-12.0514985	
4.289463	12.265781	12.2434847	-12.0999747	-12.0514985	
4.299752	12.265781	12.2434847	-12.0999747	-12.0514985	
4.309878	12.265781	12.2434847	-12.0999747	-12.0514985	
4.320249	12.265781	12.2434847	-12.0999747	-12.0514985	
4.330248	12.265781	12.2434847	-12.0999747	-12.0514985	
4.340291	12.265781	12.2434847	-12.0999747	-12.0514985	
4.350413	12.265781	12.2434847	-12.0999747	-12.0514985	
