3.669952	
3.677299	
3.68748	
3.697531	
3.707652	
3.717845	
3.727987	
3.738082	
3.748211	
3.758333	
3.776763	
3.781016	
3.791151	
3.801267	
3.811563	
3.821539	
3.831676	
3.841885	
3.851977	
3.862476	
3.872206	
3.882492	
3.89242	
3.902585	
3.914163	
3.922846	
3.932921	
3.94306	
3.953255	
3.971199	
3.975665	
3.985621	
3.995698	
4.005855	
4.015998	
4.026145	
4.036274	
4.046457	
4.056558	
4.066684	
4.076828	
4.087024	
4.09718	
4.107275	
4.117374	
4.1276	
4.13767	
4.147832	
4.157962	
4.168083	
4.178326	
4.188427	
4.198524	
4.208691	
4.218825	
4.228942	
4.23909	
4.249208	
4.259441	
4.269581	
4.279741	
4.290095	
4.299967	
4.310103	
4.320251	
4.3304	
4.340628	
4.350627	
4.360769	
4.37088	
4.381216	
4.391153	
4.401359	
4.411432	
4.421559	
4.431701	
4.450194	
4.454441	
4.464594	
4.474717	
4.484864	
4.494985	
4.505224	
4.515274	
4.525418	
4.535604	
4.545716	
4.555842	
4.565975	
4.576118	
4.586298	
4.596391	
4.60658	
4.616693	
4.626823	
4.636963	
4.647065	
4.657276	
4.667376	
4.677512	
4.687683	
4.697763	
4.70799	
4.71808	
4.728225	
4.738421	
4.748454	
4.758618	
4.768792	
4.778884	
4.789018	
4.799126	
4.810322	
4.819445	
4.829528	
4.839692	
4.850085	
4.860318	
4.870566	
4.880631	
4.890781	
4.900868	
4.911228	
4.921236	
4.931276	
4.941388	
4.951555	
4.961648	
4.971909	
4.981998	
4.992068	
5.002193	
5.012562	
5.023638	
5.032667	
5.042765	
5.052846	
5.062971	
5.073198	
5.083299	
5.093451	
5.10357	
5.113641	
5.124011	
5.134076	
5.14426	
5.154441	
5.164544	
5.174702	
5.184825	
5.195017	
5.205085	
5.21521	
5.225433	
5.23556	
5.245621	
5.255791	
5.26587	
5.276066	
5.286201	
5.296333	
5.314373	
5.318589	
5.328771	
5.338889	
5.349057	
5.359159	
5.369388	
5.379725	
5.389581	
5.399729	
5.409827	
5.419957	
5.430039	
5.44026	
5.450399	
5.46053	
5.470641	
5.481099	
5.490887	
5.500991	
5.511138	
5.52129	
5.531366	
5.541519	
5.551726	
5.561862	
5.571983	
5.582061	
5.592217	
5.602332	
5.612467	
5.622582	
5.633216	2.04304837	2.04203522	2.00814179	2.00712864	
5.642903	2.04450769	2.04203522	2.0096011	2.00712864	
5.653043	2.04666836	2.04203522	2.01176177	2.00712864	
5.663161	2.04943682	2.04203522	2.01453024	2.00712864	
5.681654	2.05701513	2.04203522	2.02210855	2.00712864	
5.686022	2.05873211	2.04203522	2.02382552	2.00712864	
5.696173	2.06352249	2.04203522	2.0286159	2.00712864	
5.706325	2.06893199	2.04203522	2.0340254	2.00712864	
5.716387	2.07489443	2.04203522	2.03998785	2.00712864	
5.726574	2.08156143	2.04203522	2.04665485	2.00712864	
5.736799	2.08888605	2.04203522	2.05397946	2.00712864	
5.746865	2.0966887	2.04203522	2.06178212	2.00712864	
5.757322	2.1054724	2.04203522	2.07056581	2.00712864	
5.767362	2.11449077	2.04203522	2.07958418	2.00712864	
5.777582	2.12431418	2.04203522	2.0894076	2.00712864	
5.787658	2.13458936	2.04203522	2.09968278	2.00712864	
5.797784	2.14553731	2.04203522	2.11063073	2.00712864	
5.808675	2.1580639	2.04203522	2.12315732	2.00712864	
5.818055	2.16931622	2.04203522	2.13440963	2.00712864	
5.828164	2.18209158	2.04203522	2.14718499	2.00712864	
5.838575	2.19591555	2.04203522	2.16100897	2.00712864	
5.848505	2.20966005	2.04203522	2.17475346	2.00712864	
5.858741	2.22447635	2.04203522	2.18956976	2.00712864	
5.868824	2.23967976	2.04203522	2.20477317	2.01585529	
5.878909	2.25548844	2.04203522	2.22058185	2.01585529	
5.889208	2.27228566	2.04203522	2.23737908	2.02458193	
5.89924	2.28923838	2.04203522	2.25433179	2.02458193	
5.90939	2.30701038	2.05076187	2.2721038	2.03330858	
5.928855	2.34392547	2.05948852	2.30901889	2.05076187	
5.934714	2.35501192	2.05948852	2.32010534	2.05948852	
5.951282	2.38849157	2.08566846	2.35358499	2.07694181	
5.955637	2.39724024	2.0943951	2.36233366	2.08566846	
5.965827	2.41854452	2.10312175	2.38363793	2.10312175	
5.975923	2.44024363	2.12057504	2.40533704	2.12057504	
5.986142	2.46285548	2.14675498	2.4279489	2.12930169	
5.996209	2.4857162	2.16420827	2.45080961	2.15548163	
6.006371	2.5094317	2.18166156	2.47452511	2.17293492	
6.016502	2.53368018	2.2078415	2.4987736	2.19038821	
6.026682	2.55687843	2.23402144	2.52197185	2.21656815	
6.045176	2.59675297	2.26020138	2.56184638	2.23402144	
6.049575	2.60628536	2.29510797	2.57137877	2.26892803	
6.059723	2.62757947	2.33001455	2.59267288	2.29510797	
6.069878	2.648332	2.35619449	2.61342541	2.32128791	
6.079953	2.66837821	2.39110108	2.63347163	2.34746784	
6.090143	2.6880665	2.42600766	2.65315992	2.37364778	
6.100263	2.70707519	2.4521876	2.67216861	2.40855437	
6.110392	2.72554475	2.48709418	2.69063817	2.44346095	
6.120539	2.7434882	2.52200077	2.70858162	2.46964089	
6.131153	2.76164273	2.55690735	2.72673615	2.50454748	
6.141167	2.7782504	2.58308729	2.74334382	2.53945406	
6.150984	2.79400154	2.61799388	2.75909495	2.57436065	
6.161205	2.80984089	2.65290046	2.77493431	2.60054059	
6.171594	2.82536554	2.68780705	2.79045896	2.63544717	
6.181416	2.83952678	2.72271363	2.80462019	2.67035376	
6.191523	2.85355387	2.74889357	2.81864728	2.69653369	
6.201683	2.86710579	2.78380016	2.8321992	2.72271363	
6.211865	2.88014217	2.8099801	2.84523558	2.75762022	
6.22197	2.89254398	2.84488668	2.8576374	2.78380016	
6.232457	2.90482774	2.86233997	2.86992116	2.8099801	
6.242249	2.91581116	2.89724656	2.88090457	2.82743339	
6.252367	2.92662187	2.9234265	2.89171529	2.85361333	
6.262474	2.93688531	2.94960644	2.90197873	2.87979327	
6.272665	2.94670796	2.96705973	2.91180138	2.89724656	
6.282808	2.95594886	2.99323967	2.92104228	2.9234265	
6.292889	2.96462205	3.01069296	2.92971546	2.94087979	
6.303013	2.9728109	3.0368729	2.93790432	2.95833308	
6.313222	2.98054474	3.05432619	2.94563815	2.97578637	
6.323326	2.98769589	3.07177948	2.95278931	2.99323967	
6.342271	2.99892469	3.08923278	2.96401811	3.01941961	
6.346757	3.00164394	3.08923278	2.96673735	3.01941961	
6.356853	3.00715796	3.08923278	2.97225137	3.02814625	
6.367011	3.01223011	3.09795942	2.97732353	3.0368729	
6.377463	3.01694582	3.09795942	2.98203924	3.0368729	
6.387305	3.02096604	3.08923278	2.98605946	3.0368729	
6.397417	3.02464648	3.08923278	2.9897399	3.0368729	
6.407553	3.02789952	3.08923278	2.99299293	3.0368729	
6.417713	3.03073834	3.08050613	2.99583176	3.0368729	
6.42781	3.03316105	3.07177948	2.99825447	3.02814625	
6.43922	3.03538598	3.07177948	3.00047939	3.02814625	
6.448146	3.03689758	3.07177948	3.00199099	3.01941961	
6.458277	3.04203522	3.06305284	3.00712864	3.01941961	
6.468394	3.04203522	3.05432619	3.00712864	3.01069296	
6.478765	3.04203522	3.04559954	3.00712864	3.00196631	
6.48871	3.04203522	3.0368729	3.00712864	3.00196631	
6.498819	3.04203522	3.0368729	3.00712864	3.00196631	
6.509003	3.04203522	3.0368729	3.00712864	3.00196631	
6.519123	3.04203522	3.0368729	3.00712864	2.99323967	
6.529299	3.04203522	3.02814625	3.00712864	2.99323967	
6.541138	3.04203522	3.02814625	3.00712864	2.99323967	
6.549599	3.04203522	3.01941961	3.00712864	2.99323967	
6.559681	3.04203522	3.01941961	3.00712864	2.99323967	
6.56983	3.04203522	3.01941961	3.00712864	2.99323967	
6.579907	3.04203522	3.01941961	3.00712864	2.99323967	
6.590137	3.04203522	3.01941961	3.00712864	2.99323967	
6.600261	3.04203522	3.02814625	3.00712864	2.99323967	
6.610372	3.04203522	3.02814625	3.00712864	2.99323967	
6.620543	3.04203522	3.0368729	3.00712864	2.99323967	
6.630995	3.04203522	3.0368729	3.00712864	2.99323967	
6.640766	3.04203522	3.0368729	3.00712864	2.99323967	
6.651339	3.04203522	3.0368729	3.00712864	2.99323967	
6.661441	3.04203522	3.0368729	3.00712864	2.99323967	
6.671582	3.04203522	3.0368729	3.00712864	2.99323967	
6.681691	3.04203522	3.04559954	3.00712864	2.99323967	
6.699802	3.04203522	3.04559954	3.00712864	2.99323967	
6.704189	3.04203522	3.04559954	3.00712864	2.99323967	
6.714344	3.04203522	3.04559954	3.00712864	2.99323967	
6.724459	3.04203522	3.04559954	3.00712864	2.99323967	
6.734563	3.04203522	3.04559954	3.00712864	2.99323967	
6.744734	3.04203522	3.04559954	3.00712864	2.99323967	
6.754911	3.04203522	3.04559954	3.00712864	2.99323967	
6.764993	3.04203522	3.0368729	3.00712864	2.99323967	
6.775176	3.04203522	3.0368729	3.00712864	2.99323967	
6.785339	3.04203522	3.04559954	3.00712864	2.99323967	
6.79551	3.04203522	3.04559954	3.00712864	2.99323967	
6.805612	3.04203522	3.04559954	3.00712864	2.99323967	
6.815866	3.04203522	3.04559954	3.00712864	2.99323967	
6.82587	3.04203522	3.04559954	3.00712864	2.99323967	
6.836002	3.04203522	3.04559954	3.00712864	2.99323967	
6.846151	3.04203522	3.04559954	3.00712864	2.99323967	
6.866723	3.04203522	3.04559954	3.00712864	2.99323967	
6.871082	3.04203522	3.04559954	3.00712864	2.99323967	
6.881276	3.04203522	3.04559954	3.00712864	2.99323967	
6.89138	3.04203522	3.04559954	3.00712864	2.99323967	
6.901536	3.04203522	3.04559954	3.00712864	2.99323967	
6.911638	3.04203522	3.04559954	3.00712864	2.99323967	
6.93123	3.04203522	3.04559954	3.00712864	2.99323967	
6.935563	3.04203522	3.04559954	3.00712864	2.99323967	
6.945698	3.04203522	3.04559954	3.00712864	2.99323967	
6.955858	3.04203522	3.04559954	3.00712864	2.99323967	
6.965974	3.04203522	3.04559954	3.00712864	2.99323967	
6.976148	3.04203522	3.04559954	3.00712864	2.99323967	
6.986317	3.04203522	3.04559954	3.00712864	2.99323967	
6.99638	3.04203522	3.04559954	3.00712864	2.99323967	
7.006841	3.04203522	3.04559954	3.00712864	2.99323967	
7.016978	3.04203522	3.04559954	3.00712864	2.99323967	
7.027087	3.04203522	3.04559954	3.00712864	2.99323967	
7.03724	3.04203522	3.04559954	3.00712864	2.99323967	
7.049295	3.04203522	3.04559954	3.00712864	2.99323967	
7.059273	3.04203522	3.04559954	3.00712864	2.99323967	
7.069429	3.04203522	3.04559954	3.00712864	2.99323967	
7.079533	3.04203522	3.04559954	3.00712864	2.99323967	
7.089735	3.04203522	3.04559954	3.00712864	2.99323967	
7.099867	3.04203522	3.04559954	3.00712864	2.99323967	
7.110271	3.04203522	3.04559954	3.00712864	2.99323967	
7.120155	3.04203522	3.04559954	3.00712864	2.99323967	
7.130234	3.04203522	3.04559954	3.00712864	2.99323967	
7.140319	3.04203522	3.04559954	3.00712864	2.99323967	
7.15097	3.04203522	3.04559954	3.00712864	2.99323967	
7.160677	3.04203522	3.04559954	3.00712864	2.99323967	
7.170843	3.04203522	3.04559954	3.00712864	2.99323967	
7.180961	3.04203522	3.04559954	3.00712864	2.99323967	
7.191049	3.04203522	3.04559954	3.00712864	2.99323967	
7.201281	3.04203522	3.04559954	3.00712864	2.99323967	
7.211335	3.04203522	3.04559954	3.00712864	2.99323967	
7.221497	3.04203522	3.04559954	3.00712864	2.99323967	
7.231602	3.04203522	3.04559954	3.00712864	2.99323967	
7.24182	3.04203522	3.04559954	3.00712864	2.99323967	
7.259764	3.04203522	3.04559954	3.00712864	2.99323967	
7.264163	3.04203522	3.04559954	3.00712864	2.99323967	
7.274283	3.04203522	3.04559954	3.00712864	2.99323967	
7.284415	3.04203522	3.04559954	3.00712864	2.99323967	
7.294542	3.04203522	3.04559954	3.00712864	2.99323967	
7.304701	3.04203522	3.04559954	3.00712864	2.99323967	
7.314868	3.04203522	3.04559954	3.00712864	2.99323967	
7.325035	3.04203522	3.04559954	3.00712864	2.99323967	
7.335126	3.04203522	3.04559954	3.00712864	2.99323967	
7.345369	3.04203522	3.04559954	3.00712864	2.99323967	
7.355417	3.04203522	3.04559954	3.00712864	2.99323967	
7.365555	3.04203522	3.04559954	3.00712864	2.99323967	
7.37572	3.04203522	3.04559954	3.00712864	2.99323967	
7.386017	3.04203522	3.04559954	3.00712864	2.99323967	
7.395979	3.04203522	3.04559954	3.00712864	2.99323967	
7.406112	3.04203522	3.04559954	3.00712864	2.99323967	
7.416234	3.04203522	3.04559954	3.00712864	2.99323967	
7.426442	3.04203522	3.04559954	3.00712864	2.99323967	
7.436567	3.04203522	3.04559954	3.00712864	2.99323967	
7.446725	3.04203522	3.04559954	3.00712864	2.99323967	
7.456847	3.04203522	3.04559954	3.00712864	2.99323967	
7.466946	3.04203522	3.04559954	3.00712864	2.99323967	
7.477125	3.04203522	3.04559954	3.00712864	2.99323967	
7.48729	3.04203522	3.04559954	3.00712864	2.99323967	
7.49743	3.04203522	3.04559954	3.00712864	2.99323967	
7.507551	3.04203522	3.04559954	3.00712864	2.99323967	
7.51764	3.04203522	3.04559954	3.00712864	2.99323967	
7.528073	3.04203522	3.04559954	3.00712864	2.99323967	
7.537941	3.04203522	3.04559954	3.00712864	2.99323967	
7.548109	3.04203522	3.04559954	3.00712864	2.99323967	
7.558248	3.04203522	3.04559954	3.00712864	2.99323967	
7.568411	3.04203522	3.04559954	3.00712864	2.99323967	
7.578532	3.04203522	3.04559954	3.00712864	2.99323967	
7.588665	3.04203522	3.04559954	3.00712864	2.99323967	
7.598798	3.04203522	3.04559954	3.00712864	2.99323967	
7.608962	3.04203522	3.04559954	3.00712864	2.99323967	
7.619093	3.04203522	3.04559954	3.00712864	2.99323967	
7.629578	3.04203522	3.04559954	3.00712864	2.99323967	
7.639468	3.04203522	3.04559954	3.00712864	2.99323967	
7.649611	3.04203522	3.04559954	3.00712864	2.99323967	
7.659707	3.04203522	3.04559954	3.00712864	2.99323967	
7.669858	3.04203522	3.04559954	3.00712864	2.99323967	
7.679928	3.04203522	3.04559954	3.00712864	2.99323967	
7.690122	3.04203522	3.04559954	3.00712864	2.99323967	
7.700247	3.04203522	3.04559954	3.00712864	2.99323967	
7.710359	3.04203522	3.04559954	3.00712864	2.99323967	
7.720514	3.04203522	3.04559954	3.00712864	2.99323967	
7.730992	3.04203522	3.04559954	3.00712864	2.99323967	
7.740795	3.04203522	3.04559954	3.00712864	2.99323967	
7.750933	3.04203522	3.04559954	3.00712864	2.99323967	
7.761053	3.04203522	3.04559954	3.00712864	2.99323967	
7.771176	3.04203522	3.04559954	3.00712864	2.99323967	
7.781281	3.04203522	3.04559954	3.00712864	2.99323967	
7.791585	3.04203522	3.04559954	3.00712864	2.99323967	
7.801626	3.04203522	3.04559954	3.00712864	2.99323967	
7.8125	3.04203522	3.04559954	3.00712864	2.99323967	
7.829687	3.04203522	3.04559954	3.00712864	2.99323967	
7.834018	3.04203522	3.04559954	3.00712864	2.99323967	
7.844168	3.04203522	3.04559954	3.00712864	2.99323967	
7.854318	3.04203522	3.04559954	3.00712864	2.99323967	
7.864444	3.04203522	3.04559954	3.00712864	2.99323967	
7.874599	3.04203522	3.04559954	3.00712864	2.99323967	
7.884732	3.04203522	3.04559954	3.00712864	2.99323967	
7.894932	3.04203522	3.04559954	3.00712864	2.99323967	
7.905049	3.04203522	3.04559954	3.00712864	2.99323967	
7.915158	3.04203522	3.04559954	3.00712864	2.99323967	
7.933934	3.04203522	3.04559954	3.00712864	2.99323967	
7.938274	3.04203522	3.04559954	3.00712864	2.99323967	
7.948421	3.04203522	3.04559954	3.00712864	2.99323967	
7.958611	3.04203522	3.04559954	3.00712864	2.99323967	
7.968761	3.04203522	3.04559954	3.00712864	2.99323967	
7.978965	3.04203522	3.04559954	3.00712864	2.99323967	
7.989059	3.04203522	3.04559954	3.00712864	2.99323967	
8.013811	3.04203522	3.04559954	3.00712864	2.99323967	
