5.229517	
5.239664	
5.249818	
5.25989	
5.270002	
5.280212	
5.290311	
5.300439	
5.310556	
5.320676	
5.330828	
5.340953	
5.35111	
5.361233	
5.371342	
5.381633	
5.391613	
5.40179	
5.411824	
5.422011	
5.43212	
5.442214	
5.452375	
5.46288	
5.472643	
5.48273	
5.492873	
5.503285	
5.51313	
5.523261	
5.533387	
5.543496	
5.553695	
5.563745	
5.573901	
5.584034	
5.594214	
5.604297	
5.614746	
5.62456	
5.634649	
5.644763	
5.65485	
5.665036	
5.675221	
5.685293	
5.695405	
5.705726	
5.723944	
5.728145	
5.738269	
5.74842	
5.758513	
5.768704	
5.779174	
5.789228	
5.79935	
5.809496	
5.819586	
5.829759	
5.839907	
5.850062	
5.860149	
5.870251	
5.88096	
5.890578	
5.900689	
5.910816	
5.920909	
5.931156	
5.941199	
5.951334	
5.961477	
5.971565	
5.981965	
5.99212	
6.002236	
6.012353	
6.022473	
6.032597	
6.042687	
6.052866	
6.062965	
6.073058	
6.083498	
6.093394	
6.103501	
6.113666	
6.12373	
6.13389	
6.143986	
6.154253	
6.164295	
6.17436	
6.184903	
6.194614	
6.205392	
6.215496	
6.233475	
6.237667	
6.247794	
6.257978	
6.26806	
6.278193	
6.288366	
6.298634	
6.308612	
6.318702	
6.328869	
6.338984	
6.349133	
6.359255	
6.369414	
6.37968	
6.390693	
6.399985	
6.409967	
6.420035	
6.430202	
6.44034	
6.450498	
6.460618	
6.470742	
6.480887	
6.490981	
6.501162	
6.511352	
6.521447	
6.531571	
6.541755	
6.552051	
6.562068	
6.572245	
6.582284	
6.592418	
6.602485	
6.612859	
6.622749	
6.632879	
6.643044	
6.653132	
6.663259	
6.673373	
6.683489	
6.693606	
6.703737	
6.71392	
6.724016	
6.73418	
6.745619	
6.754414	
6.764525	
6.774633	
6.784758	
6.794893	
6.805014	
6.815105	
6.825301	
6.835422	
6.845596	
6.855684	
6.866209	
6.876608	
6.886415	
6.896553	
6.906629	
6.916812	
6.926965	
6.937095	
6.947271	
6.95735	
6.967448	
6.985977	2.01894854	2.01585529	1.95786201	1.95476876	
6.990633	2.01966018	2.01585529	1.95857366	1.95476876	
7.000462	2.02189589	2.01585529	1.96080937	1.95476876	
7.010558	2.02481305	2.01585529	1.96372653	1.95476876	
7.020669	2.02834839	2.01585529	1.96726187	1.95476876	
7.031141	2.03268232	2.02458193	1.9715958	1.95476876	
7.040957	2.03729771	2.02458193	1.97621119	1.96349541	
7.051161	2.04273588	2.02458193	1.98164936	1.96349541	
7.061248	2.04871672	2.02458193	1.9876302	1.96349541	
7.071337	2.05531153	2.02458193	1.994225	1.96349541	
7.08154	2.06260987	2.02458193	2.00152334	1.96349541	
7.099833	2.07814926	2.02458193	2.01706274	1.97222205	
7.104237	2.08181862	2.02458193	2.0207321	1.97222205	
7.114311	2.09099818	2.02458193	2.02991166	1.9809487	
7.124795	2.10122782	2.02458193	2.0401413	1.9809487	
7.134546	2.11128718	2.02458193	2.05020066	1.98967535	
7.144659	2.12234799	2.02458193	2.06126147	1.98967535	
7.154792	2.13404498	2.02458193	2.07295846	1.99840199	
7.164906	2.1463344	2.02458193	2.08524788	2.00712864	
7.175037	2.15926082	2.03330858	2.09817429	2.01585529	
7.185724	2.17360694	2.04203522	2.11252041	2.02458193	
7.19539	2.18709983	2.05948852	2.1260133	2.03330858	
7.206225	2.20297804	2.05948852	2.14189151	2.04203522	
7.216469	2.21860042	2.07694181	2.1575139	2.05948852	
7.22643	2.23436822	2.0943951	2.17328169	2.06821516	
7.236563	2.25104299	2.11184839	2.18995647	2.07694181	
7.246733	2.26839351	2.12930169	2.20730699	2.08566846	
7.256874	2.28631431	2.14675498	2.22522778	2.0943951	
7.267011	2.30484266	2.16420827	2.24375614	2.11184839	
7.277107	2.32390246	2.18166156	2.26281593	2.12057504	
7.288443	2.3461372	2.19911486	2.28505067	2.12930169	
7.297476	2.36425878	2.21656815	2.30317225	2.14675498	
7.307575	2.38516587	2.23402144	2.32407935	2.16420827	
7.317694	2.40673999	2.25147474	2.34565347	2.17293492	
7.327807	2.4289149	2.26892803	2.36782837	2.19038821	
7.338044	2.45199203	2.28638132	2.39090551	2.2078415	
7.348138	2.47536103	2.30383461	2.4142745	2.2252948	
7.358264	2.49940583	2.33001455	2.43831931	2.24274809	
7.368441	2.52419945	2.34746784	2.46311293	2.26892803	
7.378502	2.54750968	2.37364778	2.48642315	2.28638132	
7.389708	2.57271473	2.39110108	2.51162821	2.31256126	
7.398855	2.59283214	2.40855437	2.53174562	2.3387412	
7.408954	2.61442302	2.43473431	2.55333649	2.35619449	
7.419109	2.63553295	2.46091425	2.57444643	2.38237443	
7.429197	2.65591319	2.47836754	2.59482666	2.40855437	
7.439384	2.6759433	2.50454748	2.61485678	2.43473431	
7.449543	2.69520444	2.53072742	2.63411792	2.46091425	
7.459643	2.7138134	2.54818071	2.65272688	2.48709418	
7.46977	2.73188217	2.57436065	2.67079564	2.51327412	
7.47987	2.74931013	2.60054059	2.6882236	2.53945406	
7.491084	2.76790658	2.62672052	2.70682006	2.565634	
7.500212	2.78260963	2.65290046	2.72152311	2.59181394	
7.510321	2.79828123	2.68780705	2.73719471	2.61799388	
7.520487	2.81344937	2.71398699	2.75236284	2.64417382	
7.530587	2.82793868	2.74016693	2.76685215	2.67035376	
7.540749	2.84192758	2.75762022	2.78084106	2.68780705	
7.550894	2.85531869	2.7925268	2.79423216	2.71398699	
7.561031	2.86810533	2.81870674	2.80701881	2.74016693	
7.571126	2.88026626	2.83616003	2.81917973	2.75762022	
7.581249	2.89189316	2.86233997	2.83080664	2.78380016	
7.592406	2.90398922	2.87979327	2.8429027	2.80125345	
7.601593	2.9135184	2.89724656	2.85243188	2.81870674	
7.611734	2.92344928	2.9234265	2.86236276	2.83616003	
7.62184	2.93278957	2.93215314	2.87170304	2.85361333	
7.632158	2.94174726	2.95833308	2.88066074	2.87106662	
7.642139	2.94987214	2.96705973	2.88878562	2.88851991	
7.65222	2.95753808	2.98451302	2.89645156	2.89724656	
7.662365	2.96470881	3.00196631	2.90362229	2.91469985	
7.672554	2.97136532	3.01069296	2.9102788	2.9234265	
7.682578	2.97739774	3.01941961	2.91631122	2.93215314	
7.693724	2.98344247	3.0368729	2.92235595	2.94960644	
7.702907	2.98804632	3.0368729	2.92695979	2.95833308	
7.713033	2.99259831	3.0368729	2.93151178	2.96705973	
7.723151	2.99665472	3.0368729	2.93556819	2.96705973	
7.733535	3.00031143	3.0368729	2.93922491	2.97578637	
7.743404	3.00336115	3.0368729	2.94227463	2.97578637	
7.753543	3.00604465	3.0368729	2.94495812	2.96705973	
7.763691	3.00830852	3.02814625	2.947222	2.96705973	
7.773778	3.01016922	3.02814625	2.94908269	2.96705973	
7.783916	3.01585529	3.01941961	2.95476876	2.96705973	
7.795582	3.01585529	3.01941961	2.95476876	2.95833308	
7.804289	3.01585529	3.01069296	2.95476876	2.95833308	
7.814308	3.01585529	3.01069296	2.95476876	2.94960644	
7.824463	3.01585529	3.00196631	2.95476876	2.94960644	
7.834535	3.01585529	3.00196631	2.95476876	2.94960644	
7.844997	3.01585529	3.00196631	2.95476876	2.94960644	
7.854811	3.01585529	3.00196631	2.95476876	2.94960644	
7.865083	3.01585529	3.00196631	2.95476876	2.94960644	
7.875067	3.01585529	3.00196631	2.95476876	2.95833308	
7.885356	3.01585529	3.00196631	2.95476876	2.95833308	
7.895543	3.01585529	3.00196631	2.95476876	2.95833308	
7.905685	3.01585529	3.00196631	2.95476876	2.95833308	
7.915761	3.01585529	3.00196631	2.95476876	2.95833308	
7.925911	3.01585529	3.00196631	2.95476876	2.95833308	
7.936042	3.01585529	3.00196631	2.95476876	2.95833308	
7.946209	3.01585529	3.00196631	2.95476876	2.95833308	
7.956306	3.01585529	3.00196631	2.95476876	2.95833308	
7.966448	3.01585529	3.00196631	2.95476876	2.95833308	
7.976681	3.01585529	3.00196631	2.95476876	2.95833308	
7.986752	3.01585529	3.00196631	2.95476876	2.95833308	
7.996901	3.01585529	3.00196631	2.95476876	2.95833308	
8.006997	3.01585529	3.00196631	2.95476876	2.95833308	
8.017183	3.01585529	3.00196631	2.95476876	2.95833308	
8.027338	3.01585529	3.00196631	2.95476876	2.95833308	
8.037414	3.01585529	3.00196631	2.95476876	2.95833308	
8.047589	3.01585529	3.00196631	2.95476876	2.95833308	
8.057685	3.01585529	3.00196631	2.95476876	2.95833308	
8.067826	3.01585529	3.00196631	2.95476876	2.95833308	
8.078018	3.01585529	3.00196631	2.95476876	2.95833308	
8.08815	3.01585529	3.00196631	2.95476876	2.95833308	
8.098326	3.01585529	3.00196631	2.95476876	2.95833308	
8.108414	3.01585529	3.00196631	2.95476876	2.95833308	
8.118526	3.01585529	3.00196631	2.95476876	2.95833308	
8.128739	3.01585529	3.00196631	2.95476876	2.95833308	
8.138853	3.01585529	3.00196631	2.95476876	2.95833308	
8.148961	3.01585529	3.00196631	2.95476876	2.95833308	
8.159107	3.01585529	3.00196631	2.95476876	2.95833308	
8.169223	3.01585529	3.00196631	2.95476876	2.95833308	
8.179456	3.01585529	3.00196631	2.95476876	2.95833308	
8.189545	3.01585529	3.00196631	2.95476876	2.95833308	
8.199654	3.01585529	3.00196631	2.95476876	2.95833308	
8.209869	3.01585529	3.00196631	2.95476876	2.95833308	
8.219945	3.01585529	3.00196631	2.95476876	2.95833308	
8.230076	3.01585529	3.00196631	2.95476876	2.95833308	
8.240181	3.01585529	3.00196631	2.95476876	2.95833308	
8.250358	3.01585529	3.00196631	2.95476876	2.95833308	
8.260476	3.01585529	3.00196631	2.95476876	2.95833308	
8.270563	3.01585529	3.00196631	2.95476876	2.95833308	
8.280783	3.01585529	3.00196631	2.95476876	2.95833308	
8.290915	3.01585529	3.00196631	2.95476876	2.95833308	
8.301021	3.01585529	3.00196631	2.95476876	2.95833308	
8.31115	3.01585529	3.00196631	2.95476876	2.95833308	
8.32126	3.01585529	3.00196631	2.95476876	2.95833308	
8.331471	3.01585529	3.00196631	2.95476876	2.95833308	
8.341528	3.01585529	3.00196631	2.95476876	2.95833308	
8.351709	3.01585529	3.00196631	2.95476876	2.95833308	
8.361801	3.01585529	3.00196631	2.95476876	2.95833308	
8.371928	3.01585529	3.00196631	2.95476876	2.95833308	
8.382071	3.01585529	3.00196631	2.95476876	2.95833308	
8.392238	3.01585529	3.00196631	2.95476876	2.95833308	
8.402395	3.01585529	3.00196631	2.95476876	2.95833308	
8.412424	3.01585529	3.00196631	2.95476876	2.95833308	
8.422603	3.01585529	3.00196631	2.95476876	2.95833308	
8.432765	3.01585529	3.00196631	2.95476876	2.95833308	
8.442867	3.01585529	3.00196631	2.95476876	2.95833308	
8.453039	3.01585529	3.00196631	2.95476876	2.95833308	
8.463116	3.01585529	3.00196631	2.95476876	2.95833308	
8.473239	3.01585529	3.00196631	2.95476876	2.95833308	
8.483441	3.01585529	3.00196631	2.95476876	2.95833308	
8.493705	3.01585529	3.00196631	2.95476876	2.95833308	
8.503641	3.01585529	3.00196631	2.95476876	2.95833308	
8.513759	3.01585529	3.00196631	2.95476876	2.95833308	
8.523857	3.01585529	3.00196631	2.95476876	2.95833308	
8.534009	3.01585529	3.00196631	2.95476876	2.95833308	
8.544198	3.01585529	3.00196631	2.95476876	2.95833308	
8.554327	3.01585529	3.00196631	2.95476876	2.95833308	
8.564377	3.01585529	3.00196631	2.95476876	2.95833308	
8.574502	3.01585529	3.00196631	2.95476876	2.95833308	
8.584971	3.01585529	3.00196631	2.95476876	2.95833308	
8.594763	3.01585529	3.00196631	2.95476876	2.95833308	
8.622177	3.01585529	3.00196631	2.95476876	2.95833308	
8.626706	3.01585529	3.00196631	2.95476876	2.95833308	
