5.339149	
5.349323	
5.359406	
5.369585	
5.379748	
5.389769	
5.400276	
5.410074	
5.420171	
5.430347	
5.440381	
5.45063	
5.460691	
5.470784	
5.480903	
5.491217	
5.501381	
5.511487	
5.521618	
5.531768	
5.541853	
5.55202	
5.562168	
5.572262	
5.582474	
5.592558	
5.60273	
5.612862	
5.623039	
5.633157	
5.643282	
5.653416	
5.663545	
5.67382	
5.683884	
5.693955	
5.714045	
5.718292	
5.728363	
5.738495	
5.748613	
5.758721	
5.770571	
5.78062	
5.790715	
5.800874	
5.811025	
5.82939	
5.833586	
5.843706	
5.85385	
5.863928	
5.874122	
5.884265	
5.894441	
5.904513	
5.914601	
5.924783	
5.934891	
5.945047	
5.955182	
5.965323	
5.97547	
5.985611	
5.995772	
6.005876	
6.016656	
6.0261	
6.036235	
6.04642	
6.056512	
6.066627	
6.076758	
6.08695	
6.09705	
6.107199	
6.117362	
6.127438	
6.137518	
6.14772	
6.157793	
6.167919	
6.178302	
6.188402	
6.198578	
6.208649	
6.218761	
6.228963	
6.239021	
6.24914	
6.259266	
6.269409	
6.279521	
6.289702	
6.299811	
6.31006	
6.320011	
6.330133	
6.340274	
6.350411	
6.360502	
6.370642	
6.380742	
6.390864	
6.40108	
6.41118	
6.421335	
6.431446	
6.441571	
6.452284	
6.461936	
6.472036	
6.482127	
6.492273	
6.502687	
6.512563	
6.522687	
6.532831	
6.542915	
6.553104	
6.563225	
6.573373	
6.583488	
6.593621	
6.612489	
6.616686	
6.626812	
6.636988	
6.647066	
6.657208	
6.667284	
6.677684	
6.687575	
6.697702	
6.707875	
6.717965	
6.728076	
6.738189	
6.748334	
6.758506	
6.768578	
6.778699	
6.78881	
6.798926	
6.809059	
6.819234	
6.829362	
6.83948	
6.849634	
6.860168	
6.869857	
6.879949	
6.890093	
6.90019	
6.910455	
6.920455	
6.930598	
6.940731	
6.950831	
6.960967	
6.973736	3.00343535	3.00196631	2.95980212	2.95833308	
6.983865	3.00513413	3.00196631	2.9615009	2.95833308	
6.993942	3.00743173	3.00196631	2.9637985	2.95833308	
7.00407	3.01035874	3.00196631	2.96672551	2.95833308	
7.014911	3.0142247	3.00196631	2.97059147	2.96705973	
7.024469	3.01813957	3.00196631	2.97450634	2.96705973	
7.034461	3.02284113	3.00196631	2.9792079	2.96705973	
7.044567	3.02821664	3.01069296	2.9845834	2.96705973	
7.054728	3.0342446	3.01069296	2.99061137	2.96705973	
7.064898	3.04089762	3.01941961	2.99726439	2.96705973	
7.07508	3.04817941	3.02814625	3.00454618	2.96705973	
7.085288	3.05610482	3.02814625	3.01247159	2.96705973	
7.095342	3.06451411	3.0368729	3.02088087	2.96705973	
7.105482	3.07361585	3.0368729	3.02998261	2.96705973	
7.115574	3.08328217	3.04559954	3.03964893	2.96705973	
7.125771	3.09368047	3.05432619	3.05004724	2.96705973	
7.135875	3.10458821	3.05432619	3.06095498	2.96705973	
7.146028	3.11617107	3.06305284	3.07253784	2.96705973	
7.156184	3.1283763	3.07177948	3.08474307	2.97578637	
7.166273	3.14111243	3.07177948	3.0974792	2.98451302	
7.176704	3.15495109	3.08050613	3.11131785	2.98451302	
7.186628	3.16867064	3.08923278	3.12503741	3.00196631	
7.19675	3.1832961	3.08923278	3.13966287	3.00196631	
7.206876	3.19854735	3.09795942	3.15491412	3.01941961	
7.216963	3.21434445	3.10668607	3.17071122	3.02814625	
7.227153	3.23093407	3.10668607	3.18730084	3.04559954	
7.237357	3.24816476	3.10668607	3.20453153	3.05432619	
7.247429	3.26577878	3.11541271	3.22214555	3.07177948	
7.257555	3.28410779	3.12413936	3.24047456	3.08923278	
7.267634	3.30296584	3.13286601	3.25933261	3.10668607	
7.277878	3.32276363	3.14159265	3.2791304	3.12413936	
7.28798	3.3428807	3.1503193	3.29924747	3.14159265	
7.298051	3.36355373	3.15904595	3.3199205	3.15904595	
7.308182	3.38496978	3.17649924	3.34133655	3.17649924	
7.318714	3.40791176	3.18522588	3.36427853	3.19395253	
7.328473	3.42970737	3.20267918	3.38607414	3.21140582	
7.338635	3.45304673	3.22013247	3.4094135	3.22885912	
7.34871	3.47678792	3.23758576	3.43315469	3.24631241	
7.358821	3.50123334	3.25503905	3.45760011	3.2637657	
7.36896	3.52456127	3.28121899	3.48092803	3.28121899	
7.379338	3.54782876	3.30739893	3.50419553	3.29867229	
7.389302	3.56959768	3.33357887	3.52596445	3.32485223	
7.399383	3.59104787	3.35975881	3.54741464	3.34230552	
7.409489	3.61197908	3.38593875	3.56834585	3.36848546	
7.427947	3.64784634	3.42084533	3.60421311	3.38593875	
7.432247	3.65626613	3.45575192	3.6126329	3.42084533	
7.442409	3.67543483	3.48193186	3.6318016	3.44702527	
7.45258	3.69402423	3.51683844	3.650391	3.47320521	
7.462709	3.711968	3.54301838	3.66833476	3.4906585	
7.472834	3.72934091	3.57792497	3.68570768	3.52556509	
7.483052	3.74629038	3.60410491	3.70265715	3.54301838	
7.493228	3.76258188	3.63028484	3.71894865	3.56919832	
7.503302	3.77815964	3.66519143	3.73452641	3.59537826	
7.513399	3.79320433	3.69137137	3.7495711	3.6215582	
7.523581	3.80780734	3.71755131	3.76417411	3.64773814	
7.533694	3.82174708	3.7350046	3.77811385	3.67391808	
7.543779	3.83509065	3.76991118	3.79145742	3.70009801	
7.553983	3.84802483	3.78736448	3.8043916	3.72627795	
7.564095	3.86028523	3.81354442	3.816652	3.75245789	
7.57425	3.87204025	3.83972435	3.82840702	3.76991118	
7.584431	3.8832646	3.86590429	3.83963136	3.79609112	
7.594556	3.89387673	3.88335759	3.85024349	3.82227106	
7.613899	3.91168006	3.92699082	3.86804683	3.85717765	
7.618177	3.91569472	3.93571746	3.87206149	3.86590429	
7.628368	3.92455745	3.94444411	3.88092422	3.87463094	
7.638479	3.93282486	3.97062405	3.88919162	3.89208423	
7.648596	3.94056985	3.97935069	3.89693662	3.90953752	
7.658758	3.947826	3.99680399	3.90419277	3.92699082	
7.66895	3.95458239	4.01425728	3.91094915	3.93571746	
7.679478	3.96100031	4.01425728	3.91736708	3.94444411	
7.689128	3.96644243	4.02298393	3.9228092	3.95317076	
7.700467	3.9722356	4.03171057	3.92860237	3.9618974	
7.709636	3.97645475	4.03171057	3.93282152	3.97062405	
7.719683	3.98065984	4.02298393	3.9370266	3.97062405	
7.730178	3.98454162	4.02298393	3.94090839	3.97935069	
7.739952	3.98775488	4.01425728	3.94412165	3.97935069	
7.750034	3.99062871	4.01425728	3.94699548	3.97062405	
7.760191	3.99310261	4.01425728	3.94946938	3.97062405	
7.770267	3.99516783	4.00553063	3.9515346	3.97062405	
7.780783	3.99691645	4.00553063	3.95328322	3.9618974	
7.790634	4.00196631	3.99680399	3.95833308	3.9618974	
7.800709	4.00196631	3.99680399	3.95833308	3.9618974	
7.810817	4.00196631	3.99680399	3.95833308	3.9618974	
7.82092	4.00196631	3.99680399	3.95833308	3.9618974	
7.839348	4.00196631	4.00553063	3.95833308	3.9618974	
7.843603	4.00196631	4.00553063	3.95833308	3.9618974	
7.853778	4.00196631	4.00553063	3.95833308	3.9618974	
7.863927	4.00196631	4.00553063	3.95833308	3.9618974	
7.874029	4.00196631	4.00553063	3.95833308	3.9618974	
7.885709	4.00196631	4.00553063	3.95833308	3.9618974	
7.895286	4.00196631	4.00553063	3.95833308	3.9618974	
7.905401	4.00196631	4.00553063	3.95833308	3.9618974	
7.915553	4.00196631	4.00553063	3.95833308	3.9618974	
7.925651	4.00196631	4.00553063	3.95833308	3.9618974	
7.935811	4.00196631	4.00553063	3.95833308	3.9618974	
7.945957	4.00196631	4.00553063	3.95833308	3.9618974	
7.95613	4.00196631	4.00553063	3.95833308	3.9618974	
7.966548	4.00196631	4.00553063	3.95833308	3.9618974	
7.976329	4.00196631	4.00553063	3.95833308	3.9618974	
7.986506	4.00196631	4.00553063	3.95833308	3.9618974	
7.996647	4.00196631	4.00553063	3.95833308	3.9618974	
8.006813	4.00196631	4.00553063	3.95833308	3.9618974	
8.017608	4.00196631	4.00553063	3.95833308	3.9618974	
8.027017	4.00196631	4.00553063	3.95833308	3.9618974	
8.03722	4.00196631	4.00553063	3.95833308	3.9618974	
8.047273	4.00196631	4.00553063	3.95833308	3.9618974	
8.057447	4.00196631	4.00553063	3.95833308	3.9618974	
8.067584	4.00196631	4.00553063	3.95833308	3.9618974	
8.077724	4.00196631	4.00553063	3.95833308	3.9618974	
8.087836	4.00196631	4.00553063	3.95833308	3.9618974	
8.097901	4.00196631	4.00553063	3.95833308	3.9618974	
8.108071	4.00196631	4.00553063	3.95833308	3.9618974	
8.118275	4.00196631	4.00553063	3.95833308	3.9618974	
8.128336	4.00196631	4.00553063	3.95833308	3.9618974	
8.1385	4.00196631	4.00553063	3.95833308	3.9618974	
8.14861	4.00196631	4.00553063	3.95833308	3.9618974	
8.158948	4.00196631	4.00553063	3.95833308	3.9618974	
8.168887	4.00196631	4.00553063	3.95833308	3.9618974	
8.179343	4.00196631	4.00553063	3.95833308	3.9618974	
8.189251	4.00196631	4.00553063	3.95833308	3.9618974	
8.199308	4.00196631	4.00553063	3.95833308	3.9618974	
8.209415	4.00196631	4.00553063	3.95833308	3.9618974	
8.220036	4.00196631	4.00553063	3.95833308	3.9618974	
8.229745	4.00196631	4.00553063	3.95833308	3.9618974	
8.239827	4.00196631	4.00553063	3.95833308	3.9618974	
8.249984	4.00196631	4.00553063	3.95833308	3.9618974	
8.260075	4.00196631	4.00553063	3.95833308	3.9618974	
8.270437	4.00196631	4.00553063	3.95833308	3.9618974	
8.280343	4.00196631	4.00553063	3.95833308	3.9618974	
8.290441	4.00196631	4.00553063	3.95833308	3.9618974	
8.300574	4.00196631	4.00553063	3.95833308	3.9618974	
8.31079	4.00196631	4.00553063	3.95833308	3.9618974	
8.320875	4.00196631	4.00553063	3.95833308	3.9618974	
8.331057	4.00196631	4.00553063	3.95833308	3.9618974	
8.341244	4.00196631	4.00553063	3.95833308	3.9618974	
8.351433	4.00196631	4.00553063	3.95833308	3.9618974	
8.361551	4.00196631	4.00553063	3.95833308	3.9618974	
8.371696	4.00196631	4.00553063	3.95833308	3.9618974	
8.381863	4.00196631	4.00553063	3.95833308	3.9618974	
8.391978	4.00196631	4.00553063	3.95833308	3.9618974	
8.402123	4.00196631	4.00553063	3.95833308	3.9618974	
8.412257	4.00196631	4.00553063	3.95833308	3.9618974	
8.422371	4.00196631	4.00553063	3.95833308	3.9618974	
8.432528	4.00196631	4.00553063	3.95833308	3.9618974	
8.460258	4.00196631	4.00553063	3.95833308	3.9618974	
8.465154	4.00196631	4.00553063	3.95833308	3.9618974	
