4.645115	
4.655289	
4.665601	
4.675655	
4.685848	
4.695949	
4.706029	
4.716292	
4.726369	
4.736487	
4.746605	
4.75705	
4.76692	
4.77697	
4.787092	
4.797191	
4.807343	
4.825521	
4.829744	
4.839792	
4.849923	
4.860087	
4.870231	
4.880386	
4.890491	
4.900609	
4.910853	
4.92114	
4.931058	
4.941176	
4.95133	
4.961591	
4.971561	
4.981753	
4.991857	
5.001971	
5.012062	
5.022255	
5.032398	
5.04246	
5.052568	
5.062739	
5.072817	
5.082993	
5.093113	
5.103209	
5.113332	
5.123509	
5.13368	
5.143791	
5.153924	
5.164059	
5.174164	
5.192254	
5.196455	
5.206621	
5.216681	
5.227123	
5.237199	
5.247663	
5.257591	
5.267686	
5.277822	
5.288015	
5.298085	
5.308248	
5.318307	
5.328726	
5.33896	
5.348706	
5.358929	
5.368939	
5.379062	
5.389245	
5.399427	
5.409512	
5.419643	
5.429782	
5.439957	
5.450132	
5.460246	
5.470436	
5.480513	
5.490683	
5.50082	
5.51102	
5.521073	
5.531178	
5.54136	
5.551536	
5.561621	
5.571731	
5.581906	
5.591999	
5.602172	
5.612307	
5.622522	
5.632605	
5.642708	
5.652917	
5.663063	
5.673145	
5.683273	
5.69338	
5.703549	
5.713678	
5.723787	
5.733935	
5.744039	
5.754202	
5.7644	
5.77445	
5.78463	
5.794703	
5.804891	
5.815022	
5.825118	
5.835288	
5.845359	
5.855634	
5.865775	
5.875886	
5.886064	
5.896157	
5.906245	
5.916442	
5.926579	
5.937687	
5.947207	
5.957267	
5.967324	
5.977377	
5.987496	
5.997634	
6.007746	
6.017927	
6.028058	
6.038137	
6.048265	
6.058698	
6.068453	
6.078604	
6.08873	
6.098819	
6.108979	
6.119136	
6.129215	
6.140733	1.01348702	1.01229097	1.01348702	1.01229097	
6.150582	1.01503906	1.01229097	1.01503906	1.01229097	
6.160645	1.01723998	1.01229097	1.01723998	1.01229097	
6.17077	1.0200723	1.01229097	1.0200723	1.01229097	
6.181014	1.02357436	1.01229097	1.02357436	1.01229097	
6.19114	1.02764231	1.01229097	1.02764231	1.02101761	
6.201218	1.03229885	1.01229097	1.03229885	1.02101761	
6.211362	1.03760729	1.01229097	1.03760729	1.02101761	
6.221463	1.04350545	1.01229097	1.04350545	1.02974426	
6.231646	1.05007566	1.01229097	1.05007566	1.02974426	
6.241816	1.05725778	1.02101761	1.05725778	1.0384709	
6.253283	1.06618947	1.02101761	1.06618947	1.0384709	
6.262101	1.07345097	1.02101761	1.07345097	1.04719755	
6.272245	1.08246512	1.02101761	1.08246512	1.04719755	
6.282363	1.09207065	1.02974426	1.09207065	1.04719755	
6.29256	1.10237648	1.02974426	1.10237648	1.0559242	
6.302679	1.11321199	1.0384709	1.11321199	1.06465084	
6.312802	1.12467006	1.04719755	1.12467006	1.07337749	
6.32291	1.13672501	1.04719755	1.13672501	1.08210414	
6.333032	1.14941328	1.04719755	1.14941328	1.08210414	
6.343286	1.16290216	1.06465084	1.16290216	1.09083078	
6.353358	1.17674775	1.06465084	1.17674775	1.09955743	
6.3635	1.19131157	1.07337749	1.19131157	1.10828408	
6.373618	1.2064575	1.08210414	1.2064575	1.11701072	
6.383768	1.2222821	1.09083078	1.2222821	1.11701072	
6.393921	1.23870529	1.09955743	1.23870529	1.12573737	
6.404027	1.25567707	1.10828408	1.25567707	1.13446401	
6.414849	1.27458646	1.11701072	1.27458646	1.15191731	
6.424327	1.29162383	1.13446401	1.29162383	1.15191731	
6.434374	1.31032426	1.14319066	1.31032426	1.1693706	
6.444594	1.32998684	1.15191731	1.32998684	1.17809725	
6.454753	1.35013143	1.1693706	1.35013143	1.19555054	
6.46505	1.37120467	1.18682389	1.37120467	1.20427718	
6.475113	1.39238906	1.20427718	1.39238906	1.22173048	
6.485081	1.41397102	1.22173048	1.41397102	1.23918377	
6.4953	1.43673068	1.23918377	1.43673068	1.25663706	
6.505385	1.45979096	1.25663706	1.45979096	1.27409035	
6.515524	1.48360014	1.27409035	1.48360014	1.29154365	
6.525746	1.50824122	1.29154365	1.50824122	1.30899694	
6.535932	1.53160637	1.30899694	1.53160637	1.32645023	
6.545984	1.55409281	1.32645023	1.55409281	1.34390352	
6.55612	1.57618781	1.35263017	1.57618781	1.37008346	
6.56623	1.59766396	1.37008346	1.59766396	1.3962634	
6.576346	1.61859121	1.3962634	1.61859121	1.41371669	
6.58644	1.63888956	1.42244334	1.63888956	1.43989663	
6.598296	1.66190263	1.45734993	1.66190263	1.46607657	
6.608383	1.68094774	1.48352986	1.68094774	1.50098316	
6.618462	1.6994244	1.5097098	1.6994244	1.5271631	
6.628612	1.71746792	1.53588974	1.71746792	1.55334303	
6.638773	1.73495534	1.57079633	1.73495534	1.57952297	
6.648909	1.75183277	1.59697627	1.75183277	1.60570291	
6.659071	1.7681882	1.6231562	1.7681882	1.6406095	
6.669167	1.78387569	1.6406095	1.78387569	1.66678944	
6.679347	1.79913174	1.67551608	1.79913174	1.69296937	
6.697718	1.82440179	1.71914931	1.82440179	1.73660261	
6.702003	1.83035658	1.72787596	1.83035658	1.74532925	
6.712151	1.84375342	1.7540559	1.84375342	1.77150919	
6.722276	1.85657269	1.78023584	1.85657269	1.79768913	
6.732369	1.86880273	1.80641578	1.86880273	1.81514242	
6.742559	1.88059989	1.82386907	1.88059989	1.84132236	
6.753063	1.89216255	1.85004901	1.89216255	1.85877565	
6.762848	1.90243548	1.8675023	1.90243548	1.87622895	
6.772945	1.91250221	1.88495559	1.91250221	1.89368224	
6.783141	1.92211716	1.91113553	1.92211716	1.91113553	
6.793244	1.93111705	1.91986218	1.93111705	1.92858882	
6.80341	1.93963919	1.94604212	1.93963919	1.94604212	
6.813512	1.947582	1.95476876	1.947582	1.96349541	
6.823619	1.95501266	1.97222205	1.95501266	1.97222205	
6.833746	1.96194206	1.98967535	1.96194206	1.98967535	
6.843912	1.96838158	1.98967535	1.96838158	1.99840199	
6.85411	1.97433156	2.00712864	1.97433156	2.01585529	
6.864243	1.97974626	2.01585529	1.97974626	2.02458193	
6.874353	1.98466142	2.02458193	1.98466142	2.02458193	
6.884452	1.98910782	2.02458193	1.98910782	2.02458193	
6.894662	1.99309968	2.02458193	1.99309968	2.02458193	
6.904813	1.99662526	2.01585529	1.99662526	2.02458193	
6.914929	1.99969611	2.01585529	1.99969611	2.02458193	
6.925044	2.00234507	2.01585529	2.00234507	2.01585529	
6.935191	2.00459617	2.01585529	2.00459617	2.01585529	
6.945326	2.00646401	2.01585529	2.00646401	2.01585529	
6.955511	2.01229097	2.02458193	2.01229097	2.01585529	
6.965829	2.01229097	2.02458193	2.01229097	2.02458193	
6.97574	2.01229097	2.02458193	2.01229097	2.02458193	
6.985897	2.01229097	2.02458193	2.01229097	2.02458193	
6.995983	2.01229097	2.02458193	2.01229097	2.02458193	
7.006162	2.01229097	2.01585529	2.01229097	2.02458193	
7.016334	2.01229097	2.01585529	2.01229097	2.02458193	
7.026622	2.01229097	2.01585529	2.01229097	2.02458193	
7.036594	2.01229097	2.01585529	2.01229097	2.02458193	
7.047051	2.01229097	2.01585529	2.01229097	2.02458193	
7.057227	2.01229097	2.01585529	2.01229097	2.02458193	
7.066946	2.01229097	2.01585529	2.01229097	2.02458193	
7.077065	2.01229097	2.01585529	2.01229097	2.02458193	
7.08722	2.01229097	2.01585529	2.01229097	2.02458193	
7.097756	2.01229097	2.01585529	2.01229097	2.02458193	
7.115914	2.01229097	2.01585529	2.01229097	2.02458193	
7.120215	2.01229097	2.01585529	2.01229097	2.02458193	
7.130353	2.01229097	2.01585529	2.01229097	2.02458193	
7.140447	2.01229097	2.01585529	2.01229097	2.02458193	
7.150669	2.01229097	2.01585529	2.01229097	2.02458193	
7.160771	2.01229097	2.01585529	2.01229097	2.02458193	
7.17087	2.01229097	2.01585529	2.01229097	2.02458193	
7.181063	2.01229097	2.01585529	2.01229097	2.02458193	
7.191211	2.01229097	2.01585529	2.01229097	2.02458193	
7.201295	2.01229097	2.01585529	2.01229097	2.02458193	
7.211439	2.01229097	2.01585529	2.01229097	2.02458193	
7.221736	2.01229097	2.01585529	2.01229097	2.02458193	
7.231857	2.01229097	2.01585529	2.01229097	2.02458193	
7.241975	2.01229097	2.01585529	2.01229097	2.02458193	
7.253254	2.01229097	2.01585529	2.01229097	2.02458193	
7.262216	2.01229097	2.01585529	2.01229097	2.02458193	
7.272421	2.01229097	2.01585529	2.01229097	2.02458193	
7.282503	2.01229097	2.01585529	2.01229097	2.02458193	
7.292638	2.01229097	2.01585529	2.01229097	2.02458193	
7.302794	2.01229097	2.01585529	2.01229097	2.02458193	
7.312872	2.01229097	2.01585529	2.01229097	2.02458193	
7.323351	2.01229097	2.01585529	2.01229097	2.02458193	
7.333191	2.01229097	2.01585529	2.01229097	2.02458193	
7.343375	2.01229097	2.01585529	2.01229097	2.02458193	
7.353418	2.01229097	2.01585529	2.01229097	2.02458193	
7.363548	2.01229097	2.01585529	2.01229097	2.02458193	
7.373703	2.01229097	2.01585529	2.01229097	2.02458193	
7.383846	2.01229097	2.01585529	2.01229097	2.02458193	
7.393965	2.01229097	2.01585529	2.01229097	2.02458193	
7.404105	2.01229097	2.01585529	2.01229097	2.02458193	
7.41438	2.01229097	2.01585529	2.01229097	2.02458193	
7.424607	2.01229097	2.01585529	2.01229097	2.02458193	
7.434712	2.01229097	2.01585529	2.01229097	2.02458193	
7.444798	2.01229097	2.01585529	2.01229097	2.02458193	
7.454919	2.01229097	2.01585529	2.01229097	2.02458193	
7.465128	2.01229097	2.01585529	2.01229097	2.02458193	
7.475197	2.01229097	2.01585529	2.01229097	2.02458193	
7.48542	2.01229097	2.01585529	2.01229097	2.02458193	
7.495551	2.01229097	2.01585529	2.01229097	2.02458193	
7.505678	2.01229097	2.01585529	2.01229097	2.02458193	
7.515788	2.01229097	2.01585529	2.01229097	2.02458193	
7.525958	2.01229097	2.01585529	2.01229097	2.02458193	
7.5361	2.01229097	2.01585529	2.01229097	2.02458193	
7.54619	2.01229097	2.01585529	2.01229097	2.02458193	
7.556327	2.01229097	2.01585529	2.01229097	2.02458193	
7.566448	2.01229097	2.01585529	2.01229097	2.02458193	
7.577116	2.01229097	2.01585529	2.01229097	2.02458193	
7.586703	2.01229097	2.01585529	2.01229097	2.02458193	
7.596827	2.01229097	2.01585529	2.01229097	2.02458193	
7.606945	2.01229097	2.01585529	2.01229097	2.02458193	
7.617045	2.01229097	2.01585529	2.01229097	2.02458193	
7.627343	2.01229097	2.01585529	2.01229097	2.02458193	
7.637335	2.01229097	2.01585529	2.01229097	2.02458193	
7.647498	2.01229097	2.01585529	2.01229097	2.02458193	
7.65757	2.01229097	2.01585529	2.01229097	2.02458193	
7.667673	2.01229097	2.01585529	2.01229097	2.02458193	
7.677854	2.01229097	2.01585529	2.01229097	2.02458193	
7.69581	2.01229097	2.01585529	2.01229097	2.02458193	
7.700073	2.01229097	2.01585529	2.01229097	2.02458193	
7.710216	2.01229097	2.01585529	2.01229097	2.02458193	
7.720328	2.01229097	2.01585529	2.01229097	2.02458193	
7.730493	2.01229097	2.01585529	2.01229097	2.02458193	
7.740673	2.01229097	2.01585529	2.01229097	2.02458193	
7.750794	2.01229097	2.01585529	2.01229097	2.02458193	
7.760899	2.01229097	2.01585529	2.01229097	2.02458193	
7.771015	2.01229097	2.01585529	2.01229097	2.02458193	
7.781142	2.01229097	2.01585529	2.01229097	2.02458193	
7.791356	2.01229097	2.01585529	2.01229097	2.02458193	
7.801436	2.01229097	2.01585529	2.01229097	2.02458193	
7.811572	2.01229097	2.01585529	2.01229097	2.02458193	
7.82171	2.01229097	2.01585529	2.01229097	2.02458193	
7.831798	2.01229097	2.01585529	2.01229097	2.02458193	
7.841979	2.01229097	2.01585529	2.01229097	2.02458193	
7.852153	2.01229097	2.01585529	2.01229097	2.02458193	
7.862296	2.01229097	2.01585529	2.01229097	2.02458193	
7.872414	2.01229097	2.01585529	2.01229097	2.02458193	
7.882515	2.01229097	2.01585529	2.01229097	2.02458193	
7.892697	2.01229097	2.01585529	2.01229097	2.02458193	
7.902831	2.01229097	2.01585529	2.01229097	2.02458193	
7.912966	2.01229097	2.01585529	2.01229097	2.02458193	
7.923086	2.01229097	2.01585529	2.01229097	2.02458193	
7.933205	2.01229097	2.01585529	2.01229097	2.02458193	
7.954226	2.01229097	2.01585529	2.01229097	2.02458193	
7.958507	2.01229097	2.01585529	2.01229097	2.02458193	
7.968712	2.01229097	2.01585529	2.01229097	2.02458193	
7.978823	2.01229097	2.01585529	2.01229097	2.02458193	
7.988917	2.01229097	2.01585529	2.01229097	2.02458193	
7.999106	2.01229097	2.01585529	2.01229097	2.02458193	
8.009178	2.01229097	2.01585529	2.01229097	2.02458193	
8.019356	2.01229097	2.01585529	2.01229097	2.02458193	
8.029508	2.01229097	2.01585529	2.01229097	2.02458193	
8.039629	2.01229097	2.01585529	2.01229097	2.02458193	
8.049973	2.01229097	2.01585529	2.01229097	2.02458193	
8.060076	2.01229097	2.01585529	2.01229097	2.02458193	
8.070166	2.01229097	2.01585529	2.01229097	2.02458193	
8.08035	2.01229097	2.01585529	2.01229097	2.02458193	
8.090419	2.01229097	2.01585529	2.01229097	2.02458193	
8.100554	2.01229097	2.01585529	2.01229097	2.02458193	
8.110733	2.01229097	2.01585529	2.01229097	2.02458193	
8.120852	2.01229097	2.01585529	2.01229097	2.02458193	
8.130998	2.01229097	2.01585529	2.01229097	2.02458193	
8.141099	2.01229097	2.01585529	2.01229097	2.02458193	
8.151334	2.01229097	2.01585529	2.01229097	2.02458193	
8.161803	2.01229097	2.01585529	2.01229097	2.02458193	
8.17152	2.01229097	2.01585529	2.01229097	2.02458193	
8.181716	2.01229097	2.01585529	2.01229097	2.02458193	
8.191843	2.01229097	2.01585529	2.01229097	2.02458193	
8.201941	2.01229097	2.01585529	2.01229097	2.02458193	
8.212097	2.01229097	2.01585529	2.01229097	2.02458193	
8.22224	2.01229097	2.01585529	2.01229097	2.02458193	
8.232378	2.01229097	2.01585529	2.01229097	2.02458193	
8.242495	2.01229097	2.01585529	2.01229097	2.02458193	
8.253008	2.01229097	2.01585529	2.01229097	2.02458193	
8.26284	2.01229097	2.01585529	2.01229097	2.02458193	
8.272945	2.01229097	2.01585529	2.01229097	2.02458193	
8.283061	2.01229097	2.01585529	2.01229097	2.02458193	
8.293211	2.01229097	2.01585529	2.01229097	2.02458193	
8.30334	2.01229097	2.01585529	2.01229097	2.02458193	
8.31349	2.01229097	2.01585529	2.01229097	2.02458193	
8.32356	2.01229097	2.01585529	2.01229097	2.02458193	
8.333738	2.01229097	2.01585529	2.01229097	2.02458193	
8.343878	2.01229097	2.01585529	2.01229097	2.02458193	
8.353964	2.01229097	2.01585529	2.01229097	2.02458193	
8.364154	2.01229097	2.01585529	2.01229097	2.02458193	
8.37428	2.01229097	2.01585529	2.01229097	2.02458193	
8.384443	2.01229097	2.01585529	2.01229097	2.02458193	
8.394559	2.01229097	2.01585529	2.01229097	2.02458193	
8.404719	2.01229097	2.01585529	2.01229097	2.02458193	
8.414802	2.01229097	2.01585529	2.01229097	2.02458193	
8.424981	2.01229097	2.01585529	2.01229097	2.02458193	
8.435085	2.01229097	2.01585529	2.01229097	2.02458193	
8.445205	2.01229097	2.01585529	2.01229097	2.02458193	
8.455365	2.01229097	2.01585529	2.01229097	2.02458193	
8.465929	2.01229097	2.01585529	2.01229097	2.02458193	
8.475703	2.01229097	2.01585529	2.01229097	2.02458193	
8.485829	2.01229097	2.01585529	2.01229097	2.02458193	
8.49593	2.01229097	2.01585529	2.01229097	2.02458193	
8.506052	2.01229097	2.01585529	2.01229097	2.02458193	
8.51613	2.01229097	2.01585529	2.01229097	2.02458193	
8.526323	2.01229097	2.01585529	2.01229097	2.02458193	
8.536439	2.01229097	2.01585529	2.01229097	2.02458193	
8.546607	2.01229097	2.01585529	2.01229097	2.02458193	
8.556711	2.01229097	2.01585529	2.01229097	2.02458193	
8.567084	2.01229097	2.01585529	2.01229097	2.02458193	
8.577203	2.01229097	2.01585529	2.01229097	2.02458193	
8.587061	2.01229097	2.01585529	2.01229097	2.02458193	
8.597189	2.01229097	2.01585529	2.01229097	2.02458193	
8.60738	2.01229097	2.01585529	2.01229097	2.02458193	
8.617421	2.01229097	2.01585529	2.01229097	2.02458193	
8.627564	2.01229097	2.01585529	2.01229097	2.02458193	
8.637695	2.01229097	2.01585529	2.01229097	2.02458193	
8.647842	2.01229097	2.01585529	2.01229097	2.02458193	
8.665792	2.01229097	2.01585529	2.01229097	2.02458193	
8.670061	2.01229097	2.01585529	2.01229097	2.02458193	
8.680227	2.01229097	2.01585529	2.01229097	2.02458193	
8.690367	2.01229097	2.01585529	2.01229097	2.02458193	
8.700493	2.01229097	2.01585529	2.01229097	2.02458193	
8.710624	2.01229097	2.01585529	2.01229097	2.02458193	
8.720782	2.01229097	2.01585529	2.01229097	2.02458193	
8.730942	2.01229097	2.01585529	2.01229097	2.02458193	
8.741081	2.01229097	2.01585529	2.01229097	2.02458193	
8.751292	2.01229097	2.01585529	2.01229097	2.02458193	
8.761362	2.01229097	2.01585529	2.01229097	2.02458193	
8.771447	2.01229097	2.01585529	2.01229097	2.02458193	
8.781643	2.01229097	2.01585529	2.01229097	2.02458193	
8.791822	2.01229097	2.01585529	2.01229097	2.02458193	
8.801923	2.01229097	2.01585529	2.01229097	2.02458193	
8.812074	2.01229097	2.01585529	2.01229097	2.02458193	
8.82219	2.01229097	2.01585529	2.01229097	2.02458193	
8.832359	2.01229097	2.01585529	2.01229097	2.02458193	
8.842473	2.01229097	2.01585529	2.01229097	2.02458193	
8.852612	2.01229097	2.01585529	2.01229097	2.02458193	
8.862762	2.01229097	2.01585529	2.01229097	2.02458193	
8.872871	2.01229097	2.01585529	2.01229097	2.02458193	
8.883076	2.01229097	2.01585529	2.01229097	2.02458193	
8.893226	2.01229097	2.01585529	2.01229097	2.02458193	
8.903421	2.01229097	2.01585529	2.01229097	2.02458193	
8.913475	2.01229097	2.01585529	2.01229097	2.02458193	
8.923605	2.01229097	2.01585529	2.01229097	2.02458193	
8.933724	2.01229097	2.01585529	2.01229097	2.02458193	
8.943906	2.01229097	2.01585529	2.01229097	2.02458193	
8.954025	2.01229097	2.01585529	2.01229097	2.02458193	
8.964142	2.01229097	2.01585529	2.01229097	2.02458193	
8.974311	2.01229097	2.01585529	2.01229097	2.02458193	
8.984439	2.01229097	2.01585529	2.01229097	2.02458193	
8.994615	2.01229097	2.01585529	2.01229097	2.02458193	
9.004775	2.01229097	2.01585529	2.01229097	2.02458193	
9.014869	2.01229097	2.01585529	2.01229097	2.02458193	
9.025115	2.01229097	2.01585529	2.01229097	2.02458193	
9.035151	2.01229097	2.01585529	2.01229097	2.02458193	
9.045238	2.01229097	2.01585529	2.01229097	2.02458193	
9.055607	2.01229097	2.01585529	2.01229097	2.02458193	
9.065704	2.01229097	2.01585529	2.01229097	2.02458193	
9.075802	2.01229097	2.01585529	2.01229097	2.02458193	
9.086009	2.01229097	2.01585529	2.01229097	2.02458193	
9.096048	2.01229097	2.01585529	2.01229097	2.02458193	
9.106357	2.01229097	2.01585529	2.01229097	2.02458193	
9.116373	2.01229097	2.01585529	2.01229097	2.02458193	
9.126475	2.01229097	2.01585529	2.01229097	2.02458193	
9.136646	2.01229097	2.01585529	2.01229097	2.02458193	
9.147478	2.01229097	2.01585529	2.01229097	2.02458193	
9.156923	2.01229097	2.01585529	2.01229097	2.02458193	
9.167003	2.01229097	2.01585529	2.01229097	2.02458193	
9.177106	2.01229097	2.01585529	2.01229097	2.02458193	
9.187273	2.01229097	2.01585529	2.01229097	2.02458193	
9.197445	2.01229097	2.01585529	2.01229097	2.02458193	
9.207607	2.01229097	2.01585529	2.01229097	2.02458193	
9.217668	2.01229097	2.01585529	2.01229097	2.02458193	
9.227799	2.01229097	2.01585529	2.01229097	2.02458193	
9.238016	2.01229097	2.01585529	2.01229097	2.02458193	
9.248505	2.01229097	2.01585529	2.01229097	2.02458193	
9.267453	2.01229097	2.01585529	2.01229097	2.02458193	
9.271746	2.01229097	2.01585529	2.01229097	2.02458193	
9.281861	2.01229097	2.01585529	2.01229097	2.02458193	
9.291962	2.01229097	2.01585529	2.01229097	2.02458193	
9.302164	2.01229097	2.01585529	2.01229097	2.02458193	
9.312306	2.01229097	2.01585529	2.01229097	2.02458193	
9.322399	2.01229097	2.01585529	2.01229097	2.02458193	
9.332553	2.01229097	2.01585529	2.01229097	2.02458193	
9.342742	2.01229097	2.01585529	2.01229097	2.02458193	
9.352875	2.01229097	2.01585529	2.01229097	2.02458193	
9.363031	2.01229097	2.01585529	2.01229097	2.02458193	
9.37312	2.01229097	2.01585529	2.01229097	2.02458193	
9.383369	2.01229097	2.01585529	2.01229097	2.02458193	
9.393415	2.01229097	2.01585529	2.01229097	2.02458193	
9.403513	2.01229097	2.01585529	2.01229097	2.02458193	
9.413785	2.01229097	2.01585529	2.01229097	2.02458193	
9.423851	2.01229097	2.01585529	2.01229097	2.02458193	
9.433937	2.01229097	2.01585529	2.01229097	2.02458193	
9.444062	2.01229097	2.01585529	2.01229097	2.02458193	
9.45419	2.01229097	2.01585529	2.01229097	2.02458193	
9.464361	2.01229097	2.01585529	2.01229097	2.02458193	
9.474506	2.01229097	2.01585529	2.01229097	2.02458193	
9.484638	2.01229097	2.01585529	2.01229097	2.02458193	
9.494799	2.01229097	2.01585529	2.01229097	2.02458193	
9.50496	2.01229097	2.01585529	2.01229097	2.02458193	
9.515098	2.01229097	2.01585529	2.01229097	2.02458193	
9.525257	2.01229097	2.01585529	2.01229097	2.02458193	
9.535492	2.01229097	2.01585529	2.01229097	2.02458193	
9.54552	2.01229097	2.01585529	2.01229097	2.02458193	
9.555638	2.01229097	2.01585529	2.01229097	2.02458193	
9.565905	2.01229097	2.01585529	2.01229097	2.02458193	
9.57587	2.01229097	2.01585529	2.01229097	2.02458193	
9.586042	2.01229097	2.01585529	2.01229097	2.02458193	
9.596152	2.01229097	2.01585529	2.01229097	2.02458193	
9.606322	2.01229097	2.01585529	2.01229097	2.02458193	
9.616374	2.01229097	2.01585529	2.01229097	2.02458193	
9.626622	2.01229097	2.01585529	2.01229097	2.02458193	
9.636694	2.01229097	2.01585529	2.01229097	2.02458193	
9.646819	2.01229097	2.01585529	2.01229097	2.02458193	
9.656971	2.01229097	2.01585529	2.01229097	2.02458193	
9.667314	2.01229097	2.01585529	2.01229097	2.02458193	
9.677227	2.01229097	2.01585529	2.01229097	2.02458193	
9.687434	2.01229097	2.01585529	2.01229097	2.02458193	
9.697482	2.01229097	2.01585529	2.01229097	2.02458193	
9.707594	2.01229097	2.01585529	2.01229097	2.02458193	
9.717733	2.01229097	2.01585529	2.01229097	2.02458193	
9.727957	2.01229097	2.01585529	2.01229097	2.02458193	
9.738053	2.01229097	2.01585529	2.01229097	2.02458193	
9.748136	2.01229097	2.01585529	2.01229097	2.02458193	
9.758294	2.01229097	2.01585529	2.01229097	2.02458193	
9.768339	2.01229097	2.01585529	2.01229097	2.02458193	
9.778502	2.01229097	2.01585529	2.01229097	2.02458193	
9.78863	2.01229097	2.01585529	2.01229097	2.02458193	
9.798762	2.01229097	2.01585529	2.01229097	2.02458193	
9.808939	2.01229097	2.01585529	2.01229097	2.02458193	
9.818996	2.01229097	2.01585529	2.01229097	2.02458193	
9.829168	2.01229097	2.01585529	2.01229097	2.02458193	
9.839429	2.01229097	2.01585529	2.01229097	2.02458193	
9.84948	2.01229097	2.01585529	2.01229097	2.02458193	
9.859587	2.01229097	2.01585529	2.01229097	2.02458193	
9.869663	2.01229097	2.01585529	2.01229097	2.02458193	
9.879985	2.01229097	2.01585529	2.01229097	2.02458193	
9.890116	2.01229097	2.01585529	2.01229097	2.02458193	
9.900256	2.01229097	2.01585529	2.01229097	2.02458193	
9.910395	2.01229097	2.01585529	2.01229097	2.02458193	
9.920499	2.01229097	2.01585529	2.01229097	2.02458193	
9.930627	2.01229097	2.01585529	2.01229097	2.02458193	
9.950376	2.01229097	2.01585529	2.01229097	2.02458193	
9.954658	2.01229097	2.01585529	2.01229097	2.02458193	
9.964812	2.01229097	2.01585529	2.01229097	2.02458193	
9.974904	2.01229097	2.01585529	2.01229097	2.02458193	
9.985062	2.01229097	2.01585529	2.01229097	2.02458193	
9.995169	2.01229097	2.01585529	2.01229097	2.02458193	
10.0053	2.01229097	2.01585529	2.01229097	2.02458193	
10.01552	2.01229097	2.01585529	2.01229097	2.02458193	
10.02568	2.01229097	2.01585529	2.01229097	2.02458193	
10.03574	2.01229097	2.01585529	2.01229097	2.02458193	
10.04589	2.01229097	2.01585529	2.01229097	2.02458193	
10.056	2.01229097	2.01585529	2.01229097	2.02458193	
10.06614	2.01229097	2.01585529	2.01229097	2.02458193	
10.0762	2.01229097	2.01585529	2.01229097	2.02458193	
10.08636	2.01229097	2.01585529	2.01229097	2.02458193	
10.09651	2.01229097	2.01585529	2.01229097	2.02458193	
10.10676	2.01229097	2.01585529	2.01229097	2.02458193	
10.11681	2.01229097	2.01585529	2.01229097	2.02458193	
10.12689	2.01229097	2.01585529	2.01229097	2.02458193	
10.13728	2.01229097	2.01585529	2.01229097	2.02458193	
10.15529	2.01229097	2.01585529	2.01229097	2.02458193	
10.15971	2.01229097	2.01585529	2.01229097	2.02458193	
10.16978	2.01229097	2.01585529	2.01229097	2.02458193	
10.18002	2.01229097	2.01585529	2.01229097	2.02458193	
10.19012	2.01229097	2.01585529	2.01229097	2.02458193	
10.20024	2.01229097	2.01585529	2.01229097	2.02458193	
10.21035	2.01229097	2.01585529	2.01229097	2.02458193	
10.2205	2.01229097	2.01585529	2.01229097	2.02458193	
10.2306	2.01229097	2.01585529	2.01229097	2.02458193	
10.2408	2.01229097	2.01585529	2.01229097	2.02458193	
10.25093	2.01229097	2.01585529	2.01229097	2.02458193	
10.27007	2.01229097	2.01585529	2.01229097	2.02458193	
10.27437	2.01229097	2.01585529	2.01229097	2.02458193	
10.2845	2.01229097	2.01585529	2.01229097	2.02458193	
10.2946	2.01229097	2.01585529	2.01229097	2.02458193	
10.30483	2.01229097	2.01585529	2.01229097	2.02458193	
10.31491	2.01229097	2.01585529	2.01229097	2.02458193	
10.32503	2.01229097	2.01585529	2.01229097	2.02458193	
10.33519	2.01229097	2.01585529	2.01229097	2.02458193	
10.34526	2.01229097	2.01585529	2.01229097	2.02458193	
10.35549	2.01229097	2.01585529	2.01229097	2.02458193	
10.36559	2.01229097	2.01585529	2.01229097	2.02458193	
10.3757	2.01229097	2.01585529	2.01229097	2.02458193	
10.38586	2.01229097	2.01585529	2.01229097	2.02458193	
10.39598	2.01229097	2.01585529	2.01229097	2.02458193	
10.40616	2.01229097	2.01585529	2.01229097	2.02458193	
10.41624	2.01229097	2.01585529	2.01229097	2.02458193	
10.42637	2.01229097	2.01585529	2.01229097	2.02458193	
10.43646	2.01229097	2.01585529	2.01229097	2.02458193	
10.44668	2.01229097	2.01585529	2.01229097	2.02458193	
10.45684	2.01229097	2.01585529	2.01229097	2.02458193	
10.4671	2.01229097	2.01585529	2.01229097	2.02458193	
10.47708	2.01229097	2.01585529	2.01229097	2.02458193	
10.48717	2.01229097	2.01585529	2.01229097	2.02458193	
10.49727	2.01229097	2.01585529	2.01229097	2.02458193	
10.50743	2.01229097	2.01585529	2.01229097	2.02458193	
10.51755	2.01229097	2.01585529	2.01229097	2.02458193	
10.52777	2.01229097	2.01585529	2.01229097	2.02458193	
10.53783	2.01229097	2.01585529	2.01229097	2.02458193	
10.55594	2.01229097	2.01585529	2.01229097	2.02458193	
10.56028	2.01229097	2.01585529	2.01229097	2.02458193	
10.57037	2.01229097	2.01585529	2.01229097	2.02458193	
10.58052	2.01229097	2.01585529	2.01229097	2.02458193	
10.59068	2.01229097	2.01585529	2.01229097	2.02458193	
10.60081	2.01229097	2.01585529	2.01229097	2.02458193	
10.61096	2.01229097	2.01585529	2.01229097	2.02458193	
10.6211	2.01229097	2.01585529	2.01229097	2.02458193	
10.63122	2.01229097	2.01585529	2.01229097	2.02458193	
10.64136	2.01229097	2.01585529	2.01229097	2.02458193	
10.65146	2.01229097	2.01585529	2.01229097	2.02458193	
10.66163	2.01229097	2.01585529	2.01229097	2.02458193	
10.67185	2.01229097	2.01585529	2.01229097	2.02458193	
10.68191	2.01229097	2.01585529	2.01229097	2.02458193	
10.69206	2.01229097	2.01585529	2.01229097	2.02458193	
10.7022	2.01229097	2.01585529	2.01229097	2.02458193	
10.71236	2.01229097	2.01585529	2.01229097	2.02458193	
10.72247	2.01229097	2.01585529	2.01229097	2.02458193	
10.73261	2.01229097	2.01585529	2.01229097	2.02458193	
10.74275	2.01229097	2.01585529	2.01229097	2.02458193	
10.75293	2.01229097	2.01585529	2.01229097	2.02458193	
10.76304	2.01229097	2.01585529	2.01229097	2.02458193	
10.77318	2.01229097	2.01585529	2.01229097	2.02458193	
10.78334	2.01229097	2.01585529	2.01229097	2.02458193	
10.79344	2.01229097	2.01585529	2.01229097	2.02458193	
10.80357	2.01229097	2.01585529	2.01229097	2.02458193	
10.81369	2.01229097	2.01585529	2.01229097	2.02458193	
10.82385	2.01229097	2.01585529	2.01229097	2.02458193	
10.83397	2.01229097	2.01585529	2.01229097	2.02458193	
10.8441	2.01229097	2.01585529	2.01229097	2.02458193	
10.85428	2.01229097	2.01585529	2.01229097	2.02458193	
10.86435	2.01229097	2.01585529	2.01229097	2.02458193	
10.87477	2.01229097	2.01585529	2.01229097	2.02458193	
10.88467	2.01229097	2.01585529	2.01229097	2.02458193	
10.89478	2.01229097	2.01585529	2.01229097	2.02458193	
10.905	2.01229097	2.01585529	2.01229097	2.02458193	
10.91502	2.01229097	2.01585529	2.01229097	2.02458193	
10.92521	2.01229097	2.01585529	2.01229097	2.02458193	
10.93534	2.01229097	2.01585529	2.01229097	2.02458193	
10.94549	2.01229097	2.01585529	2.01229097	2.02458193	
10.9556	2.01229097	2.01585529	2.01229097	2.02458193	
10.96583	2.01229097	2.01585529	2.01229097	2.02458193	
10.9759	2.01229097	2.01585529	2.01229097	2.02458193	
10.98603	2.01229097	2.01585529	2.01229097	2.02458193	
10.99614	2.01229097	2.01585529	2.01229097	2.02458193	
11.00631	2.01229097	2.01585529	2.01229097	2.02458193	
11.0164	2.01229097	2.01585529	2.01229097	2.02458193	
11.0266	2.01229097	2.01585529	2.01229097	2.02458193	
11.03668	2.01229097	2.01585529	2.01229097	2.02458193	
11.0468	2.01229097	2.01585529	2.01229097	2.02458193	
11.05698	2.01229097	2.01585529	2.01229097	2.02458193	
11.06701	2.01229097	2.01585529	2.01229097	2.02458193	
11.07727	2.01229097	2.01585529	2.01229097	2.02458193	
11.08734	2.01229097	2.01585529	2.01229097	2.02458193	
11.09743	2.01229097	2.01585529	2.01229097	2.02458193	
11.10755	2.01229097	2.01585529	2.01229097	2.02458193	
11.11768	2.01229097	2.01585529	2.01229097	2.02458193	
11.12781	2.01229097	2.01585529	2.01229097	2.02458193	
11.1458	2.01229097	2.01585529	2.01229097	2.02458193	
11.15012	2.01229097	2.01585529	2.01229097	2.02458193	
11.16023	2.01229097	2.01585529	2.01229097	2.02458193	
11.17033	2.01229097	2.01585529	2.01229097	2.02458193	
11.18052	2.01229097	2.01585529	2.01229097	2.02458193	
11.19087	2.01229097	2.01585529	2.01229097	2.02458193	
11.20105	2.01229097	2.01585529	2.01229097	2.02458193	
11.21112	2.01229097	2.01585529	2.01229097	2.02458193	
11.22126	2.01229097	2.01585529	2.01229097	2.02458193	
11.23141	2.01229097	2.01585529	2.01229097	2.02458193	
11.24155	2.01229097	2.01585529	2.01229097	2.02458193	
11.25168	2.01229097	2.01585529	2.01229097	2.02458193	
11.27092	2.01229097	2.01585529	2.01229097	2.02458193	
11.27523	2.01229097	2.01585529	2.01229097	2.02458193	
11.28537	2.01229097	2.01585529	2.01229097	2.02458193	
11.29566	2.01229097	2.01585529	2.01229097	2.02458193	
11.30569	2.01229097	2.01585529	2.01229097	2.02458193	
11.31582	2.01229097	2.01585529	2.01229097	2.02458193	
11.32589	2.01229097	2.01585529	2.01229097	2.02458193	
11.33604	2.01229097	2.01585529	2.01229097	2.02458193	
11.34621	2.01229097	2.01585529	2.01229097	2.02458193	
11.35628	2.01229097	2.01585529	2.01229097	2.02458193	
11.36648	2.01229097	2.01585529	2.01229097	2.02458193	
11.37665	2.01229097	2.01585529	2.01229097	2.02458193	
11.38705	2.01229097	2.01585529	2.01229097	2.02458193	
11.39683	2.01229097	2.01585529	2.01229097	2.02458193	
11.40694	2.01229097	2.01585529	2.01229097	2.02458193	
11.41713	2.01229097	2.01585529	2.01229097	2.02458193	
11.42726	2.01229097	2.01585529	2.01229097	2.02458193	
11.43737	2.01229097	2.01585529	2.01229097	2.02458193	
11.44752	2.01229097	2.01585529	2.01229097	2.02458193	
11.45763	2.01229097	2.01585529	2.01229097	2.02458193	
11.46794	2.01229097	2.01585529	2.01229097	2.02458193	
11.47797	2.01229097	2.01585529	2.01229097	2.02458193	
11.48808	2.01229097	2.01585529	2.01229097	2.02458193	
11.49816	2.01229097	2.01585529	2.01229097	2.02458193	
11.51989	2.01229097	2.01585529	2.01229097	2.02458193	
