8.541449	
8.548692	
8.558767	
8.56893	
8.579044	
8.589269	
8.599471	
8.609485	
8.619664	
8.629762	
8.63997	
8.650077	
8.660218	
8.670372	
8.680504	
8.692802	
8.700744	
8.710863	
8.720988	
8.731199	
8.741332	
8.751546	
8.761626	
8.771724	
8.781908	
8.792044	
8.802168	
8.812271	
8.822409	
8.832561	
8.842703	
8.852877	
8.862992	
8.873111	
8.883231	
8.893343	
8.903565	
8.913661	
8.923791	
8.933916	
8.944043	
8.954217	
8.964373	
8.974486	
8.984623	
8.994876	
9.004926	
9.014976	
9.025152	
9.035276	
9.045367	
9.055603	
9.065669	
9.075822	
9.085947	
9.096061	
9.10618	
9.116318	
9.126455	
9.136566	
9.146705	
9.156847	
9.167117	
9.185037	
9.189267	
9.199399	
9.209505	
9.219639	
9.229803	
9.239966	
9.250047	
9.260247	
9.270417	
9.280524	
9.290659	
9.300797	
9.310911	
9.32105	
9.331217	
9.34134	
9.351562	
9.361694	
9.371905	
9.382021	
9.392181	
9.402261	
9.422724	
9.426961	
9.437165	
9.447291	
9.457352	
9.46785	
9.477632	
9.487789	
9.497869	
9.507997	
9.518129	
9.528292	
9.538404	
9.548589	
9.558723	
9.568804	
9.578946	
9.589134	
9.599264	
9.609357	
9.619493	
9.629668	
9.640071	
9.649993	
9.660078	
9.670248	
9.680402	
9.690558	
9.700685	
9.710782	
9.720943	
9.731087	
9.741205	
9.751358	
9.761484	
9.771574	
9.781794	
9.792044	
9.802058	
9.812132	
9.822317	
9.832457	
9.842572	
9.85271	
9.862817	
9.873051	
9.883122	
9.893244	
9.903491	
9.913545	
9.923679	
9.933823	
9.943917	
9.954108	
9.964233	
9.974374	
9.984506	
9.994584	
10.00482	
10.01489	
10.02515	
10.03535	
10.04533	
10.06343	
10.06762	
10.0778	
10.0879	
10.09822	
10.1082	
10.11835	
10.12846	
10.13865	
10.14877	
10.15891	
10.16912	
10.17923	
10.18937	
10.19958	
10.20968	-0.00780746514	-0.00872664626	0.000919181124	0	
10.22004	-0.00621232117	-0.00872664626	0.00251432509	0	
10.23001	-0.00409470884	-0.00872664626	0.00463193742	0	
10.24011	-0.00133262224	-0.00872664626	0.00739402402	0	
10.2503	0.00207844506	-0.00872664626	0.0108050913	0	
10.26044	0.00608767905	-0.00872664626	0.0148143253	0	
10.27058	0.0107210119	0	0.0194476582	0.00872664626	
10.28073	0.0159712624	0	0.0246979087	0.00872664626	
10.29082	0.021797256	0	0.0305239022	0.00872664626	
10.30104	0.0283364557	0	0.037063102	0.00872664626	
10.31145	0.0356524574	0	0.0443791036	0.00872664626	
10.32128	0.0431122596	0	0.0518389059	0.00872664626	
10.3315	0.0515112215	0	0.0602378677	0.00872664626	
10.34179	0.0606105639	0	0.0693372102	0.00872664626	
10.35193	0.0701898858	0	0.078916532	0.00872664626	
10.36207	0.0803830787	0	0.089109725	0.00872664626	
10.3722	0.0911838087	0	0.099910455	0.00872664626	
10.38237	0.102651537	0	0.111378183	0.00872664626	
10.39248	0.114663445	0	0.123390091	0.00872664626	
10.40258	0.127262203	0	0.13598885	0.00872664626	
10.41277	0.140619238	0	0.149345884	0.0174532925	
10.42296	0.154587104	0	0.16331375	0.0174532925	
10.43315	0.169173293	0.00872664626	0.177899939	0.0261799388	
10.44329	0.184318633	0.0174532925	0.193045279	0.034906585	
10.4534	0.200012549	0.0261799388	0.208739196	0.0436332313	
10.46362	0.216515182	0.034906585	0.225241828	0.0523598776	
10.47368	0.233354642	0.034906585	0.242081288	0.0698131701	
10.48383	0.250979712	0.0436332313	0.259706358	0.0785398163	
10.49396	0.269191185	0.0610865238	0.277917831	0.0959931089	
10.50408	0.287984014	0.0698131701	0.29671066	0.113446401	
10.51434	0.307698695	0.0785398163	0.316425342	0.122173048	
10.52456	0.327917814	0.0872664626	0.33664446	0.13962634	
10.5347	0.348617228	0.104719755	0.357343874	0.157079633	
10.54481	0.369861312	0.122173048	0.378587958	0.174532925	
10.55508	0.392262002	0.13962634	0.400988648	0.191986218	
10.56511	0.414381151	0.148352986	0.423107797	0.20943951	
10.57517	0.437360122	0.174532925	0.446086769	0.226892803	
10.58533	0.461170623	0.191986218	0.469897269	0.244346095	
10.59547	0.48556978	0.20943951	0.494296426	0.261799388	
10.60554	0.508660655	0.235619449	0.517387302	0.287979327	
10.61626	0.532569499	0.253072742	0.541296145	0.305432619	
10.62614	0.554066661	0.27925268	0.562793307	0.331612558	
10.63604	0.57505283	0.305432619	0.583779476	0.34906585	
10.64618	0.595998106	0.331612558	0.604724752	0.375245789	
10.65654	0.616804299	0.357792497	0.625530946	0.392699082	
10.6664	0.63606369	0.383972435	0.644790336	0.41887902	
10.67657	0.655356655	0.410152374	0.664083302	0.445058959	
10.68667	0.6739495	0.436332313	0.682676147	0.462512252	
10.69908	0.695891874	0.462512252	0.70461852	0.488692191	
10.70694	0.709521391	0.488692191	0.718248037	0.514872129	
10.72513	0.738836912	0.523598776	0.747563558	0.541052068	
10.72956	0.745963701	0.558505361	0.754690347	0.575958653	
10.73974	0.761742113	0.584685299	0.770468759	0.602138592	
10.74982	0.776829313	0.610865238	0.785555959	0.628318531	
10.76005	0.791569375	0.637045177	0.800296021	0.654498469	
10.77013	0.805536505	0.663225116	0.814263152	0.680678408	
10.78028	0.819066062	0.689405055	0.827792708	0.706858347	
10.79046	0.832068108	0.715584993	0.840794755	0.733038286	
10.80053	0.84439731	0.733038286	0.853123956	0.759218225	
10.81163	0.857310842	0.767944871	0.866037488	0.776671517	
10.82086	0.867620509	0.785398163	0.876347155	0.802851456	
10.83099	0.878380795	0.802851456	0.887107441	0.820304748	
10.84125	0.888726953	0.820304748	0.8974536	0.837758041	
10.85128	0.898327227	0.837758041	0.907053873	0.855211333	
10.86148	0.90754592	0.855211333	0.916272567	0.872664626	
10.87168	0.916219361	0.872664626	0.924946007	0.890117919	
10.88175	0.924272613	0.890117919	0.932999259	0.907571211	
10.89189	0.9318605	0.898844565	0.940587146	0.916297857	
10.90198	0.938901734	0.907571211	0.947628381	0.93375115	
10.91292	0.945924537	0.925024504	0.954651184	0.942477796	
10.92237	0.951579896	0.925024504	0.960306542	0.951204442	
10.93248	0.957116692	0.93375115	0.965843339	0.968657735	
10.94266	0.962203836	0.942477796	0.970930483	0.977384381	
10.95275	0.966767807	0.942477796	0.975494453	0.977384381	
10.96293	0.970897118	0.942477796	0.979623764	0.986111027	
10.97306	0.974556364	0.951204442	0.98328301	0.994837674	
10.98323	0.977765482	0.951204442	0.986492128	0.994837674	
10.99335	0.980539939	0.951204442	0.989266585	0.994837674	
11.00345	0.982903495	0.951204442	0.991630141	0.994837674	
11.01428	0.984981289	0.951204442	0.993707936	0.994837674	
11.02397	0.98653423	0.951204442	0.995260876	0.994837674	
11.03416	0.991273354	0.951204442	1	0.994837674	
11.04423	0.991273354	0.951204442	1	0.994837674	
11.05434	0.991273354	0.951204442	1	0.994837674	
11.0645	0.991273354	0.951204442	1	0.994837674	
11.07459	0.991273354	0.951204442	1	0.994837674	
11.08476	0.991273354	0.951204442	1	0.994837674	
11.0949	0.991273354	0.951204442	1	0.994837674	
11.10518	0.991273354	0.951204442	1	0.994837674	
11.11566	0.991273354	0.951204442	1	0.994837674	
11.12535	0.991273354	0.951204442	1	0.994837674	
11.13547	0.991273354	0.951204442	1	0.994837674	
11.14561	0.991273354	0.951204442	1	0.994837674	
11.15584	0.991273354	0.951204442	1	0.994837674	
11.16631	0.991273354	0.951204442	1	0.994837674	
11.17607	0.991273354	0.951204442	1	0.994837674	
11.18614	0.991273354	0.951204442	1	0.994837674	
11.19627	0.991273354	0.951204442	1	0.994837674	
11.20641	0.991273354	0.951204442	1	0.994837674	
11.21695	0.991273354	0.951204442	1	0.994837674	
11.22673	0.991273354	0.951204442	1	0.994837674	
11.23685	0.991273354	0.951204442	1	0.994837674	
11.247	0.991273354	0.951204442	1	0.994837674	
11.25731	0.991273354	0.951204442	1	0.994837674	
11.26779	0.991273354	0.951204442	1	0.994837674	
11.2775	0.991273354	0.951204442	1	0.994837674	
11.28766	0.991273354	0.951204442	1	0.994837674	
11.29772	0.991273354	0.951204442	1	0.994837674	
11.30783	0.991273354	0.951204442	1	0.994837674	
11.31828	0.991273354	0.951204442	1	0.994837674	
11.32821	0.991273354	0.951204442	1	0.994837674	
11.33828	0.991273354	0.951204442	1	0.994837674	
11.34843	0.991273354	0.951204442	1	0.994837674	
11.35872	0.991273354	0.951204442	1	0.994837674	
11.37713	0.991273354	0.951204442	1	0.994837674	
11.38147	0.991273354	0.951204442	1	0.994837674	
11.40209	0.991273354	0.951204442	1	0.994837674	
11.40649	0.991273354	0.951204442	1	0.994837674	
11.41661	0.991273354	0.951204442	1	0.994837674	
11.42684	0.991273354	0.951204442	1	0.994837674	
11.43692	0.991273354	0.951204442	1	0.994837674	
11.44713	0.991273354	0.951204442	1	0.994837674	
11.45748	0.991273354	0.951204442	1	0.994837674	
11.46778	0.991273354	0.951204442	1	0.994837674	
11.47754	0.991273354	0.951204442	1	0.994837674	
11.48777	0.991273354	0.951204442	1	0.994837674	
11.4978	0.991273354	0.951204442	1	0.994837674	
11.50789	0.991273354	0.951204442	1	0.994837674	
11.51805	0.991273354	0.951204442	1	0.994837674	
11.52847	0.991273354	0.951204442	1	0.994837674	
11.53837	0.991273354	0.951204442	1	0.994837674	
11.54849	0.991273354	0.951204442	1	0.994837674	
11.56663	0.991273354	0.951204442	1	0.994837674	
11.57095	0.991273354	0.951204442	1	0.994837674	
11.58119	0.991273354	0.951204442	1	0.994837674	
11.5913	0.991273354	0.951204442	1	0.994837674	
11.60142	0.991273354	0.951204442	1	0.994837674	
11.61153	0.991273354	0.951204442	1	0.994837674	
11.6224	0.991273354	0.951204442	1	0.994837674	
11.63219	0.991273354	0.951204442	1	0.994837674	
11.64205	0.991273354	0.951204442	1	0.994837674	
11.65218	0.991273354	0.951204442	1	0.994837674	
11.66231	0.991273354	0.951204442	1	0.994837674	
11.67249	0.991273354	0.951204442	1	0.994837674	
11.6826	0.991273354	0.951204442	1	0.994837674	
11.69274	0.991273354	0.951204442	1	0.994837674	
11.70324	0.991273354	0.951204442	1	0.994837674	
11.71339	0.991273354	0.951204442	1	0.994837674	
11.72478	0.991273354	0.951204442	1	0.994837674	
11.73366	0.991273354	0.951204442	1	0.994837674	
11.74391	0.991273354	0.951204442	1	0.994837674	
11.75397	0.991273354	0.951204442	1	0.994837674	
11.76406	0.991273354	0.951204442	1	0.994837674	
11.77428	0.991273354	0.951204442	1	0.994837674	
11.78441	0.991273354	0.951204442	1	0.994837674	
11.79451	0.991273354	0.951204442	1	0.994837674	
11.80471	0.991273354	0.951204442	1	0.994837674	
11.8151	0.991273354	0.951204442	1	0.994837674	
11.82623	0.991273354	0.951204442	1	0.994837674	
11.83511	0.991273354	0.951204442	1	0.994837674	
11.84526	0.991273354	0.951204442	1	0.994837674	
11.85538	0.991273354	0.951204442	1	0.994837674	
11.86547	0.991273354	0.951204442	1	0.994837674	
11.87564	0.991273354	0.951204442	1	0.994837674	
11.88586	0.991273354	0.951204442	1	0.994837674	
11.89602	0.991273354	0.951204442	1	0.994837674	
11.90605	0.991273354	0.951204442	1	0.994837674	
11.92433	0.991273354	0.951204442	1	0.994837674	
11.9292	0.991273354	0.951204442	1	0.994837674	
11.93898	0.991273354	0.951204442	1	0.994837674	
11.94908	0.991273354	0.951204442	1	0.994837674	
11.95924	0.991273354	0.951204442	1	0.994837674	
11.96937	0.991273354	0.951204442	1	0.994837674	
11.97956	0.991273354	0.951204442	1	0.994837674	
11.98975	0.991273354	0.951204442	1	0.994837674	
11.99993	0.991273354	0.951204442	1	0.994837674	
12.00997	0.991273354	0.951204442	1	0.994837674	
12.0201	0.991273354	0.951204442	1	0.994837674	
12.03959	0.991273354	0.951204442	1	0.994837674	
12.044	0.991273354	0.951204442	1	0.994837674	
12.05414	0.991273354	0.951204442	1	0.994837674	
12.0643	0.991273354	0.951204442	1	0.994837674	
12.07438	0.991273354	0.951204442	1	0.994837674	
12.08459	0.991273354	0.951204442	1	0.994837674	
12.09475	0.991273354	0.951204442	1	0.994837674	
12.10482	0.991273354	0.951204442	1	0.994837674	
12.11498	0.991273354	0.951204442	1	0.994837674	
12.12518	0.991273354	0.951204442	1	0.994837674	
12.13533	0.991273354	0.951204442	1	0.994837674	
12.14547	0.991273354	0.951204442	1	0.994837674	
12.15561	0.991273354	0.951204442	1	0.994837674	
12.16572	0.991273354	0.951204442	1	0.994837674	
12.1763	0.991273354	0.951204442	1	0.994837674	
12.18601	0.991273354	0.951204442	1	0.994837674	
12.19619	0.991273354	0.951204442	1	0.994837674	
12.2063	0.991273354	0.951204442	1	0.994837674	
12.21639	0.991273354	0.951204442	1	0.994837674	
12.22657	0.991273354	0.951204442	1	0.994837674	
12.23677	0.991273354	0.951204442	1	0.994837674	
12.24688	0.991273354	0.951204442	1	0.994837674	
12.25699	0.991273354	0.951204442	1	0.994837674	
12.26719	0.991273354	0.951204442	1	0.994837674	
12.27776	0.991273354	0.951204442	1	0.994837674	
12.28742	0.991273354	0.951204442	1	0.994837674	
12.29757	0.991273354	0.951204442	1	0.994837674	
12.30767	0.991273354	0.951204442	1	0.994837674	
12.31776	0.991273354	0.951204442	1	0.994837674	
12.32809	0.991273354	0.951204442	1	0.994837674	
12.33813	0.991273354	0.951204442	1	0.994837674	
12.35015	0.991273354	0.951204442	1	0.994837674	
12.36023	0.991273354	0.951204442	1	0.994837674	
12.37034	0.991273354	0.951204442	1	0.994837674	
12.38048	0.991273354	0.951204442	1	0.994837674	
12.39067	0.991273354	0.951204442	1	0.994837674	
12.40082	0.991273354	0.951204442	1	0.994837674	
12.41092	0.991273354	0.951204442	1	0.994837674	
12.42102	0.991273354	0.951204442	1	0.994837674	
12.43119	0.991273354	0.951204442	1	0.994837674	
12.44149	0.991273354	0.951204442	1	0.994837674	
12.45159	0.991273354	0.951204442	1	0.994837674	
12.46175	0.991273354	0.951204442	1	0.994837674	
12.47191	0.991273354	0.951204442	1	0.994837674	
12.48207	0.991273354	0.951204442	1	0.994837674	
12.49218	0.991273354	0.951204442	1	0.994837674	
12.50234	0.991273354	0.951204442	1	0.994837674	
12.5125	0.991273354	0.951204442	1	0.994837674	
12.5226	0.991273354	0.951204442	1	0.994837674	
12.534	0.991273354	0.951204442	1	0.994837674	
12.54296	0.991273354	0.951204442	1	0.994837674	
12.55307	0.991273354	0.951204442	1	0.994837674	
12.56323	0.991273354	0.951204442	1	0.994837674	
12.57333	0.991273354	0.951204442	1	0.994837674	
12.58356	0.991273354	0.951204442	1	0.994837674	
12.59368	0.991273354	0.951204442	1	0.994837674	
12.60383	0.991273354	0.951204442	1	0.994837674	
12.61395	0.991273354	0.951204442	1	0.994837674	
12.62411	0.991273354	0.951204442	1	0.994837674	
12.63543	0.991273354	0.951204442	1	0.994837674	
12.64446	0.991273354	0.951204442	1	0.994837674	
12.65458	0.991273354	0.951204442	1	0.994837674	
12.66471	0.991273354	0.951204442	1	0.994837674	
12.67482	0.991273354	0.951204442	1	0.994837674	
12.68517	0.991273354	0.951204442	1	0.994837674	
12.69512	0.991273354	0.951204442	1	0.994837674	
12.70602	0.991273354	0.951204442	1	0.994837674	
12.71634	0.991273354	0.951204442	1	0.994837674	
12.72615	0.991273354	0.951204442	1	0.994837674	
12.73671	0.991273354	0.951204442	1	0.994837674	
12.74652	0.991273354	0.951204442	1	0.994837674	
12.75664	0.991273354	0.951204442	1	0.994837674	
12.76679	0.991273354	0.951204442	1	0.994837674	
12.77688	0.991273354	0.951204442	1	0.994837674	
12.78703	0.991273354	0.951204442	1	0.994837674	
12.79722	0.991273354	0.951204442	1	0.994837674	
12.80728	0.991273354	0.951204442	1	0.994837674	
12.81756	0.991273354	0.951204442	1	0.994837674	
12.82756	0.991273354	0.951204442	1	0.994837674	
12.83929	0.991273354	0.951204442	1	0.994837674	
12.85586	0.991273354	0.951204442	1	0.994837674	
12.86025	0.991273354	0.951204442	1	0.994837674	
12.87044	0.991273354	0.951204442	1	0.994837674	
12.8805	0.991273354	0.951204442	1	0.994837674	
12.89071	0.991273354	0.951204442	1	0.994837674	
12.90083	0.991273354	0.951204442	1	0.994837674	
12.91098	0.991273354	0.951204442	1	0.994837674	
12.92112	0.991273354	0.951204442	1	0.994837674	
12.93123	0.991273354	0.951204442	1	0.994837674	
12.94238	0.991273354	0.951204442	1	0.994837674	
12.95159	0.991273354	0.951204442	1	0.994837674	
12.96171	0.991273354	0.951204442	1	0.994837674	
12.97184	0.991273354	0.951204442	1	0.994837674	
12.98194	0.991273354	0.951204442	1	0.994837674	
12.99218	0.991273354	0.951204442	1	0.994837674	
13.00227	0.991273354	0.951204442	1	0.994837674	
13.01237	0.991273354	0.951204442	1	0.994837674	
13.02277	0.991273354	0.951204442	1	0.994837674	
13.03272	0.991273354	0.951204442	1	0.994837674	
13.0438	0.991273354	0.951204442	1	0.994837674	
13.053	0.991273354	0.951204442	1	0.994837674	
13.06317	0.991273354	0.951204442	1	0.994837674	
13.07333	0.991273354	0.951204442	1	0.994837674	
13.0834	0.991273354	0.951204442	1	0.994837674	
13.09358	0.991273354	0.951204442	1	0.994837674	
13.10369	0.991273354	0.951204442	1	0.994837674	
13.11386	0.991273354	0.951204442	1	0.994837674	
13.124	0.991273354	0.951204442	1	0.994837674	
13.13439	0.991273354	0.951204442	1	0.994837674	
13.14523	0.991273354	0.951204442	1	0.994837674	
13.15444	0.991273354	0.951204442	1	0.994837674	
13.16456	0.991273354	0.951204442	1	0.994837674	
13.17474	0.991273354	0.951204442	1	0.994837674	
13.18506	0.991273354	0.951204442	1	0.994837674	
13.19499	0.991273354	0.951204442	1	0.994837674	
13.20512	0.991273354	0.951204442	1	0.994837674	
13.21521	0.991273354	0.951204442	1	0.994837674	
13.23333	0.991273354	0.951204442	1	0.994837674	
13.23821	0.991273354	0.951204442	1	0.994837674	
13.24825	0.991273354	0.951204442	1	0.994837674	
13.258	0.991273354	0.951204442	1	0.994837674	
13.26814	0.991273354	0.951204442	1	0.994837674	
13.27823	0.991273354	0.951204442	1	0.994837674	
13.28843	0.991273354	0.951204442	1	0.994837674	
13.29859	0.991273354	0.951204442	1	0.994837674	
13.30872	0.991273354	0.951204442	1	0.994837674	
13.31882	0.991273354	0.951204442	1	0.994837674	
13.3289	0.991273354	0.951204442	1	0.994837674	
13.33925	0.991273354	0.951204442	1	0.994837674	
13.34964	0.991273354	0.951204442	1	0.994837674	
13.3596	0.991273354	0.951204442	1	0.994837674	
13.36969	0.991273354	0.951204442	1	0.994837674	
13.37995	0.991273354	0.951204442	1	0.994837674	
13.4023	0.991273354	0.951204442	1	0.994837674	
13.40676	0.991273354	0.951204442	1	0.994837674	
13.41688	0.991273354	0.951204442	1	0.994837674	
13.42701	0.991273354	0.951204442	1	0.994837674	
13.44614	0.991273354	0.951204442	1	0.994837674	
13.45094	0.991273354	0.951204442	1	0.994837674	
13.46073	0.991273354	0.951204442	1	0.994837674	
13.47087	0.991273354	0.951204442	1	0.994837674	
13.48144	0.991273354	0.951204442	1	0.994837674	
13.4911	0.991273354	0.951204442	1	0.994837674	
13.50129	0.991273354	0.951204442	1	0.994837674	
13.51143	0.991273354	0.951204442	1	0.994837674	
13.52155	0.991273354	0.951204442	1	0.994837674	
13.53176	0.991273354	0.951204442	1	0.994837674	
13.54186	0.991273354	0.951204442	1	0.994837674	
13.55249	0.991273354	0.951204442	1	0.994837674	
13.56221	0.991273354	0.951204442	1	0.994837674	
13.5723	0.991273354	0.951204442	1	0.994837674	
13.58253	0.991273354	0.951204442	1	0.994837674	
13.59262	0.991273354	0.951204442	1	0.994837674	
13.6028	0.991273354	0.951204442	1	0.994837674	
13.61287	0.991273354	0.951204442	1	0.994837674	
13.62309	0.991273354	0.951204442	1	0.994837674	
13.6332	0.991273354	0.951204442	1	0.994837674	
13.64331	0.991273354	0.951204442	1	0.994837674	
13.65374	0.991273354	0.951204442	1	0.994837674	
13.66367	0.991273354	0.951204442	1	0.994837674	
13.6738	0.991273354	0.951204442	1	0.994837674	
13.68392	0.991273354	0.951204442	1	0.994837674	
13.69403	0.991273354	0.951204442	1	0.994837674	
13.70643	0.991273354	0.951204442	1	0.994837674	
13.71428	0.991273354	0.951204442	1	0.994837674	
13.72441	0.991273354	0.951204442	1	0.994837674	
13.73457	0.991273354	0.951204442	1	0.994837674	
13.74487	0.991273354	0.951204442	1	0.994837674	
13.75512	0.991273354	0.951204442	1	0.994837674	
13.76505	0.991273354	0.951204442	1	0.994837674	
13.77519	0.991273354	0.951204442	1	0.994837674	
13.78535	0.991273354	0.951204442	1	0.994837674	
13.7954	0.991273354	0.951204442	1	0.994837674	
13.80559	0.991273354	0.951204442	1	0.994837674	
13.81567	0.991273354	0.951204442	1	0.994837674	
13.82586	0.991273354	0.951204442	1	0.994837674	
13.83602	0.991273354	0.951204442	1	0.994837674	
13.84636	0.991273354	0.951204442	1	0.994837674	
13.85639	0.991273354	0.951204442	1	0.994837674	
13.87458	0.991273354	0.951204442	1	0.994837674	
13.87904	0.991273354	0.951204442	1	0.994837674	
13.88915	0.991273354	0.951204442	1	0.994837674	
13.89933	0.991273354	0.951204442	1	0.994837674	
13.90948	0.991273354	0.951204442	1	0.994837674	
13.91961	0.991273354	0.951204442	1	0.994837674	
13.92975	0.991273354	0.951204442	1	0.994837674	
13.93986	0.991273354	0.951204442	1	0.994837674	
13.95003	0.991273354	0.951204442	1	0.994837674	
13.9603	0.991273354	0.951204442	1	0.994837674	
13.97038	0.991273354	0.951204442	1	0.994837674	
13.98051	0.991273354	0.951204442	1	0.994837674	
13.99062	0.991273354	0.951204442	1	0.994837674	
14.0008	0.991273354	0.951204442	1	0.994837674	
14.0109	0.991273354	0.951204442	1	0.994837674	
14.02103	0.991273354	0.951204442	1	0.994837674	
14.03125	0.991273354	0.951204442	1	0.994837674	
14.04136	0.991273354	0.951204442	1	0.994837674	
14.05147	0.991273354	0.951204442	1	0.994837674	
14.06171	0.991273354	0.951204442	1	0.994837674	
14.07182	0.991273354	0.951204442	1	0.994837674	
14.082	0.991273354	0.951204442	1	0.994837674	
14.09207	0.991273354	0.951204442	1	0.994837674	
14.1023	0.991273354	0.951204442	1	0.994837674	
14.11243	0.991273354	0.951204442	1	0.994837674	
14.12254	0.991273354	0.951204442	1	0.994837674	
14.13268	0.991273354	0.951204442	1	0.994837674	
14.14281	0.991273354	0.951204442	1	0.994837674	
14.15296	0.991273354	0.951204442	1	0.994837674	
14.16316	0.991273354	0.951204442	1	0.994837674	
14.17332	0.991273354	0.951204442	1	0.994837674	
14.18344	0.991273354	0.951204442	1	0.994837674	
14.19364	0.991273354	0.951204442	1	0.994837674	
14.20371	0.991273354	0.951204442	1	0.994837674	
14.21385	0.991273354	0.951204442	1	0.994837674	
14.22411	0.991273354	0.951204442	1	0.994837674	
14.23416	0.991273354	0.951204442	1	0.994837674	
14.2443	0.991273354	0.951204442	1	0.994837674	
14.25437	0.991273354	0.951204442	1	0.994837674	
14.26472	0.991273354	0.951204442	1	0.994837674	
14.27476	0.991273354	0.951204442	1	0.994837674	
14.28492	0.991273354	0.951204442	1	0.994837674	
14.29506	0.991273354	0.951204442	1	0.994837674	
14.3052	0.991273354	0.951204442	1	0.994837674	
14.31533	0.991273354	0.951204442	1	0.994837674	
14.3254	0.991273354	0.951204442	1	0.994837674	
14.33559	0.991273354	0.951204442	1	0.994837674	
14.34571	0.991273354	0.951204442	1	0.994837674	
14.35629	0.991273354	0.951204442	1	0.994837674	
14.36616	0.991273354	0.951204442	1	0.994837674	
14.37632	0.991273354	0.951204442	1	0.994837674	
14.38638	0.991273354	0.951204442	1	0.994837674	
14.39651	0.991273354	0.951204442	1	0.994837674	
14.40667	0.991273354	0.951204442	1	0.994837674	
14.41679	0.991273354	0.951204442	1	0.994837674	
14.42694	0.991273354	0.951204442	1	0.994837674	
14.43712	0.991273354	0.951204442	1	0.994837674	
14.44722	0.991273354	0.951204442	1	0.994837674	
14.45776	0.991273354	0.951204442	1	0.994837674	
14.46762	0.991273354	0.951204442	1	0.994837674	
14.47768	0.991273354	0.951204442	1	0.994837674	
14.48777	0.991273354	0.951204442	1	0.994837674	
14.4979	0.991273354	0.951204442	1	0.994837674	
14.50808	0.991273354	0.951204442	1	0.994837674	
14.51817	0.991273354	0.951204442	1	0.994837674	
14.52854	0.991273354	0.951204442	1	0.994837674	
14.54648	0.991273354	0.951204442	1	0.994837674	
14.55085	0.991273354	0.951204442	1	0.994837674	
14.56178	0.991273354	0.951204442	1	0.994837674	
14.57111	0.991273354	0.951204442	1	0.994837674	
14.58128	0.991273354	0.951204442	1	0.994837674	
14.59146	0.991273354	0.951204442	1	0.994837674	
14.60164	0.991273354	0.951204442	1	0.994837674	
14.61193	0.991273354	0.951204442	1	0.994837674	
14.62192	0.991273354	0.951204442	1	0.994837674	
14.63214	0.991273354	0.951204442	1	0.994837674	
14.64223	0.991273354	0.951204442	1	0.994837674	
14.65231	0.991273354	0.951204442	1	0.994837674	
14.66318	0.991273354	0.951204442	1	0.994837674	
14.67298	0.991273354	0.951204442	1	0.994837674	
14.68309	0.991273354	0.951204442	1	0.994837674	
14.69323	0.991273354	0.951204442	1	0.994837674	
14.7038	0.991273354	0.951204442	1	0.994837674	
14.71364	0.991273354	0.951204442	1	0.994837674	
14.72372	0.991273354	0.951204442	1	0.994837674	
14.73383	0.991273354	0.951204442	1	0.994837674	
14.744	0.991273354	0.951204442	1	0.994837674	
14.75408	0.991273354	0.951204442	1	0.994837674	
14.76453	0.991273354	0.951204442	1	0.994837674	
14.77444	0.991273354	0.951204442	1	0.994837674	
14.78455	0.991273354	0.951204442	1	0.994837674	
14.7947	0.991273354	0.951204442	1	0.994837674	
14.80506	0.991273354	0.951204442	1	0.994837674	
14.81497	0.991273354	0.951204442	1	0.994837674	
14.82506	0.991273354	0.951204442	1	0.994837674	
14.83522	0.991273354	0.951204442	1	0.994837674	
14.84537	0.991273354	0.951204442	1	0.994837674	
14.85546	0.991273354	0.951204442	1	0.994837674	
14.87492	0.991273354	0.951204442	1	0.994837674	
14.87934	0.991273354	0.951204442	1	0.994837674	
14.88955	0.991273354	0.951204442	1	0.994837674	
14.89958	0.991273354	0.951204442	1	0.994837674	
14.91014	0.991273354	0.951204442	1	0.994837674	
14.91989	0.991273354	0.951204442	1	0.994837674	
14.93004	0.991273354	0.951204442	1	0.994837674	
14.94019	0.991273354	0.951204442	1	0.994837674	
14.95029	0.991273354	0.951204442	1	0.994837674	
14.96051	0.991273354	0.951204442	1	0.994837674	
14.97083	0.991273354	0.951204442	1	0.994837674	
14.98084	0.991273354	0.951204442	1	0.994837674	
14.991	0.991273354	0.951204442	1	0.994837674	
15.00112	0.991273354	0.951204442	1	0.994837674	
15.01121	0.991273354	0.951204442	1	0.994837674	
15.02139	0.991273354	0.951204442	1	0.994837674	
15.03157	0.991273354	0.951204442	1	0.994837674	
15.04174	0.991273354	0.951204442	1	0.994837674	
15.05182	0.991273354	0.951204442	1	0.994837674	
15.06194	0.991273354	0.951204442	1	0.994837674	
15.07224	0.991273354	0.951204442	1	0.994837674	
15.08228	0.991273354	0.951204442	1	0.994837674	
15.09241	0.991273354	0.951204442	1	0.994837674	
15.10252	0.991273354	0.951204442	1	0.994837674	
15.11265	0.991273354	0.951204442	1	0.994837674	
15.12287	0.991273354	0.951204442	1	0.994837674	
15.13297	0.991273354	0.951204442	1	0.994837674	
15.14314	0.991273354	0.951204442	1	0.994837674	
15.15325	0.991273354	0.951204442	1	0.994837674	
15.16337	0.991273354	0.951204442	1	0.994837674	
15.17364	0.991273354	0.951204442	1	0.994837674	
15.18375	0.991273354	0.951204442	1	0.994837674	
15.19388	0.991273354	0.951204442	1	0.994837674	
15.20402	0.991273354	0.951204442	1	0.994837674	
15.21413	0.991273354	0.951204442	1	0.994837674	
15.22459	0.991273354	0.951204442	1	0.994837674	
15.2347	0.991273354	0.951204442	1	0.994837674	
15.24482	0.991273354	0.951204442	1	0.994837674	
15.25497	0.991273354	0.951204442	1	0.994837674	
15.26517	0.991273354	0.951204442	1	0.994837674	
15.28343	0.991273354	0.951204442	1	0.994837674	
15.28782	0.991273354	0.951204442	1	0.994837674	
15.29794	0.991273354	0.951204442	1	0.994837674	
15.30806	0.991273354	0.951204442	1	0.994837674	
15.31818	0.991273354	0.951204442	1	0.994837674	
15.32843	0.991273354	0.951204442	1	0.994837674	
15.33863	0.991273354	0.951204442	1	0.994837674	
15.34869	0.991273354	0.951204442	1	0.994837674	
15.35877	0.991273354	0.951204442	1	0.994837674	
15.36923	0.991273354	0.951204442	1	0.994837674	
15.37941	0.991273354	0.951204442	1	0.994837674	
15.39943	0.991273354	0.951204442	1	0.994837674	
15.40381	0.991273354	0.951204442	1	0.994837674	
15.41394	0.991273354	0.951204442	1	0.994837674	
15.42422	0.991273354	0.951204442	1	0.994837674	
15.43424	0.991273354	0.951204442	1	0.994837674	
15.44439	0.991273354	0.951204442	1	0.994837674	
15.45461	0.991273354	0.951204442	1	0.994837674	
15.46505	0.991273354	0.951204442	1	0.994837674	
15.48418	0.991273354	0.951204442	1	0.994837674	
15.4887	0.991273354	0.951204442	1	0.994837674	
15.49877	0.991273354	0.951204442	1	0.994837674	
15.50887	0.991273354	0.951204442	1	0.994837674	
15.51923	0.991273354	0.951204442	1	0.994837674	
15.53778	0.991273354	0.951204442	1	0.994837674	
15.54218	0.991273354	0.951204442	1	0.994837674	
15.55236	0.991273354	0.951204442	1	0.994837674	
15.56244	0.991273354	0.951204442	1	0.994837674	
15.57341	0.991273354	0.951204442	1	0.994837674	
15.58287	0.991273354	0.951204442	1	0.994837674	
15.59292	0.991273354	0.951204442	1	0.994837674	
15.60304	0.991273354	0.951204442	1	0.994837674	
15.61316	0.991273354	0.951204442	1	0.994837674	
15.62337	0.991273354	0.951204442	1	0.994837674	
15.6335	0.991273354	0.951204442	1	0.994837674	
15.64364	0.991273354	0.951204442	1	0.994837674	
15.65379	0.991273354	0.951204442	1	0.994837674	
15.66387	0.991273354	0.951204442	1	0.994837674	
15.67478	0.991273354	0.951204442	1	0.994837674	
15.68426	0.991273354	0.951204442	1	0.994837674	
15.69435	0.991273354	0.951204442	1	0.994837674	
15.70448	0.991273354	0.951204442	1	0.994837674	
15.71489	0.991273354	0.951204442	1	0.994837674	
15.72477	0.991273354	0.951204442	1	0.994837674	
15.73489	0.991273354	0.951204442	1	0.994837674	
15.74522	0.991273354	0.951204442	1	0.994837674	
15.7552	0.991273354	0.951204442	1	0.994837674	
15.76529	0.991273354	0.951204442	1	0.994837674	
15.7761	0.991273354	0.951204442	1	0.994837674	
15.78573	0.991273354	0.951204442	1	0.994837674	
15.79582	0.991273354	0.951204442	1	0.994837674	
15.80592	0.991273354	0.951204442	1	0.994837674	
15.81611	0.991273354	0.951204442	1	0.994837674	
15.82651	0.991273354	0.951204442	1	0.994837674	
15.83629	0.991273354	0.951204442	1	0.994837674	
15.84644	0.991273354	0.951204442	1	0.994837674	
15.85664	0.991273354	0.951204442	1	0.994837674	
15.8667	0.991273354	0.951204442	1	0.994837674	
15.8774	0.991273354	0.951204442	1	0.994837674	
15.88716	0.991273354	0.951204442	1	0.994837674	
15.90506	0.991273354	0.951204442	1	0.994837674	
15.90943	0.991273354	0.951204442	1	0.994837674	
15.91954	0.991273354	0.951204442	1	0.994837674	
15.92978	0.991273354	0.951204442	1	0.994837674	
15.9399	0.991273354	0.951204442	1	0.994837674	
15.95002	0.991273354	0.951204442	1	0.994837674	
15.96031	0.991273354	0.951204442	1	0.994837674	
15.97031	0.991273354	0.951204442	1	0.994837674	
15.98159	0.991273354	0.951204442	1	0.994837674	
15.99066	0.991273354	0.951204442	1	0.994837674	
16.00078	0.991273354	0.951204442	1	0.994837674	
16.01089	0.991273354	0.951204442	1	0.994837674	
16.021	0.991273354	0.951204442	1	0.994837674	
16.03124	0.991273354	0.951204442	1	0.994837674	
16.0415	0.991273354	0.951204442	1	0.994837674	
16.05159	0.991273354	0.951204442	1	0.994837674	
16.06182	0.991273354	0.951204442	1	0.994837674	
16.07188	0.991273354	0.951204442	1	0.994837674	
16.08334	0.991273354	0.951204442	1	0.994837674	
16.0922	0.991273354	0.951204442	1	0.994837674	
16.1023	0.991273354	0.951204442	1	0.994837674	
16.11253	0.991273354	0.951204442	1	0.994837674	
16.12257	0.991273354	0.951204442	1	0.994837674	
16.13277	0.991273354	0.951204442	1	0.994837674	
16.14294	0.991273354	0.951204442	1	0.994837674	
16.15303	0.991273354	0.951204442	1	0.994837674	
16.16345	0.991273354	0.951204442	1	0.994837674	
16.17328	0.991273354	0.951204442	1	0.994837674	
16.18475	0.991273354	0.951204442	1	0.994837674	
16.1937	0.991273354	0.951204442	1	0.994837674	
16.20375	0.991273354	0.951204442	1	0.994837674	
16.21385	0.991273354	0.951204442	1	0.994837674	
16.22399	0.991273354	0.951204442	1	0.994837674	
16.23416	0.991273354	0.951204442	1	0.994837674	
16.24429	0.991273354	0.951204442	1	0.994837674	
16.25442	0.991273354	0.951204442	1	0.994837674	
16.26461	0.991273354	0.951204442	1	0.994837674	
16.27502	0.991273354	0.951204442	1	0.994837674	
16.28588	0.991273354	0.951204442	1	0.994837674	
16.2952	0.991273354	0.951204442	1	0.994837674	
16.30527	0.991273354	0.951204442	1	0.994837674	
16.31539	0.991273354	0.951204442	1	0.994837674	
16.3255	0.991273354	0.951204442	1	0.994837674	
16.33569	0.991273354	0.951204442	1	0.994837674	
16.34589	0.991273354	0.951204442	1	0.994837674	
16.35603	0.991273354	0.951204442	1	0.994837674	
16.3661	0.991273354	0.951204442	1	0.994837674	
16.37651	0.991273354	0.951204442	1	0.994837674	
16.3875	0.991273354	0.951204442	1	0.994837674	
16.39654	0.991273354	0.951204442	1	0.994837674	
16.40663	0.991273354	0.951204442	1	0.994837674	
16.41678	0.991273354	0.951204442	1	0.994837674	
16.42691	0.991273354	0.951204442	1	0.994837674	
16.43706	0.991273354	0.951204442	1	0.994837674	
16.45509	0.991273354	0.951204442	1	0.994837674	
16.45947	0.991273354	0.951204442	1	0.994837674	
16.46954	0.991273354	0.951204442	1	0.994837674	
16.47979	0.991273354	0.951204442	1	0.994837674	
16.49816	0.991273354	0.951204442	1	0.994837674	
16.50257	0.991273354	0.951204442	1	0.994837674	
16.51272	0.991273354	0.951204442	1	0.994837674	
16.52285	0.991273354	0.951204442	1	0.994837674	
16.53296	0.991273354	0.951204442	1	0.994837674	
16.54318	0.991273354	0.951204442	1	0.994837674	
16.55329	0.991273354	0.951204442	1	0.994837674	
16.56344	0.991273354	0.951204442	1	0.994837674	
16.57353	0.991273354	0.951204442	1	0.994837674	
16.58369	0.991273354	0.951204442	1	0.994837674	
16.59397	0.991273354	0.951204442	1	0.994837674	
16.60407	0.991273354	0.951204442	1	0.994837674	
16.61418	0.991273354	0.951204442	1	0.994837674	
16.62445	0.991273354	0.951204442	1	0.994837674	
16.63444	0.991273354	0.951204442	1	0.994837674	
16.64471	0.991273354	0.951204442	1	0.994837674	
16.65478	0.991273354	0.951204442	1	0.994837674	
16.66491	0.991273354	0.951204442	1	0.994837674	
16.67504	0.991273354	0.951204442	1	0.994837674	
16.68535	0.991273354	0.951204442	1	0.994837674	
16.69566	0.991273354	0.951204442	1	0.994837674	
16.70549	0.991273354	0.951204442	1	0.994837674	
16.71564	0.991273354	0.951204442	1	0.994837674	
16.72591	0.991273354	0.951204442	1	0.994837674	
16.73633	0.991273354	0.951204442	1	0.994837674	
16.7462	0.991273354	0.951204442	1	0.994837674	
16.75631	0.991273354	0.951204442	1	0.994837674	
16.76645	0.991273354	0.951204442	1	0.994837674	
16.77658	0.991273354	0.951204442	1	0.994837674	
16.7867	0.991273354	0.951204442	1	0.994837674	
16.79695	0.991273354	0.951204442	1	0.994837674	
16.80707	0.991273354	0.951204442	1	0.994837674	
16.82506	0.991273354	0.951204442	1	0.994837674	
16.8294	0.991273354	0.951204442	1	0.994837674	
16.8396	0.991273354	0.951204442	1	0.994837674	
16.8576	0.991273354	0.951204442	1	0.994837674	
16.86197	0.991273354	0.951204442	1	0.994837674	
16.8721	0.991273354	0.951204442	1	0.994837674	
16.8822	0.991273354	0.951204442	1	0.994837674	
16.89359	0.991273354	0.951204442	1	0.994837674	
16.90281	0.991273354	0.951204442	1	0.994837674	
16.91296	0.991273354	0.951204442	1	0.994837674	
16.92309	0.991273354	0.951204442	1	0.994837674	
16.93319	0.991273354	0.951204442	1	0.994837674	
16.94339	0.991273354	0.951204442	1	0.994837674	
16.95352	0.991273354	0.951204442	1	0.994837674	
16.96365	0.991273354	0.951204442	1	0.994837674	
16.97381	0.991273354	0.951204442	1	0.994837674	
16.9839	0.991273354	0.951204442	1	0.994837674	
16.99501	0.991273354	0.951204442	1	0.994837674	
17.00425	0.991273354	0.951204442	1	0.994837674	
17.01433	0.991273354	0.951204442	1	0.994837674	
17.02456	0.991273354	0.951204442	1	0.994837674	
17.03461	0.991273354	0.951204442	1	0.994837674	
17.04484	0.991273354	0.951204442	1	0.994837674	
17.05498	0.991273354	0.951204442	1	0.994837674	
17.06508	0.991273354	0.951204442	1	0.994837674	
17.07516	0.991273354	0.951204442	1	0.994837674	
17.08529	0.991273354	0.951204442	1	0.994837674	
17.09676	0.991273354	0.951204442	1	0.994837674	
17.1056	0.991273354	0.951204442	1	0.994837674	
17.11581	0.991273354	0.951204442	1	0.994837674	
17.12591	0.991273354	0.951204442	1	0.994837674	
17.13639	0.991273354	0.951204442	1	0.994837674	
17.14616	0.991273354	0.951204442	1	0.994837674	
17.15628	0.991273354	0.951204442	1	0.994837674	
17.16642	0.991273354	0.951204442	1	0.994837674	
17.17658	0.991273354	0.951204442	1	0.994837674	
17.18667	0.991273354	0.951204442	1	0.994837674	
17.19821	0.991273354	0.951204442	1	0.994837674	
17.20703	0.991273354	0.951204442	1	0.994837674	
17.2251	0.991273354	0.951204442	1	0.994837674	
17.22944	0.991273354	0.951204442	1	0.994837674	
17.23964	0.991273354	0.951204442	1	0.994837674	
17.24983	0.991273354	0.951204442	1	0.994837674	
17.25993	0.991273354	0.951204442	1	0.994837674	
17.27007	0.991273354	0.951204442	1	0.994837674	
17.28022	0.991273354	0.951204442	1	0.994837674	
17.29037	0.991273354	0.951204442	1	0.994837674	
17.30879	0.991273354	0.951204442	1	0.994837674	
17.31356	0.991273354	0.951204442	1	0.994837674	
17.32332	0.991273354	0.951204442	1	0.994837674	
17.33347	0.991273354	0.951204442	1	0.994837674	
17.34359	0.991273354	0.951204442	1	0.994837674	
17.36162	0.991273354	0.951204442	1	0.994837674	
17.36607	0.991273354	0.951204442	1	0.994837674	
17.37612	0.991273354	0.951204442	1	0.994837674	
17.38809	0.991273354	0.951204442	1	0.994837674	
17.39762	0.991273354	0.951204442	1	0.994837674	
17.40661	0.991273354	0.951204442	1	0.994837674	
17.41679	0.991273354	0.951204442	1	0.994837674	
17.42689	0.991273354	0.951204442	1	0.994837674	
17.43698	0.991273354	0.951204442	1	0.994837674	
17.45549	0.991273354	0.951204442	1	0.994837674	
17.45987	0.991273354	0.951204442	1	0.994837674	
17.47	0.991273354	0.951204442	1	0.994837674	
17.4802	0.991273354	0.951204442	1	0.994837674	
17.49028	0.991273354	0.951204442	1	0.994837674	
17.50175	0.991273354	0.951204442	1	0.994837674	
17.51064	0.991273354	0.951204442	1	0.994837674	
17.52108	0.991273354	0.951204442	1	0.994837674	
17.53105	0.991273354	0.951204442	1	0.994837674	
17.541	0.991273354	0.951204442	1	0.994837674	
17.55122	0.991273354	0.951204442	1	0.994837674	
17.56136	0.991273354	0.951204442	1	0.994837674	
17.57143	0.991273354	0.951204442	1	0.994837674	
17.58163	0.991273354	0.951204442	1	0.994837674	
17.59173	0.991273354	0.951204442	1	0.994837674	
17.60339	0.991273354	0.951204442	1	0.994837674	
17.61204	0.991273354	0.951204442	1	0.994837674	
17.62221	0.991273354	0.951204442	1	0.994837674	
17.63249	0.991273354	0.951204442	1	0.994837674	
17.64248	0.991273354	0.951204442	1	0.994837674	
17.65265	0.991273354	0.951204442	1	0.994837674	
17.66279	0.991273354	0.951204442	1	0.994837674	
17.67296	0.991273354	0.951204442	1	0.994837674	
17.68307	0.991273354	0.951204442	1	0.994837674	
17.69317	0.991273354	0.951204442	1	0.994837674	
17.70482	0.991273354	0.951204442	1	0.994837674	
17.7236	0.991273354	0.951204442	1	0.994837674	
17.72798	0.991273354	0.951204442	1	0.994837674	
17.73811	0.991273354	0.951204442	1	0.994837674	
17.74827	0.991273354	0.951204442	1	0.994837674	
17.7584	0.991273354	0.951204442	1	0.994837674	
17.76859	0.991273354	0.951204442	1	0.994837674	
17.78651	0.991273354	0.951204442	1	0.994837674	
17.79082	0.991273354	0.951204442	1	0.994837674	
17.80104	0.991273354	0.951204442	1	0.994837674	
17.81117	0.991273354	0.951204442	1	0.994837674	
17.82127	0.991273354	0.951204442	1	0.994837674	
17.83167	0.991273354	0.951204442	1	0.994837674	
17.8416	0.991273354	0.951204442	1	0.994837674	
17.85177	0.991273354	0.951204442	1	0.994837674	
17.86193	0.991273354	0.951204442	1	0.994837674	
17.87208	0.991273354	0.951204442	1	0.994837674	
17.88219	0.991273354	0.951204442	1	0.994837674	
17.89229	0.991273354	0.951204442	1	0.994837674	
17.90247	0.991273354	0.951204442	1	0.994837674	
17.91275	0.991273354	0.951204442	1	0.994837674	
17.92281	0.991273354	0.951204442	1	0.994837674	
17.93906	0.991273354	0.951204442	1	0.994837674	
17.94959	0.991273354	0.951204442	1	0.994837674	
