2.837607	
2.845395	
2.855277	
2.865428	
2.875588	
2.885705	
2.895866	
2.905984	
2.91621	
2.926309	
2.936463	
2.946636	
2.956735	
2.966937	
2.977111	
2.987251	
2.997359	
3.007533	
3.017654	
3.0278	
3.037984	
3.048101	
3.058302	
3.068436	
3.078677	
3.088807	
3.099033	
3.109238	
3.119387	
3.129441	
3.139578	
3.149733	
3.159823	
3.170343	
3.180143	
3.190309	
3.200446	
3.210599	
3.220727	
3.230895	
3.241042	
3.251205	
3.26131	
3.271496	
3.281996	
3.291811	
3.301905	
3.312054	
3.322608	
3.332482	
3.342533	
3.352637	
3.362961	
3.372968	
3.38347	
3.393534	
3.403638	
3.413806	
3.424044	
3.434168	
3.444351	
3.454413	
3.46461	
3.474815	
3.484908	
3.495112	
3.505184	
3.515394	
3.525523	
3.535667	
3.545838	
3.555984	
3.56614	
3.576324	
3.586452	
3.59657	
3.60688	
3.616921	
3.627104	
3.63718	
3.647359	
3.670746	-139.919246	-139.914319	-139.866886	-139.86196	
3.675627	-139.920145	-139.914319	-139.867785	-139.86196	
3.685445	-139.922675	-139.914319	-139.870315	-139.86196	
3.695573	-139.925913	-139.914319	-139.873553	-139.870686	
3.705835	-139.92983	-139.914319	-139.87747	-139.870686	
3.715952	-139.934299	-139.914319	-139.881939	-139.870686	
3.726098	-139.939402	-139.923046	-139.887042	-139.870686	
3.736246	-139.945122	-139.923046	-139.892762	-139.870686	
3.746377	-139.951449	-139.923046	-139.899089	-139.870686	
3.756587	-139.958453	-139.923046	-139.906093	-139.870686	
3.766714	-139.966012	-139.923046	-139.913652	-139.879413	
3.777015	-139.974354	-139.923046	-139.921994	-139.879413	
3.788475	-139.984447	-139.923046	-139.932087	-139.879413	
3.797206	-139.992519	-139.923046	-139.940159	-139.879413	
3.807713	-140.002965	-139.923046	-139.950605	-139.88814	
3.817591	-140.013344	-139.923046	-139.960984	-139.88814	
3.827711	-140.024601	-139.923046	-139.972241	-139.88814	
3.837857	-140.036503	-139.923046	-139.984144	-139.896866	
3.847966	-140.04898	-139.923046	-139.99662	-139.896866	
3.858283	-140.062363	-139.923046	-140.010003	-139.905593	
3.868478	-140.076192	-139.923046	-140.023832	-139.905593	
3.879004	-140.091171	-139.931773	-140.038811	-139.914319	
3.888799	-140.105636	-139.940499	-140.053276	-139.914319	
3.899278	-140.121927	-139.940499	-140.069567	-139.923046	
3.90947	-140.138157	-139.949226	-140.085797	-139.931773	
3.919267	-140.154411	-139.966679	-140.102051	-139.940499	
3.929403	-140.171879	-139.975406	-140.119519	-139.949226	
3.939555	-140.189985	-139.992859	-140.137625	-139.957953	
3.949702	-140.208695	-140.010313	-140.156335	-139.966679	
3.959792	-140.227931	-140.027766	-140.175571	-139.984133	
3.970033	-140.248065	-140.045219	-140.195705	-139.992859	
3.980232	-140.268757	-140.062672	-140.216397	-140.010313	
3.990323	-140.289813	-140.080126	-140.237453	-140.027766	
4.000418	-140.311579	-140.106306	-140.25922	-140.045219	
4.010784	-140.334436	-140.123759	-140.282076	-140.062672	
4.020748	-140.357043	-140.149939	-140.304683	-140.088852	
4.030883	-140.380677	-140.176119	-140.328318	-140.115032	
4.041036	-140.404964	-140.202299	-140.352604	-140.141212	
4.051205	-140.429914	-140.228479	-140.377554	-140.167392	
4.061331	-140.45538	-140.254659	-140.40302	-140.202299	
4.07151	-140.481588	-140.289565	-140.429228	-140.237205	
4.081935	-140.509132	-140.324472	-140.456772	-140.272112	
4.091818	-140.535758	-140.359378	-140.483399	-140.307019	
4.101909	-140.563568	-140.394285	-140.511208	-140.341925	
4.112226	-140.592678	-140.429192	-140.540318	-140.385558	
4.122386	-140.621942	-140.464098	-140.569582	-140.420465	
4.132574	-140.651911	-140.499005	-140.599551	-140.464098	
4.143364	-140.684396	-140.542638	-140.632036	-140.499005	
4.160813	-140.739062	-140.612451	-140.686703	-140.577545	
4.165322	-140.753108	-140.629904	-140.700748	-140.594998	
4.176738	-140.789799	-140.673538	-140.737439	-140.638631	
4.185705	-140.818978	-140.708444	-140.766618	-140.673538	
4.195845	-140.852663	-140.760804	-140.800303	-140.717171	
4.205946	-140.88682	-140.804437	-140.83446	-140.760804	
4.216119	-140.921832	-140.848071	-140.869472	-140.804437	
4.226321	-140.957612	-140.891704	-140.905252	-140.848071	
4.236521	-140.993956	-140.935337	-140.941596	-140.882977	
4.246583	-141.030439	-140.97897	-140.978079	-140.92661	
4.256705	-141.067753	-141.022604	-141.015394	-140.970244	
4.266937	-141.106108	-141.066237	-141.053749	-141.013877	
4.278241	-141.149308	-141.10987	-141.096948	-141.05751	
4.287585	-141.185452	-141.16223	-141.133092	-141.092417	
4.297408	-141.224034	-141.197136	-141.171675	-141.13605	
4.307557	-141.264541	-141.24077	-141.212182	-141.179683	
4.31764	-141.305389	-141.284403	-141.253029	-141.223316	
4.327875	-141.347535	-141.328036	-141.295175	-141.26695	
4.33802	-141.389847	-141.371669	-141.337487	-141.310583	
4.34816	-141.432787	-141.415303	-141.380427	-141.354216	
4.358307	-141.476384	-141.458936	-141.424024	-141.389123	
4.368441	-141.520537	-141.502569	-141.468177	-141.441483	
4.379833	-141.57106	-141.546202	-141.5187	-141.476389	
4.389038	-141.612232	-141.589836	-141.559872	-141.528749	
4.399018	-141.657531	-141.633469	-141.605171	-141.563656	
4.409038	-141.70362	-141.677102	-141.65126	-141.616016	
4.419386	-141.751894	-141.720735	-141.699534	-141.659649	
4.429395	-141.799135	-141.764368	-141.746775	-141.703282	
4.439573	-141.847834	-141.808002	-141.795474	-141.755642	
4.449727	-141.897027	-141.860362	-141.844667	-141.799275	
4.459846	-141.946668	-141.903995	-141.894308	-141.842908	
4.469958	-141.996879	-141.947628	-141.944519	-141.895268	
4.481407	-142.054607	-141.999988	-142.002247	-141.947628	
4.490328	-142.099941	-142.052348	-142.047581	-141.991261	
4.500524	-142.152426	-142.104708	-142.100066	-142.052348	
4.510586	-142.204839	-142.148341	-142.152479	-142.095981	
4.520703	-142.258159	-142.200701	-142.2058	-142.157068	
4.530925	-142.31268	-142.253061	-142.26032	-142.209427	
4.541057	-142.367312	-142.314147	-142.314952	-142.261787	
4.551181	-142.422505	-142.35778	-142.370145	-142.314147	
4.561389	-142.478811	-142.418867	-142.426451	-142.375234	
4.571526	-142.535329	-142.471227	-142.482969	-142.427594	
4.582909	-142.599654	-142.523587	-142.547294	-142.48868	
4.592014	-142.651486	-142.584673	-142.599126	-142.549767	
4.601942	-142.708627	-142.64576	-142.656267	-142.602127	
4.612133	-142.767931	-142.69812	-142.715571	-142.663213	
4.622217	-142.827207	-142.767933	-142.774847	-142.7243	
4.632453	-142.888039	-142.820293	-142.83568	-142.785386	
4.642785	-142.950074	-142.881379	-142.897714	-142.846473	
4.652705	-143.010195	-142.942466	-142.957836	-142.907559	
4.662925	-143.072783	-143.003552	-143.020423	-142.977372	
4.673227	-143.136531	-143.064639	-143.084171	-143.047185	
4.684411	-143.206529	-143.125725	-143.154169	-143.108272	
4.693714	-143.265162	-143.186812	-143.212802	-143.178085	
4.703675	-143.32856	-143.256625	-143.2762	-143.239172	
4.713827	-143.393836	-143.326438	-143.341476	-143.308985	
4.724008	-143.459928	-143.387525	-143.407568	-143.378798	
4.734123	-143.526184	-143.448611	-143.473824	-143.448611	
4.744321	-143.593617	-143.518424	-143.541257	-143.518424	
4.754511	-143.661633	-143.588238	-143.609273	-143.588238	
4.764683	-143.730102	-143.658051	-143.677742	-143.658051	
4.77483	-143.799074	-143.727864	-143.746714	-143.727864	
4.785942	-143.875405	-143.797677	-143.823045	-143.797677	
4.795437	-143.941054	-143.86749	-143.888694	-143.86749	
4.805318	-144.009983	-143.937303	-143.957623	-143.937303	
4.815462	-144.081359	-144.007117	-144.028999	-144.007117	
4.8257	-144.15407	-144.085656	-144.101711	-144.07693	
4.835763	-144.226135	-144.164196	-144.173775	-144.146743	
4.845953	-144.299728	-144.234009	-144.247368	-144.225283	
4.856257	-144.374815	-144.303823	-144.322455	-144.295096	
4.866309	-144.448606	-144.382362	-144.396246	-144.373636	
4.884346	-144.583451	-144.521989	-144.531091	-144.495809	
4.890284	-144.627893	-144.556895	-144.575533	-144.548169	
4.899286	-144.696289	-144.635435	-144.643929	-144.609255	
4.909525	-144.773624	-144.713975	-144.721264	-144.687795	
4.919345	-144.848766	-144.792515	-144.796407	-144.766335	
4.929485	-144.927087	-144.871055	-144.874727	-144.844875	
4.939657	-145.0063	-144.958321	-144.95394	-144.923414	
4.949722	-145.085262	-145.036861	-145.032902	-145.001954	
4.959958	-145.166167	-145.124127	-145.113807	-145.089221	
4.970093	-145.246935	-145.202667	-145.194575	-145.159034	
4.980278	-145.328709	-145.281207	-145.276349	-145.2463	
4.991782	-145.421928	-145.368473	-145.369568	-145.333567	
5.000828	-145.495585	-145.45574	-145.443226	-145.412107	
5.010715	-145.576739	-145.53428	-145.524379	-145.490646	
5.020825	-145.660352	-145.621546	-145.607992	-145.577913	
5.030984	-145.74499	-145.700086	-145.69263	-145.656453	
5.041098	-145.829883	-145.787352	-145.777523	-145.743719	
5.051317	-145.916295	-145.874619	-145.863936	-145.830986	
5.069251	-146.070288	-145.961885	-146.017928	-145.979339	
5.073815	-146.109361	-146.066605	-146.057001	-146.022972	
5.083917	-146.196792	-146.153872	-146.144432	-146.101512	
5.094491	-146.28893	-146.241138	-146.23657	-146.197505	
5.104655	-146.37813	-146.328404	-146.32577	-146.284771	
5.114809	-146.46595	-146.424398	-146.41359	-146.380764	
5.124938	-146.553015	-146.511664	-146.500655	-146.468031	
5.135096	-146.639716	-146.598931	-146.587356	-146.555297	
5.146209	-146.7339	-146.686197	-146.68154	-146.65129	
5.155439	-146.81159	-146.78219	-146.759231	-146.747284	
5.165521	-146.895844	-146.869457	-146.843484	-146.83455	
5.175655	-146.979955	-146.956723	-146.927595	-146.930543	
5.18587	-147.064109	-147.052716	-147.01175	-147.01781	
5.196017	-147.147128	-147.139983	-147.094769	-147.113803	
5.206182	-147.229658	-147.235976	-147.177298	-147.201069	
5.216649	-147.314015	-147.323242	-147.261655	-147.297062	
5.226811	-147.395304	-147.419235	-147.342944	-147.384329	
5.236916	-147.475535	-147.515228	-147.423175	-147.471595	
5.247102	-147.555831	-147.602495	-147.503471	-147.558862	
5.25722	-147.634965	-147.689761	-147.582605	-147.646128	
5.267482	-147.714675	-147.768301	-147.662315	-147.733395	
5.277581	-147.792422	-147.864294	-147.740062	-147.820661	
5.287673	-147.869582	-147.942834	-147.817222	-147.907927	
5.297923	-147.94737	-148.030101	-147.89501	-147.986467	
5.308102	-148.023963	-148.10864	-147.971603	-148.073734	
5.31822	-148.099465	-148.195907	-148.047105	-148.152274	
5.328363	-148.17459	-148.283173	-148.12223	-148.230813	
5.338467	-148.248853	-148.352986	-148.196493	-148.309353	
5.348714	-148.323536	-148.431526	-148.271176	-148.387893	
5.358822	-148.396621	-148.510066	-148.344261	-148.466433	
5.368994	-148.469549	-148.588606	-148.41719	-148.544973	
5.379251	-148.542485	-148.667146	-148.490125	-148.614786	
5.389392	-148.614021	-148.736959	-148.561661	-148.684599	
5.399451	-148.684377	-148.806772	-148.632017	-148.763139	
5.409674	-148.755224	-148.876585	-148.702864	-148.832952	
5.419791	-148.82475	-148.946398	-148.772391	-148.902765	
5.429922	-148.893795	-149.016212	-148.841435	-148.963852	
5.440557	-148.96582	-149.077298	-148.91346	-149.033665	
5.450285	-149.030768	-149.138385	-148.978409	-149.103478	
5.460376	-149.097745	-149.208198	-149.045385	-149.164565	
5.470506	-149.164369	-149.269284	-149.112009	-149.225651	
5.480785	-149.231411	-149.330371	-149.179051	-149.295464	
5.490799	-149.296105	-149.391457	-149.243745	-149.347824	
5.501004	-149.361421	-149.452544	-149.309061	-149.417637	
5.511164	-149.425857	-149.504904	-149.373497	-149.469997	
5.521293	-149.489487	-149.56599	-149.437127	-149.531084	
5.531521	-149.55314	-149.627077	-149.50078	-149.59217	
5.542089	-149.618291	-149.679437	-149.565932	-149.653257	
5.551745	-149.677217	-149.731797	-149.624857	-149.705617	
5.561902	-149.73863	-149.784156	-149.68627	-149.766703	
5.572002	-149.799119	-149.845243	-149.746759	-149.819063	
5.582147	-149.859301	-149.897603	-149.806941	-149.871423	
5.592299	-149.918885	-149.958689	-149.866525	-149.932509	
5.602502	-149.97819	-150.011049	-149.92583	-149.984869	
5.612945	-150.038215	-150.063409	-149.985855	-150.037229	
5.623037	-150.095647	-150.124496	-150.043287	-150.089589	
5.63316	-150.152677	-150.168129	-150.100317	-150.150676	
5.643493	-150.210257	-150.229215	-150.157897	-150.203035	
5.663843	-150.320694	-150.342662	-150.268334	-150.299029	
5.668377	-150.345349	-150.360115	-150.292989	-150.325208	
5.678545	-150.399937	-150.412475	-150.347577	-150.368842	
5.68927	-150.45727	-150.473561	-150.40491	-150.429928	
5.700723	-150.516879	-150.517195	-150.464519	-150.473561	
5.709659	-150.563262	-150.578281	-150.510902	-150.525921	
5.719498	-150.613743	-150.621914	-150.561383	-150.578281	
5.729671	-150.665371	-150.683001	-150.613011	-150.630641	
5.739755	-150.71595	-150.735361	-150.66359	-150.674274	
5.749933	-150.76638	-150.787721	-150.71402	-150.726634	
5.760088	-150.816104	-150.840081	-150.763744	-150.778994	
5.770284	-150.865437	-150.89244	-150.813077	-150.822627	
5.780351	-150.913577	-150.936074	-150.861217	-150.874987	
5.791427	-150.967156	-150.99716	-150.914796	-150.927347	
5.802154	-151.015715	-151.040793	-150.963355	-150.97098	
5.811217	-151.057441	-151.093153	-151.005082	-151.02334	
5.82124	-151.102977	-151.145513	-151.050617	-151.0757	
5.831445	-151.148729	-151.197873	-151.096369	-151.119333	
5.841554	-151.19349	-151.250233	-151.141131	-151.162967	
5.852013	-151.239159	-151.28514	-151.186799	-151.2066	
5.861838	-151.281509	-151.337499	-151.229149	-151.250233	
5.871964	-151.32456	-151.381133	-151.2722	-151.302593	
5.882118	-151.367135	-151.424766	-151.314775	-151.337499	
5.892224	-151.408919	-151.468399	-151.356559	-151.381133	
5.903724	-151.455694	-151.512032	-151.403334	-151.424766	
5.912616	-151.491571	-151.555666	-151.439211	-151.468399	
5.922709	-151.531377	-151.599299	-151.479017	-151.512032	
5.932919	-151.571204	-151.634205	-151.518844	-151.546939	
5.943011	-151.609997	-151.677839	-151.557637	-151.590572	
5.953481	-151.649578	-151.721472	-151.597218	-151.634205	
5.963623	-151.687357	-151.756378	-151.634997	-151.669112	
5.973781	-151.724584	-151.800012	-151.672224	-151.704019	
5.983929	-151.761192	-151.834918	-151.708832	-151.738925	
5.994063	-151.797171	-151.869825	-151.744811	-151.773832	
6.005363	-151.836536	-151.904731	-151.784176	-151.808738	
6.014719	-151.868636	-151.939638	-151.816277	-151.843645	
6.024819	-151.90271	-151.965818	-151.85035	-151.878552	
6.035056	-151.936635	-152.000725	-151.884275	-151.913458	
6.045113	-151.969401	-152.035631	-151.917041	-151.939638	
6.055316	-152.002043	-152.061811	-151.949683	-151.965818	
6.065469	-152.033929	-152.087991	-151.981569	-152.000725	
6.075634	-152.065284	-152.122898	-152.012924	-152.026904	
6.085795	-152.096014	-152.149078	-152.043654	-152.053084	
6.095913	-152.126037	-152.175257	-152.073678	-152.079264	
6.106994	-152.158218	-152.201437	-152.105858	-152.105444	
6.11629	-152.184729	-152.227617	-152.132369	-152.131624	
6.126404	-152.212984	-152.245071	-152.160624	-152.157804	
6.136588	-152.240847	-152.271251	-152.188487	-152.175257	
6.147538	-152.27013	-152.297431	-152.21777	-152.201437	
6.156867	-152.294582	-152.32361	-152.242222	-152.227617	
6.166987	-152.320533	-152.341064	-152.268173	-152.245071	
6.177125	-152.345945	-152.367244	-152.293585	-152.271251	
6.187345	-152.370968	-152.384697	-152.318608	-152.288704	
6.197422	-152.395072	-152.40215	-152.342712	-152.314884	
6.20901	-152.42201	-152.42833	-152.36965	-152.332337	
6.217852	-152.442156	-152.445784	-152.389796	-152.34979	
6.227958	-152.464592	-152.471963	-152.412233	-152.37597	
6.238085	-152.486495	-152.48069	-152.434135	-152.393424	
6.248208	-152.507817	-152.50687	-152.455458	-152.419604	
6.258356	-152.528617	-152.524323	-152.476258	-152.437057	
6.272037	-152.555485	-152.541777	-152.503125	-152.45451	
6.28215	-152.574864	-152.55923	-152.522504	-152.48069	
6.292284	-152.593714	-152.576683	-152.541354	-152.498143	
6.30245	-152.612047	-152.594137	-152.559688	-152.515597	
6.313307	-152.63096	-152.61159	-152.5786	-152.53305	
6.323465	-152.648092	-152.629043	-152.595732	-152.550503	
6.33359	-152.664604	-152.646496	-152.612244	-152.567957	
6.343767	-152.680642	-152.66395	-152.628282	-152.58541	
6.353975	-152.696148	-152.681403	-152.643788	-152.602863	
6.364092	-152.710954	-152.69013	-152.658595	-152.61159	
6.374248	-152.72526	-152.698856	-152.6729	-152.629043	
6.384417	-152.739022	-152.71631	-152.686662	-152.63777	
6.394533	-152.75215	-152.725036	-152.69979	-152.655223	
6.404753	-152.764848	-152.742489	-152.712488	-152.66395	
6.414951	-152.776963	-152.751216	-152.724603	-152.681403	
6.42514	-152.788508	-152.768669	-152.736148	-152.69013	
6.435348	-152.799515	-152.777396	-152.747155	-152.698856	
6.450583	-152.814511	-152.794849	-152.762151	-152.71631	
6.460757	-152.82412	-152.803576	-152.77176	-152.725036	
6.470839	-152.833111	-152.812303	-152.780751	-152.733763	
6.480997	-152.841636	-152.821029	-152.789276	-152.733763	
6.491218	-152.849677	-152.821029	-152.797317	-152.742489	
6.501261	-152.857068	-152.829756	-152.804708	-152.751216	
6.520649	-152.868982	-152.838483	-152.816622	-152.768669	
6.525272	-152.871889	-152.847209	-152.81953	-152.768669	
6.535402	-152.877637	-152.855936	-152.825277	-152.768669	
6.54557	-152.882916	-152.855936	-152.830556	-152.777396	
6.555703	-152.887697	-152.855936	-152.835337	-152.777396	
6.565893	-152.89203	-152.855936	-152.83967	-152.786123	
6.576037	-152.895884	-152.855936	-152.843524	-152.786123	
6.586198	-152.899297	-152.855936	-152.846937	-152.794849	
6.596319	-152.902266	-152.855936	-152.849906	-152.794849	
6.606458	-152.904824	-152.855936	-152.852465	-152.794849	
6.617822	-152.907168	-152.855936	-152.854809	-152.794849	
6.636131	-152.909516	-152.855936	-152.857157	-152.794849	
6.640699	-152.914319	-152.855936	-152.86196	-152.794849	
6.651016	-152.914319	-152.855936	-152.86196	-152.794849	
6.660992	-152.914319	-152.855936	-152.86196	-152.794849	
6.671121	-152.914319	-152.855936	-152.86196	-152.794849	
6.681263	-152.914319	-152.855936	-152.86196	-152.794849	
6.69151	-152.914319	-152.855936	-152.86196	-152.794849	
6.701556	-152.914319	-152.855936	-152.86196	-152.794849	
6.712017	-152.914319	-152.855936	-152.86196	-152.794849	
6.722228	-152.914319	-152.855936	-152.86196	-152.794849	
6.732081	-152.914319	-152.855936	-152.86196	-152.794849	
6.74224	-152.914319	-152.855936	-152.86196	-152.794849	
6.752338	-152.914319	-152.855936	-152.86196	-152.794849	
6.762552	-152.914319	-152.855936	-152.86196	-152.794849	
6.772759	-152.914319	-152.855936	-152.86196	-152.794849	
6.782878	-152.914319	-152.855936	-152.86196	-152.794849	
6.793365	-152.914319	-152.855936	-152.86196	-152.794849	
6.803222	-152.914319	-152.855936	-152.86196	-152.794849	
6.813504	-152.914319	-152.864663	-152.86196	-152.794849	
6.824014	-152.914319	-152.864663	-152.86196	-152.794849	
6.833924	-152.914319	-152.864663	-152.86196	-152.794849	
6.84404	-152.914319	-152.864663	-152.86196	-152.794849	
6.854157	-152.914319	-152.864663	-152.86196	-152.794849	
6.864361	-152.914319	-152.864663	-152.86196	-152.794849	
6.874516	-152.914319	-152.864663	-152.86196	-152.794849	
6.884745	-152.914319	-152.864663	-152.86196	-152.794849	
6.894825	-152.914319	-152.864663	-152.86196	-152.794849	
6.904952	-152.914319	-152.864663	-152.86196	-152.794849	
6.915163	-152.914319	-152.864663	-152.86196	-152.794849	
6.925644	-152.914319	-152.864663	-152.86196	-152.794849	
6.935481	-152.914319	-152.864663	-152.86196	-152.794849	
6.945681	-152.914319	-152.864663	-152.86196	-152.794849	
6.955791	-152.914319	-152.864663	-152.86196	-152.794849	
6.965986	-152.914319	-152.864663	-152.86196	-152.794849	
6.976126	-152.914319	-152.864663	-152.86196	-152.794849	
6.986281	-152.914319	-152.864663	-152.86196	-152.794849	
6.996413	-152.914319	-152.864663	-152.86196	-152.794849	
7.006546	-152.914319	-152.864663	-152.86196	-152.794849	
7.016725	-152.914319	-152.864663	-152.86196	-152.794849	
7.027065	-152.914319	-152.864663	-152.86196	-152.794849	
7.037069	-152.914319	-152.864663	-152.86196	-152.794849	
7.047259	-152.914319	-152.864663	-152.86196	-152.794849	
7.0574	-152.914319	-152.864663	-152.86196	-152.794849	
7.067523	-152.914319	-152.864663	-152.86196	-152.794849	
7.07772	-152.914319	-152.864663	-152.86196	-152.794849	
7.08787	-152.914319	-152.864663	-152.86196	-152.794849	
7.098059	-152.914319	-152.864663	-152.86196	-152.794849	
7.108182	-152.914319	-152.864663	-152.86196	-152.794849	
7.118288	-152.914319	-152.864663	-152.86196	-152.794849	
7.128688	-152.914319	-152.864663	-152.86196	-152.794849	
7.138668	-152.914319	-152.864663	-152.86196	-152.794849	
7.15017	-152.914319	-152.864663	-152.86196	-152.794849	
7.159	-152.914319	-152.864663	-152.86196	-152.794849	
7.169396	-152.914319	-152.864663	-152.86196	-152.794849	
7.179333	-152.914319	-152.864663	-152.86196	-152.794849	
7.189443	-152.914319	-152.864663	-152.86196	-152.794849	
7.199551	-152.914319	-152.864663	-152.86196	-152.794849	
7.209725	-152.914319	-152.864663	-152.86196	-152.794849	
7.219838	-152.914319	-152.864663	-152.86196	-152.794849	
7.230236	-152.914319	-152.864663	-152.86196	-152.794849	
7.240282	-152.914319	-152.864663	-152.86196	-152.794849	
7.250339	-152.914319	-152.864663	-152.86196	-152.794849	
7.260532	-152.914319	-152.864663	-152.86196	-152.794849	
7.270785	-152.914319	-152.864663	-152.86196	-152.794849	
7.280827	-152.914319	-152.864663	-152.86196	-152.794849	
7.290959	-152.914319	-152.864663	-152.86196	-152.794849	
7.301084	-152.914319	-152.864663	-152.86196	-152.794849	
7.311224	-152.914319	-152.864663	-152.86196	-152.794849	
7.330132	-152.914319	-152.864663	-152.86196	-152.794849	
7.334754	-152.914319	-152.864663	-152.86196	-152.794849	
7.34489	-152.914319	-152.864663	-152.86196	-152.794849	
7.355065	-152.914319	-152.864663	-152.86196	-152.803576	
7.36521	-152.914319	-152.864663	-152.86196	-152.803576	
7.375395	-152.914319	-152.864663	-152.86196	-152.803576	
7.385531	-152.914319	-152.864663	-152.86196	-152.803576	
7.395672	-152.914319	-152.864663	-152.86196	-152.803576	
7.405802	-152.914319	-152.864663	-152.86196	-152.803576	
7.415936	-152.914319	-152.873389	-152.86196	-152.803576	
7.427157	-152.914319	-152.873389	-152.86196	-152.803576	
7.436319	-152.914319	-152.873389	-152.86196	-152.803576	
7.446452	-152.914319	-152.873389	-152.86196	-152.803576	
7.456602	-152.914319	-152.873389	-152.86196	-152.803576	
7.466798	-152.914319	-152.873389	-152.86196	-152.803576	
7.476971	-152.914319	-152.873389	-152.86196	-152.803576	
7.487119	-152.914319	-152.873389	-152.86196	-152.803576	
7.497266	-152.914319	-152.873389	-152.86196	-152.803576	
7.507468	-152.914319	-152.873389	-152.86196	-152.803576	
7.517545	-152.914319	-152.873389	-152.86196	-152.803576	
7.528783	-152.914319	-152.873389	-152.86196	-152.803576	
7.537983	-152.914319	-152.873389	-152.86196	-152.803576	
7.54805	-152.914319	-152.873389	-152.86196	-152.803576	
7.558201	-152.914319	-152.873389	-152.86196	-152.803576	
7.568536	-152.914319	-152.873389	-152.86196	-152.803576	
7.578718	-152.914319	-152.873389	-152.86196	-152.803576	
7.588934	-152.914319	-152.873389	-152.86196	-152.803576	
7.599024	-152.914319	-152.873389	-152.86196	-152.803576	
7.609327	-152.914319	-152.873389	-152.86196	-152.803576	
7.619413	-152.914319	-152.873389	-152.86196	-152.803576	
7.630447	-152.914319	-152.873389	-152.86196	-152.803576	
7.63969	-152.914319	-152.873389	-152.86196	-152.803576	
7.650131	-152.914319	-152.873389	-152.86196	-152.803576	
7.660896	-152.914319	-152.873389	-152.86196	-152.803576	
7.67121	-152.914319	-152.873389	-152.86196	-152.803576	
7.680946	-152.914319	-152.873389	-152.86196	-152.803576	
7.691096	-152.914319	-152.873389	-152.86196	-152.803576	
7.701228	-152.914319	-152.873389	-152.86196	-152.803576	
7.711415	-152.914319	-152.873389	-152.86196	-152.803576	
7.722016	-152.914319	-152.873389	-152.86196	-152.803576	
7.733195	-152.914319	-152.873389	-152.86196	-152.803576	
7.749967	-152.914319	-152.873389	-152.86196	-152.803576	
7.754533	-152.914319	-152.873389	-152.86196	-152.803576	
7.764721	-152.914319	-152.873389	-152.86196	-152.803576	
7.774807	-152.914319	-152.873389	-152.86196	-152.803576	
7.785017	-152.914319	-152.873389	-152.86196	-152.803576	
7.795333	-152.914319	-152.873389	-152.86196	-152.803576	
7.805333	-152.914319	-152.873389	-152.86196	-152.803576	
7.815471	-152.914319	-152.873389	-152.86196	-152.803576	
7.825588	-152.914319	-152.873389	-152.86196	-152.803576	
7.836133	-152.914319	-152.873389	-152.86196	-152.803576	
7.846371	-152.914319	-152.873389	-152.86196	-152.803576	
7.85649	-152.914319	-152.873389	-152.86196	-152.803576	
7.866689	-152.914319	-152.873389	-152.86196	-152.803576	
7.876869	-152.914319	-152.873389	-152.86196	-152.803576	
7.887062	-152.914319	-152.873389	-152.86196	-152.803576	
7.897189	-152.914319	-152.873389	-152.86196	-152.803576	
7.90739	-152.914319	-152.873389	-152.86196	-152.803576	
7.9175	-152.914319	-152.873389	-152.86196	-152.803576	
7.927643	-152.914319	-152.873389	-152.86196	-152.803576	
7.937926	-152.914319	-152.873389	-152.86196	-152.803576	
7.948049	-152.914319	-152.873389	-152.86196	-152.803576	
7.958184	-152.914319	-152.873389	-152.86196	-152.803576	
7.968329	-152.914319	-152.873389	-152.86196	-152.803576	
7.97847	-152.914319	-152.873389	-152.86196	-152.803576	
7.988739	-152.914319	-152.873389	-152.86196	-152.803576	
7.998774	-152.914319	-152.873389	-152.86196	-152.803576	
8.008981	-152.914319	-152.873389	-152.86196	-152.803576	
8.019123	-152.914319	-152.873389	-152.86196	-152.803576	
8.029404	-152.914319	-152.873389	-152.86196	-152.803576	
8.039476	-152.914319	-152.873389	-152.86196	-152.803576	
8.049612	-152.914319	-152.873389	-152.86196	-152.803576	
8.059785	-152.914319	-152.873389	-152.86196	-152.803576	
8.069875	-152.914319	-152.873389	-152.86196	-152.803576	
8.080213	-152.914319	-152.873389	-152.86196	-152.803576	
8.09021	-152.914319	-152.873389	-152.86196	-152.803576	
8.100338	-152.914319	-152.873389	-152.86196	-152.803576	
8.11052	-152.914319	-152.873389	-152.86196	-152.803576	
8.120615	-152.914319	-152.873389	-152.86196	-152.803576	
8.130818	-152.914319	-152.873389	-152.86196	-152.803576	
8.141026	-152.914319	-152.873389	-152.86196	-152.803576	
8.152049	-152.914319	-152.873389	-152.86196	-152.803576	
8.162027	-152.914319	-152.873389	-152.86196	-152.803576	
8.172099	-152.914319	-152.873389	-152.86196	-152.803576	
8.182307	-152.914319	-152.873389	-152.86196	-152.803576	
8.192391	-152.914319	-152.873389	-152.86196	-152.803576	
8.2026	-152.914319	-152.873389	-152.86196	-152.803576	
8.212764	-152.914319	-152.873389	-152.86196	-152.803576	
8.222893	-152.914319	-152.873389	-152.86196	-152.803576	
8.233457	-152.914319	-152.873389	-152.86196	-152.803576	
8.243659	-152.914319	-152.873389	-152.86196	-152.803576	
8.253738	-152.914319	-152.873389	-152.86196	-152.803576	
8.263901	-152.914319	-152.873389	-152.86196	-152.803576	
8.274064	-152.914319	-152.873389	-152.86196	-152.803576	
8.284212	-152.914319	-152.873389	-152.86196	-152.803576	
8.294369	-152.914319	-152.873389	-152.86196	-152.803576	
8.304565	-152.914319	-152.873389	-152.86196	-152.803576	
8.314712	-152.914319	-152.873389	-152.86196	-152.803576	
8.324905	-152.914319	-152.873389	-152.86196	-152.803576	
8.335049	-152.914319	-152.873389	-152.86196	-152.803576	
8.345277	-152.914319	-152.873389	-152.86196	-152.803576	
8.355531	-152.914319	-152.873389	-152.86196	-152.803576	
8.365575	-152.914319	-152.873389	-152.86196	-152.803576	
8.375725	-152.914319	-152.873389	-152.86196	-152.803576	
8.385859	-152.914319	-152.873389	-152.86196	-152.803576	
8.396011	-152.914319	-152.873389	-152.86196	-152.803576	
8.406159	-152.914319	-152.873389	-152.86196	-152.803576	
8.416318	-152.914319	-152.873389	-152.86196	-152.803576	
8.42649	-152.914319	-152.873389	-152.86196	-152.803576	
8.436611	-152.914319	-152.873389	-152.86196	-152.803576	
8.446844	-152.914319	-152.873389	-152.86196	-152.803576	
8.457024	-152.914319	-152.873389	-152.86196	-152.803576	
8.467158	-152.914319	-152.873389	-152.86196	-152.803576	
8.477311	-152.914319	-152.873389	-152.86196	-152.803576	
8.487413	-152.914319	-152.873389	-152.86196	-152.803576	
8.497611	-152.914319	-152.873389	-152.86196	-152.803576	
8.508172	-152.914319	-152.873389	-152.86196	-152.803576	
8.517925	-152.914319	-152.873389	-152.86196	-152.803576	
8.52808	-152.914319	-152.873389	-152.86196	-152.803576	
8.538199	-152.914319	-152.873389	-152.86196	-152.803576	
8.548443	-152.914319	-152.873389	-152.86196	-152.803576	
8.558581	-152.914319	-152.873389	-152.86196	-152.803576	
8.568716	-152.914319	-152.873389	-152.86196	-152.803576	
8.578861	-152.914319	-152.873389	-152.86196	-152.803576	
8.589287	-152.914319	-152.873389	-152.86196	-152.803576	
8.599128	-152.914319	-152.873389	-152.86196	-152.803576	
8.609703	-152.914319	-152.873389	-152.86196	-152.803576	
8.619579	-152.914319	-152.873389	-152.86196	-152.803576	
8.629611	-152.914319	-152.873389	-152.86196	-152.803576	
8.639706	-152.914319	-152.873389	-152.86196	-152.803576	
8.650356	-152.914319	-152.873389	-152.86196	-152.803576	
8.660136	-152.914319	-152.873389	-152.86196	-152.803576	
8.670272	-152.914319	-152.873389	-152.86196	-152.803576	
8.680383	-152.914319	-152.873389	-152.86196	-152.803576	
8.690719	-152.914319	-152.873389	-152.86196	-152.803576	
8.700686	-152.914319	-152.873389	-152.86196	-152.803576	
8.710804	-152.914319	-152.873389	-152.86196	-152.803576	
8.72101	-152.914319	-152.873389	-152.86196	-152.803576	
8.731112	-152.914319	-152.873389	-152.86196	-152.803576	
8.741253	-152.914319	-152.873389	-152.86196	-152.803576	
8.751762	-152.914319	-152.873389	-152.86196	-152.803576	
8.761624	-152.914319	-152.873389	-152.86196	-152.803576	
8.771811	-152.914319	-152.873389	-152.86196	-152.803576	
8.781844	-152.914319	-152.873389	-152.86196	-152.803576	
8.792233	-152.914319	-152.873389	-152.86196	-152.803576	
8.811227	-152.914319	-152.873389	-152.86196	-152.803576	
8.815776	-152.914319	-152.873389	-152.86196	-152.803576	
8.826011	-152.914319	-152.873389	-152.86196	-152.803576	
8.836085	-152.914319	-152.873389	-152.86196	-152.803576	
8.846933	-152.914319	-152.873389	-152.86196	-152.803576	
8.856478	-152.914319	-152.873389	-152.86196	-152.803576	
8.866648	-152.914319	-152.873389	-152.86196	-152.803576	
8.876853	-152.914319	-152.873389	-152.86196	-152.803576	
8.886908	-152.914319	-152.873389	-152.86196	-152.803576	
8.897121	-152.914319	-152.873389	-152.86196	-152.803576	
8.907239	-152.914319	-152.882116	-152.86196	-152.803576	
8.917426	-152.914319	-152.882116	-152.86196	-152.812303	
8.927616	-152.914319	-152.882116	-152.86196	-152.812303	
8.937707	-152.914319	-152.882116	-152.86196	-152.812303	
8.948452	-152.914319	-152.882116	-152.86196	-152.812303	
8.958115	-152.914319	-152.882116	-152.86196	-152.812303	
8.968236	-152.914319	-152.882116	-152.86196	-152.812303	
8.978384	-152.914319	-152.882116	-152.86196	-152.812303	
8.988509	-152.914319	-152.882116	-152.86196	-152.812303	
8.998639	-152.914319	-152.882116	-152.86196	-152.812303	
9.008929	-152.914319	-152.882116	-152.86196	-152.812303	
9.018999	-152.914319	-152.882116	-152.86196	-152.812303	
9.029118	-152.914319	-152.882116	-152.86196	-152.812303	
9.039407	-152.914319	-152.882116	-152.86196	-152.812303	
9.050111	-152.914319	-152.882116	-152.86196	-152.812303	
9.059722	-152.914319	-152.882116	-152.86196	-152.812303	
9.069758	-152.914319	-152.882116	-152.86196	-152.812303	
9.079898	-152.914319	-152.882116	-152.86196	-152.812303	
9.090144	-152.914319	-152.882116	-152.86196	-152.812303	
9.10054	-152.914319	-152.882116	-152.86196	-152.812303	
9.110351	-152.914319	-152.882116	-152.86196	-152.812303	
9.120494	-152.914319	-152.882116	-152.86196	-152.812303	
9.130634	-152.914319	-152.882116	-152.86196	-152.812303	
9.140859	-152.914319	-152.882116	-152.86196	-152.812303	
9.153274	-152.914319	-152.882116	-152.86196	-152.812303	
9.161071	-152.914319	-152.882116	-152.86196	-152.812303	
9.171211	-152.914319	-152.882116	-152.86196	-152.812303	
9.181497	-152.914319	-152.882116	-152.86196	-152.812303	
9.191544	-152.914319	-152.882116	-152.86196	-152.812303	
9.202122	-152.914319	-152.882116	-152.86196	-152.812303	
9.211875	-152.914319	-152.882116	-152.86196	-152.812303	
9.221976	-152.914319	-152.882116	-152.86196	-152.812303	
9.232119	-152.914319	-152.882116	-152.86196	-152.812303	
9.242268	-152.914319	-152.882116	-152.86196	-152.812303	
9.253391	-152.914319	-152.882116	-152.86196	-152.812303	
9.26262	-152.914319	-152.882116	-152.86196	-152.812303	
9.272712	-152.914319	-152.882116	-152.86196	-152.812303	
9.28293	-152.914319	-152.882116	-152.86196	-152.812303	
9.293047	-152.914319	-152.882116	-152.86196	-152.812303	
9.30348	-152.914319	-152.882116	-152.86196	-152.812303	
9.313615	-152.914319	-152.882116	-152.86196	-152.812303	
9.323774	-152.914319	-152.882116	-152.86196	-152.812303	
9.333927	-152.914319	-152.882116	-152.86196	-152.812303	
9.344081	-152.914319	-152.882116	-152.86196	-152.812303	
9.354877	-152.914319	-152.882116	-152.86196	-152.812303	
9.364433	-152.914319	-152.882116	-152.86196	-152.812303	
9.374618	-152.914319	-152.882116	-152.86196	-152.812303	
9.384734	-152.914319	-152.882116	-152.86196	-152.812303	
9.394913	-152.914319	-152.882116	-152.86196	-152.812303	
9.40507	-152.914319	-152.882116	-152.86196	-152.812303	
9.415205	-152.914319	-152.882116	-152.86196	-152.812303	
9.425379	-152.914319	-152.882116	-152.86196	-152.812303	
9.435599	-152.914319	-152.882116	-152.86196	-152.812303	
9.445677	-152.914319	-152.882116	-152.86196	-152.812303	
9.45638	-152.914319	-152.882116	-152.86196	-152.812303	
9.4661	-152.914319	-152.882116	-152.86196	-152.812303	
9.476177	-152.914319	-152.882116	-152.86196	-152.812303	
9.486325	-152.914319	-152.882116	-152.86196	-152.812303	
9.496439	-152.914319	-152.882116	-152.86196	-152.812303	
9.506637	-152.914319	-152.882116	-152.86196	-152.812303	
9.516797	-152.914319	-152.882116	-152.86196	-152.812303	
9.526937	-152.914319	-152.882116	-152.86196	-152.812303	
9.537093	-152.914319	-152.882116	-152.86196	-152.812303	
9.547215	-152.914319	-152.882116	-152.86196	-152.812303	
9.557871	-152.914319	-152.882116	-152.86196	-152.812303	
9.567908	-152.914319	-152.882116	-152.86196	-152.821029	
9.577746	-152.914319	-152.882116	-152.86196	-152.821029	
9.587921	-152.914319	-152.882116	-152.86196	-152.829756	
9.598008	-152.914319	-152.882116	-152.86196	-152.838483	
9.608206	-152.914319	-152.882116	-152.86196	-152.847209	
9.618354	-152.914319	-152.882116	-152.86196	-152.855936	
9.628517	-152.914319	-152.882116	-152.86196	-152.873389	
9.638653	-152.914319	-152.882116	-152.86196	-152.873389	
9.648773	-152.914319	-152.882116	-152.86196	-152.873389	
9.66228	-152.914319	-152.882116	-152.86196	-152.873389	
9.671119	-152.914319	-152.890842	-152.86196	-152.864663	
9.681123	-152.914319	-152.890842	-152.86196	-152.864663	
9.691256	-152.914319	-152.899569	-152.86196	-152.864663	
9.701452	-152.914319	-152.908296	-152.86196	-152.864663	
9.712002	-152.914319	-152.925749	-152.86196	-152.864663	
9.721755	-152.914319	-152.925749	-152.86196	-152.864663	
9.735057	-152.914319	-152.925749	-152.86196	-152.864663	
9.74205	-152.914319	-152.925749	-152.86196	-152.864663	
9.752139	-152.914319	-152.925749	-152.86196	-152.864663	
9.764265	-152.914319	-152.925749	-152.86196	-152.864663	
9.77275	-152.914319	-152.925749	-152.86196	-152.864663	
9.782934	-152.914319	-152.925749	-152.86196	-152.864663	
9.792994	-152.914319	-152.925749	-152.86196	-152.864663	
9.804505	-152.914319	-152.925749	-152.86196	-152.864663	
9.813531	-152.914319	-152.925749	-152.86196	-152.864663	
9.823689	-152.914319	-152.917022	-152.86196	-152.864663	
9.833832	-152.914319	-152.917022	-152.86196	-152.864663	
9.844015	-152.914319	-152.917022	-152.86196	-152.864663	
9.854125	-152.914319	-152.917022	-152.86196	-152.864663	
9.864439	-152.914319	-152.917022	-152.86196	-152.864663	
9.87459	-152.914319	-152.917022	-152.86196	-152.864663	
9.884739	-152.914319	-152.917022	-152.86196	-152.864663	
9.894899	-152.914319	-152.917022	-152.86196	-152.864663	
9.905009	-152.914319	-152.925749	-152.86196	-152.864663	
9.915698	-152.914319	-152.925749	-152.86196	-152.864663	
9.925733	-152.914319	-152.925749	-152.86196	-152.864663	
9.935834	-152.914319	-152.925749	-152.86196	-152.864663	
9.946026	-152.914319	-152.925749	-152.86196	-152.864663	
9.956183	-152.914319	-152.925749	-152.86196	-152.864663	
9.966316	-152.914319	-152.925749	-152.86196	-152.864663	
9.976519	-152.914319	-152.925749	-152.86196	-152.864663	
9.986664	-152.914319	-152.925749	-152.86196	-152.864663	
9.996786	-152.914319	-152.925749	-152.86196	-152.864663	
10.00692	-152.914319	-152.925749	-152.86196	-152.864663	
10.01714	-152.914319	-152.925749	-152.86196	-152.864663	
10.02724	-152.914319	-152.925749	-152.86196	-152.864663	
10.03744	-152.914319	-152.925749	-152.86196	-152.864663	
10.04757	-152.914319	-152.925749	-152.86196	-152.864663	
10.05768	-152.914319	-152.925749	-152.86196	-152.864663	
10.06791	-152.914319	-152.925749	-152.86196	-152.864663	
10.07805	-152.914319	-152.925749	-152.86196	-152.864663	
10.0882	-152.914319	-152.925749	-152.86196	-152.864663	
10.09837	-152.914319	-152.925749	-152.86196	-152.864663	
10.10851	-152.914319	-152.925749	-152.86196	-152.864663	
10.1186	-152.914319	-152.925749	-152.86196	-152.864663	
10.12881	-152.914319	-152.925749	-152.86196	-152.864663	
10.13896	-152.914319	-152.925749	-152.86196	-152.864663	
10.14985	-152.914319	-152.925749	-152.86196	-152.864663	
10.15928	-152.914319	-152.925749	-152.86196	-152.864663	
10.16945	-152.914319	-152.925749	-152.86196	-152.864663	
10.17964	-152.914319	-152.925749	-152.86196	-152.864663	
10.18968	-152.914319	-152.925749	-152.86196	-152.864663	
10.19984	-152.914319	-152.925749	-152.86196	-152.864663	
10.2101	-152.914319	-152.925749	-152.86196	-152.864663	
10.22053	-152.914319	-152.925749	-152.86196	-152.864663	
10.23033	-152.914319	-152.925749	-152.86196	-152.864663	
10.24044	-152.914319	-152.925749	-152.86196	-152.864663	
10.25058	-152.914319	-152.925749	-152.86196	-152.864663	
10.26071	-152.914319	-152.925749	-152.86196	-152.864663	
10.27089	-152.914319	-152.925749	-152.86196	-152.864663	
10.28107	-152.914319	-152.925749	-152.86196	-152.864663	
10.29121	-152.914319	-152.925749	-152.86196	-152.864663	
10.30139	-152.914319	-152.925749	-152.86196	-152.864663	
10.31155	-152.914319	-152.925749	-152.86196	-152.864663	
10.32163	-152.914319	-152.925749	-152.86196	-152.864663	
10.33214	-152.914319	-152.925749	-152.86196	-152.864663	
10.34194	-152.914319	-152.925749	-152.86196	-152.864663	
10.35208	-152.914319	-152.925749	-152.86196	-152.864663	
10.36228	-152.914319	-152.925749	-152.86196	-152.864663	
10.37235	-152.914319	-152.925749	-152.86196	-152.864663	
10.38255	-152.914319	-152.925749	-152.86196	-152.864663	
10.39267	-152.914319	-152.925749	-152.86196	-152.864663	
10.41074	-152.914319	-152.925749	-152.86196	-152.864663	
10.41526	-152.914319	-152.925749	-152.86196	-152.864663	
10.42539	-152.914319	-152.925749	-152.86196	-152.864663	
10.43564	-152.914319	-152.925749	-152.86196	-152.864663	
10.44573	-152.914319	-152.925749	-152.86196	-152.864663	
10.45588	-152.914319	-152.925749	-152.86196	-152.864663	
10.46602	-152.914319	-152.925749	-152.86196	-152.864663	
10.47616	-152.914319	-152.925749	-152.86196	-152.864663	
10.48635	-152.914319	-152.925749	-152.86196	-152.864663	
10.49655	-152.914319	-152.925749	-152.86196	-152.864663	
10.50668	-152.914319	-152.925749	-152.86196	-152.864663	
10.51686	-152.914319	-152.925749	-152.86196	-152.864663	
10.52699	-152.914319	-152.925749	-152.86196	-152.864663	
10.53714	-152.914319	-152.925749	-152.86196	-152.864663	
10.54741	-152.914319	-152.925749	-152.86196	-152.864663	
10.55753	-152.914319	-152.925749	-152.86196	-152.864663	
10.56767	-152.914319	-152.925749	-152.86196	-152.864663	
10.57782	-152.914319	-152.925749	-152.86196	-152.864663	
10.588	-152.914319	-152.925749	-152.86196	-152.864663	
10.59835	-152.914319	-152.925749	-152.86196	-152.864663	
10.60852	-152.914319	-152.925749	-152.86196	-152.864663	
10.6187	-152.914319	-152.925749	-152.86196	-152.864663	
10.62891	-152.914319	-152.925749	-152.86196	-152.864663	
10.63912	-152.914319	-152.925749	-152.86196	-152.864663	
10.64919	-152.914319	-152.925749	-152.86196	-152.864663	
10.6593	-152.914319	-152.925749	-152.86196	-152.864663	
10.66947	-152.914319	-152.925749	-152.86196	-152.864663	
10.67962	-152.914319	-152.925749	-152.86196	-152.864663	
10.68971	-152.914319	-152.925749	-152.86196	-152.864663	
10.69995	-152.914319	-152.925749	-152.86196	-152.864663	
10.71011	-152.914319	-152.925749	-152.86196	-152.864663	
10.72019	-152.914319	-152.925749	-152.86196	-152.864663	
10.73037	-152.914319	-152.925749	-152.86196	-152.864663	
10.74077	-152.914319	-152.925749	-152.86196	-152.864663	
10.75063	-152.914319	-152.925749	-152.86196	-152.864663	
10.76077	-152.914319	-152.925749	-152.86196	-152.864663	
10.77097	-152.914319	-152.925749	-152.86196	-152.864663	
10.78116	-152.914319	-152.925749	-152.86196	-152.864663	
10.79127	-152.914319	-152.925749	-152.86196	-152.864663	
10.81023	-152.914319	-152.925749	-152.86196	-152.864663	
10.81486	-152.914319	-152.925749	-152.86196	-152.864663	
10.82505	-152.914319	-152.925749	-152.86196	-152.864663	
10.83519	-152.914319	-152.925749	-152.86196	-152.864663	
10.84529	-152.914319	-152.925749	-152.86196	-152.864663	
10.85551	-152.914319	-152.925749