4.253597	
4.263792	
4.273965	
4.284162	
4.294256	
4.304379	
4.314593	
4.324707	
4.334843	
4.344957	
4.355158	
4.365252	
4.375895	
4.38561	
4.395767	
4.405902	
4.416044	
4.426218	
4.43637	
4.44653	
4.456626	
4.466805	
4.476904	
4.487077	
4.497288	
4.507386	
4.517501	
4.527674	
4.537831	
4.547945	
4.558083	
4.568446	
4.578412	
4.588586	
4.598708	
4.608841	
4.619025	
4.629432	
4.639291	
4.649469	
4.659559	
4.669682	
4.679924	
4.689995	
4.700203	
4.710298	
4.720504	
4.731903	
4.741746	
4.751874	
4.762076	
4.772641	
4.782798	
4.811496	
4.815833	
4.825981	
4.836213	
4.846325	
4.856467	
4.866721	
4.876778	
4.886934	
4.897098	
4.907242	
4.917384	
4.929869	-191.856723	-191.855318	-191.81309	-191.811685	
4.939888	-191.858377	-191.855318	-191.814744	-191.811685	
4.949776	-191.860592	-191.855318	-191.816959	-191.811685	
4.95994	-191.863496	-191.855318	-191.819863	-191.811685	
4.970099	-191.867019	-191.855318	-191.823385	-191.811685	
4.980271	-191.871169	-191.855318	-191.827536	-191.811685	
4.990414	-191.875925	-191.855318	-191.832292	-191.811685	
5.008484	-191.886781	-191.855318	-191.843148	-191.811685	
5.013051	-191.889461	-191.855318	-191.845828	-191.811685	
5.023199	-191.896213	-191.855318	-191.85258	-191.811685	
5.033473	-191.903689	-191.855318	-191.860056	-191.811685	
5.043833	-191.911874	-191.855318	-191.86824	-191.811685	
5.053678	-191.920213	-191.855318	-191.87658	-191.811685	
5.063851	-191.92946	-191.855318	-191.885826	-191.811685	
5.074016	-191.939325	-191.855318	-191.895691	-191.811685	
5.084236	-191.949868	-191.855318	-191.906235	-191.811685	
5.094321	-191.96088	-191.855318	-191.917247	-191.820411	
5.104524	-191.972659	-191.864045	-191.929025	-191.820411	
5.114773	-191.985103	-191.864045	-191.94147	-191.820411	
5.124815	-191.997904	-191.864045	-191.954271	-191.820411	
5.14312	-192.023713	-191.864045	-191.98008	-191.820411	
5.147647	-192.030019	-191.864045	-191.986386	-191.820411	
5.157848	-192.045051	-191.864045	-192.001418	-191.820411	
5.167979	-192.06067	-191.872771	-192.017037	-191.820411	
5.178109	-192.076747	-191.881498	-192.033114	-191.829138	
5.189878	-192.096408	-191.890225	-192.052775	-191.829138	
5.198537	-192.11124	-191.898951	-192.067607	-191.837865	
5.208606	-192.129144	-191.916405	-192.085511	-191.855318	
5.218838	-192.147954	-191.933858	-192.104321	-191.872771	
5.230167	-192.169626	-191.951311	-192.125993	-191.890225	
5.239163	-192.18722	-191.977491	-192.143587	-191.907678	
5.249238	-192.207573	-192.003671	-192.16394	-191.933858	
5.259665	-192.229321	-192.021124	-192.185688	-191.960038	
5.269498	-192.250381	-192.056031	-192.206748	-191.977491	
5.279638	-192.272727	-192.082211	-192.229094	-192.003671	
5.289832	-192.295829	-192.108391	-192.252196	-192.038578	
5.299932	-192.31931	-192.134571	-192.275677	-192.073484	
5.310106	-192.343604	-192.169477	-192.299971	-192.108391	
5.320305	-192.36857	-192.213111	-192.324937	-192.143297	
5.331772	-192.397497	-192.248017	-192.353864	-192.178204	
5.340674	-192.420323	-192.282924	-192.37669	-192.221837	
5.350764	-192.446857	-192.326557	-192.403224	-192.26547	
5.361188	-192.474957	-192.37019	-192.431324	-192.309104	
5.371037	-192.502043	-192.405097	-192.45841	-192.352737	
5.381181	-192.530577	-192.457457	-192.486944	-192.405097	
5.391315	-192.559703	-192.50109	-192.516069	-192.44873	
5.401488	-192.589559	-192.544723	-192.545926	-192.492363	
5.411631	-192.619962	-192.588356	-192.576329	-192.535996	
5.421801	-192.651049	-192.63199	-192.607416	-192.57963	
5.433535	-192.687824	-192.675623	-192.644191	-192.63199	
5.442888	-192.717587	-192.719256	-192.673954	-192.666896	
5.452334	-192.748135	-192.754163	-192.704501	-192.710529	
5.462621	-192.782109	-192.797796	-192.738476	-192.754163	
5.472742	-192.816138	-192.832702	-192.772504	-192.797796	
5.482946	-192.85109	-192.876336	-192.807457	-192.841429	
5.493054	-192.886292	-192.911242	-192.842659	-192.876336	
5.506771	-192.935391	-192.963602	-192.891758	-192.928696	
5.516684	-192.971309	-192.998509	-192.927676	-192.963602	
5.52684	-193.008772	-193.033415	-192.965138	-192.998509	
5.538074	-193.050999	-193.068322	-193.007366	-193.042142	
5.547161	-193.085569	-193.103228	-193.041935	-193.077049	
5.557285	-193.124735	-193.138135	-193.081101	-193.111955	
5.567409	-193.164523	-193.173042	-193.12089	-193.146862	
5.577656	-193.205446	-193.207948	-193.161812	-193.181768	
5.587822	-193.24665	-193.242855	-193.203017	-193.216675	
5.597953	-193.288323	-193.277761	-193.24469	-193.251581	
5.608106	-193.330851	-193.312668	-193.287218	-193.286488	
5.61842	-193.37475	-193.338848	-193.331117	-193.321395	
5.628429	-193.417441	-193.382481	-193.373808	-193.356301	
5.639659	-193.466491	-193.417388	-193.422858	-193.399934	
5.648764	-193.506673	-193.452294	-193.46304	-193.426114	
5.658947	-193.552279	-193.487201	-193.508646	-193.469748	
5.669014	-193.598006	-193.522107	-193.554373	-193.504654	
5.679241	-193.645056	-193.565741	-193.601422	-193.539561	
5.689403	-193.692432	-193.609374	-193.648799	-193.583194	
5.699478	-193.74001	-193.644281	-193.696377	-193.626827	
5.709585	-193.788348	-193.69664	-193.744714	-193.67046	
5.71991	-193.838404	-193.731547	-193.79477	-193.714094	
5.729919	-193.887486	-193.783907	-193.843852	-193.757727	
5.741338	-193.94438	-193.836267	-193.900747	-193.810087	
5.750229	-193.989006	-193.8799	-193.945373	-193.85372	
5.760413	-194.040835	-193.93226	-193.997202	-193.897353	
5.77851	-194.135353	-193.975893	-194.09172	-193.993346	
5.783083	-194.159127	-194.045706	-194.115494	-194.0108	
5.793223	-194.212716	-194.098066	-194.169083	-194.06316	
5.803358	-194.266906	-194.150426	-194.223273	-194.124246	
5.813545	-194.322004	-194.220239	-194.278371	-194.176606	
5.823656	-194.377274	-194.272599	-194.333641	-194.237692	
5.833867	-194.433748	-194.333686	-194.390114	-194.298779	
5.844245	-194.491813	-194.394772	-194.44818	-194.351139	
5.854335	-194.548813	-194.464585	-194.50518	-194.412225	
5.864459	-194.606639	-194.525672	-194.563005	-194.482039	
5.874641	-194.665448	-194.586758	-194.621815	-194.543125	
5.88479	-194.724673	-194.647845	-194.681039	-194.604212	
5.894939	-194.784485	-194.717658	-194.740852	-194.665298	
5.905077	-194.844873	-194.778745	-194.80124	-194.726385	
5.91524	-194.90603	-194.848558	-194.862397	-194.796198	
5.925358	-194.967523	-194.918371	-194.92389	-194.857284	
5.935663	-195.030827	-194.988184	-194.987194	-194.927098	
5.953859	-195.145011	-195.057997	-195.101378	-195.049271	
5.958438	-195.173614	-195.136537	-195.12998	-195.07545	
5.968565	-195.237812	-195.20635	-195.194179	-195.145264	
5.978781	-195.303205	-195.28489	-195.259571	-195.215077	
5.988834	-195.368149	-195.354703	-195.324516	-195.28489	
5.999001	-195.43442	-195.424516	-195.390787	-195.354703	
6.009208	-195.501585	-195.49433	-195.457952	-195.424516	
6.019316	-195.568709	-195.564143	-195.525075	-195.49433	
6.02944	-195.636574	-195.633956	-195.59294	-195.564143	
6.039854	-195.707056	-195.703769	-195.663423	-195.633956	
6.049839	-195.775201	-195.773582	-195.731568	-195.703769	
6.059956	-195.844844	-195.843395	-195.801211	-195.782309	
6.070091	-195.915241	-195.921935	-195.871608	-195.852122	
6.08026	-195.98651	-195.991748	-195.942877	-195.921935	
6.090384	-196.058085	-196.061562	-196.014452	-195.991748	
6.108435	-196.188053	-196.140101	-196.14442	-196.122648	
6.112959	-196.220539	-196.218641	-196.176905	-196.157555	
6.12316	-196.294688	-196.288454	-196.251055	-196.227368	
6.133222	-196.36838	-196.366994	-196.324747	-196.297181	
6.144535	-196.452151	-196.436807	-196.408517	-196.366994	
6.153645	-196.519907	-196.50662	-196.476273	-196.445534	
6.163752	-196.595765	-196.58516	-196.552132	-196.515347	
6.173851	-196.672221	-196.6637	-196.628588	-196.593887	
6.183989	-196.749559	-196.733513	-196.705926	-196.672427	
6.203239	-196.899227	-196.87314	-196.855594	-196.82078	
6.207788	-196.934463	-196.908046	-196.890829	-196.855686	
6.217943	-197.014039	-196.977859	-196.970406	-196.934226	
6.228171	-197.094801	-197.056399	-197.051168	-197.012766	
6.238486	-197.176916	-197.134939	-197.133283	-197.091306	
6.248987	-197.261171	-197.213479	-197.217537	-197.169846	
6.258618	-197.338889	-197.292019	-197.295255	-197.248385	
6.26873	-197.421168	-197.379285	-197.377535	-197.335652	
6.278872	-197.504318	-197.457825	-197.460684	-197.414192	
6.289014	-197.588168	-197.536365	-197.544535	-197.492732	
6.299238	-197.6732	-197.623631	-197.629567	-197.579998	
6.309306	-197.757621	-197.710898	-197.713988	-197.658538	
6.319396	-197.842762	-197.798164	-197.799129	-197.745804	
6.329621	-197.929725	-197.885431	-197.886092	-197.833071	
6.339877	-198.017602	-197.96397	-197.973968	-197.911611	
6.35861	-198.180682	-198.059964	-198.137048	-198.077417	
6.363233	-198.22079	-198.17341	-198.177157	-198.112323	
6.373319	-198.30922	-198.269403	-198.265587	-198.208317	
6.383448	-198.398618	-198.356669	-198.354985	-198.295583	
6.393654	-198.487467	-198.443936	-198.443833	-198.391576	
6.403786	-198.575041	-198.539929	-198.531408	-198.478843	
6.413923	-198.662017	-198.635922	-198.618384	-198.574836	
6.424098	-198.74875	-198.723189	-198.705117	-198.670829	
6.434414	-198.83605	-198.819182	-198.792417	-198.766822	
6.445164	-198.926341	-198.915175	-198.882708	-198.862815	
6.45461	-199.005121	-199.002441	-198.961488	-198.950081	
6.464894	-199.090241	-199.107161	-199.046608	-199.054801	
6.474912	-199.172534	-199.194428	-199.128901	-199.150794	
6.485009	-199.254905	-199.281694	-199.211272	-199.238061	
6.49513	-199.336849	-199.377687	-199.293216	-199.334054	
6.505305	-199.418626	-199.464954	-199.374992	-199.430047	
6.515483	-199.49979	-199.560947	-199.456157	-199.517313	
6.525609	-199.579952	-199.639486	-199.536319	-199.613307	
6.535753	-199.659609	-199.73548	-199.615975	-199.700573	
6.545889	-199.738619	-199.814019	-199.694986	-199.787839	
6.556125	-199.817802	-199.910013	-199.774169	-199.875106	
6.566476	-199.897206	-199.979826	-199.853573	-199.962372	
6.576446	-199.97303	-200.067092	-199.929397	-200.049639	
6.58658	-200.049551	-200.145632	-200.005918	-200.136905	
6.596681	-200.125191	-200.224172	-200.081558	-200.215445	
6.606894	-200.201066	-200.302712	-200.157433	-200.293985	
6.61702	-200.27567	-200.381251	-200.232036	-200.372525	
6.627166	-200.349812	-200.451065	-200.306179	-200.451065	
6.637338	-200.423547	-200.520878	-200.379914	-200.520878	
6.647442	-200.496139	-200.599418	-200.452505	-200.590691	
6.657704	-200.569281	-200.660504	-200.525648	-200.660504	
6.667865	-200.641076	-200.730317	-200.597443	-200.721591	
6.678047	-200.712358	-200.80013	-200.668725	-200.791404	
6.688163	-200.78259	-200.861217	-200.738957	-200.85249	
6.698511	-200.853827	-200.93103	-200.810194	-200.913577	
6.708515	-200.922035	-200.992117	-200.878402	-200.974663	
6.718652	-200.990581	-201.06193	-200.946948	-201.03575	
6.72877	-201.058382	-201.123016	-201.014748	-201.096836	
6.739027	-201.126494	-201.184103	-201.082861	-201.157923	
6.749058	-201.192513	-201.253916	-201.14888	-201.219009	
6.7593	-201.259256	-201.306276	-201.215623	-201.280096	
6.769466	-201.324909	-201.376089	-201.281276	-201.341183	
6.779774	-201.390847	-201.437176	-201.347214	-201.393542	
6.789868	-201.45481	-201.498262	-201.411176	-201.454629	
6.804181	-201.549037	-201.559349	-201.505404	-201.515715	
6.811009	-201.586499	-201.620435	-201.542865	-201.576802	
6.821099	-201.648546	-201.681522	-201.604913	-201.637888	
6.831245	-201.710341	-201.742608	-201.666708	-201.690248	
6.841336	-201.771185	-201.803695	-201.727552	-201.742608	
6.851553	-201.832181	-201.864781	-201.788548	-201.803695	
6.861738	-201.892422	-201.917141	-201.848788	-201.864781	
6.871863	-201.951554	-201.978228	-201.907921	-201.917141	
6.882428	-202.012698	-202.039314	-201.969064	-201.978228	
6.892128	-202.068252	-202.091674	-202.024619	-202.030588	
6.9026	-202.127575	-202.152761	-202.083942	-202.091674	
6.91268	-202.184058	-202.213847	-202.140425	-202.152761	
6.922914	-202.240799	-202.266207	-202.197166	-202.20512	
6.932982	-202.296023	-202.318567	-202.25239	-202.266207	
6.94312	-202.351023	-202.379653	-202.307389	-202.318567	
6.953334	-202.405813	-202.432013	-202.36218	-202.370927	
6.96386	-202.461645	-202.4931	-202.418012	-202.432013	
6.973674	-202.513059	-202.54546	-202.469426	-202.484373	
6.984095	-202.56709	-202.59782	-202.523457	-202.54546	
6.993977	-202.617679	-202.650179	-202.574046	-202.589093	
7.004155	-202.669217	-202.711266	-202.625584	-202.650179	
7.014291	-202.71989	-202.763626	-202.676256	-202.702539	
7.024455	-202.770129	-202.815986	-202.726495	-202.754899	
7.034595	-202.819625	-202.868346	-202.775992	-202.807259	
7.04471	-202.8684	-202.911979	-202.824767	-202.859619	
7.054851	-202.916699	-202.964339	-202.873066	-202.911979	
7.065116	-202.964993	-203.016699	-202.92136	-202.955612	
7.075299	-203.012198	-203.051605	-202.968565	-203.007972	
7.085387	-203.058422	-203.103965	-203.014789	-203.051605	
7.095526	-203.10428	-203.147598	-203.060646	-203.103965	
7.105746	-203.149852	-203.191232	-203.106219	-203.147598	
7.115856	-203.194333	-203.234865	-203.1507	-203.199958	
7.126001	-203.238368	-203.278498	-203.194734	-203.243591	
7.136156	-203.281853	-203.322131	-203.23822	-203.287225	
7.146286	-203.324614	-203.365764	-203.280981	-203.339585	
7.156531	-203.367249	-203.409398	-203.323616	-203.383218	
7.166708	-203.408988	-203.453031	-203.365355	-203.418124	
7.176797	-203.449749	-203.487937	-203.406116	-203.461758	
7.187084	-203.490685	-203.540297	-203.447051	-203.505391	
7.206109	-203.563798	-203.610111	-203.520165	-203.575204	
7.211199	-203.583404	-203.627564	-203.539771	-203.592657	
7.221098	-203.620829	-203.671197	-203.577195	-203.627564	
7.231089	-203.658008	-203.706104	-203.614375	-203.66247	
7.241116	-203.69474	-203.74101	-203.651107	-203.697377	
7.251288	-203.731392	-203.775917	-203.687759	-203.732284	
7.262748	-203.77188	-203.81955	-203.728247	-203.76719	
7.271771	-203.803314	-203.854457	-203.75968	-203.802097	
7.281893	-203.837966	-203.889363	-203.794333	-203.837003	
7.300242	-203.898393	-203.941723	-203.85476	-203.889363	
7.304762	-203.913316	-203.959176	-203.869683	-203.906817	
7.31503	-203.94647	-203.994083	-203.902836	-203.941723	
7.325101	-203.978403	-204.020263	-203.93477	-203.967903	
7.335231	-204.00992	-204.046443	-203.966287	-204.00281	
7.345356	-204.04083	-204.081349	-203.997197	-204.02899	
7.355497	-204.071185	-204.107529	-204.027552	-204.055169	
7.366996	-204.104793	-204.133709	-204.06116	-204.081349	
7.377158	-204.133932	-204.168616	-204.090298	-204.116256	
7.387351	-204.162552	-204.194796	-204.118919	-204.142436	
7.397468	-204.190361	-204.220976	-204.146728	-204.168616	
7.40762	-204.217678	-204.238429	-204.174045	-204.194796	
7.417794	-204.244443	-204.273336	-204.200809	-204.220976	
7.427936	-204.270539	-204.290789	-204.226905	-204.247156	
7.438285	-204.296541	-204.316969	-204.252908	-204.273336	
7.449096	-204.323009	-204.343149	-204.279376	-204.290789	
7.459703	-204.348337	-204.360602	-204.304704	-204.316969	
7.469463	-204.371113	-204.378055	-204.32748	-204.343149	
7.479589	-204.394142	-204.404235	-204.350509	-204.360602	
7.489767	-204.416688	-204.421689	-204.373055	-204.386782	
7.499859	-204.438468	-204.447869	-204.394835	-204.404235	
7.518165	-204.475631	-204.482775	-204.431998	-204.439142	
7.522743	-204.484971	-204.482775	-204.441338	-204.447869	
7.532872	-204.504916	-204.500228	-204.461283	-204.465322	
7.542996	-204.524269	-204.517682	-204.480636	-204.482775	
7.553129	-204.54306	-204.535135	-204.499426	-204.500228	
7.563373	-204.561454	-204.552588	-204.517821	-204.517682	
7.573549	-204.579155	-204.570042	-204.535522	-204.535135	
7.583661	-204.596142	-204.587495	-204.552509	-204.543862	
7.593821	-204.612641	-204.604948	-204.569008	-204.561315	
7.603937	-204.628495	-204.622402	-204.584861	-204.578768	
7.614184	-204.643967	-204.631128	-204.600334	-204.587495	
7.624257	-204.658603	-204.648581	-204.61497	-204.604948	
7.634453	-204.672846	-204.657308	-204.629213	-204.613675	
7.644627	-204.686474	-204.674761	-204.642841	-204.622402	
7.654694	-204.699409	-204.683488	-204.655776	-204.639855	
7.664891	-204.711929	-204.692215	-204.668296	-204.648581	
7.675178	-204.723983	-204.700941	-204.68035	-204.657308	
7.685236	-204.735212	-204.709668	-204.691579	-204.666035	
7.695367	-204.745964	-204.718395	-204.702331	-204.674761	
7.705522	-204.756187	-204.727121	-204.712553	-204.674761	
7.715718	-204.765898	-204.735848	-204.722265	-204.683488	
7.725852	-204.774988	-204.744575	-204.731354	-204.692215	
7.735992	-204.783545	-204.744575	-204.739912	-204.700941	
7.746106	-204.791541	-204.753301	-204.747908	-204.709668	
7.756325	-204.799073	-204.762028	-204.75544	-204.718395	
7.766447	-204.806007	-204.762028	-204.762373	-204.727121	
7.776658	-204.81247	-204.770754	-204.768837	-204.735848	
7.786821	-204.818382	-204.779481	-204.774749	-204.744575	
7.796964	-204.823771	-204.788208	-204.780137	-204.744575	
7.80709	-204.828654	-204.788208	-204.785021	-204.744575	
7.8172	-204.83304	-204.796934	-204.789407	-204.753301	
7.827419	-204.836985	-204.796934	-204.793352	-204.753301	
7.837537	-204.840431	-204.796934	-204.796797	-204.753301	
7.847689	-204.843436	-204.796934	-204.799803	-204.762028	
7.857851	-204.846012	-204.805661	-204.802379	-204.762028	
7.86796	-204.848193	-204.805661	-204.80456	-204.762028	
7.878214	-204.849966	-204.805661	-204.806333	-204.762028	
7.888328	-204.855318	-204.805661	-204.811685	-204.762028	
7.89848	-204.855318	-204.805661	-204.811685	-204.762028	
7.908659	-204.855318	-204.805661	-204.811685	-204.762028	
7.918781	-204.855318	-204.805661	-204.811685	-204.762028	
7.928965	-204.855318	-204.805661	-204.811685	-204.762028	
7.939225	-204.855318	-204.805661	-204.811685	-204.762028	
7.949318	-204.855318	-204.805661	-204.811685	-204.762028	
7.959399	-204.855318	-204.805661	-204.811685	-204.762028	
7.969863	-204.855318	-204.805661	-204.811685	-204.762028	
7.979984	-204.855318	-204.805661	-204.811685	-204.762028	
7.989881	-204.855318	-204.805661	-204.811685	-204.762028	
8.000008	-204.855318	-204.805661	-204.811685	-204.762028	
8.010145	-204.855318	-204.805661	-204.811685	-204.762028	
8.02036	-204.855318	-204.805661	-204.811685	-204.762028	
8.030549	-204.855318	-204.805661	-204.811685	-204.762028	
8.040671	-204.855318	-204.805661	-204.811685	-204.762028	
8.050758	-204.855318	-204.805661	-204.811685	-204.762028	
8.060878	-204.855318	-204.805661	-204.811685	-204.762028	
8.071252	-204.855318	-204.805661	-204.811685	-204.762028	
8.081583	-204.855318	-204.805661	-204.811685	-204.762028	
8.091431	-204.855318	-204.805661	-204.811685	-204.762028	
8.101505	-204.855318	-204.805661	-204.811685	-204.762028	
8.11162	-204.855318	-204.805661	-204.811685	-204.762028	
8.121849	-204.855318	-204.805661	-204.811685	-204.762028	
8.132011	-204.855318	-204.805661	-204.811685	-204.762028	
8.142145	-204.855318	-204.805661	-204.811685	-204.762028	
8.15232	-204.855318	-204.805661	-204.811685	-204.762028	
8.162439	-204.855318	-204.805661	-204.811685	-204.762028	
8.17265	-204.855318	-204.805661	-204.811685	-204.762028	
8.183109	-204.855318	-204.805661	-204.811685	-204.762028	
8.192968	-204.855318	-204.805661	-204.811685	-204.762028	
8.203215	-204.855318	-204.805661	-204.811685	-204.762028	
8.21326	-204.855318	-204.805661	-204.811685	-204.762028	
8.223474	-204.855318	-204.805661	-204.811685	-204.762028	
8.233857	-204.855318	-204.805661	-204.811685	-204.762028	
8.243833	-204.855318	-204.805661	-204.811685	-204.762028	
8.253947	-204.855318	-204.805661	-204.811685	-204.762028	
8.264063	-204.855318	-204.805661	-204.811685	-204.762028	
8.274238	-204.855318	-204.805661	-204.811685	-204.762028	
8.284616	-204.855318	-204.805661	-204.811685	-204.762028	
8.294602	-204.855318	-204.805661	-204.811685	-204.762028	
8.304714	-204.855318	-204.805661	-204.811685	-204.762028	
8.314866	-204.855318	-204.805661	-204.811685	-204.762028	
8.32505	-204.855318	-204.805661	-204.811685	-204.762028	
8.335189	-204.855318	-204.805661	-204.811685	-204.762028	
8.34564	-204.855318	-204.805661	-204.811685	-204.762028	
8.355493	-204.855318	-204.805661	-204.811685	-204.762028	
8.365602	-204.855318	-204.805661	-204.811685	-204.762028	
8.375776	-204.855318	-204.805661	-204.811685	-204.762028	
8.386044	-204.855318	-204.805661	-204.811685	-204.762028	
8.396155	-204.855318	-204.805661	-204.811685	-204.762028	
8.406285	-204.855318	-204.805661	-204.811685	-204.762028	
8.416392	-204.855318	-204.805661	-204.811685	-204.762028	
8.426601	-204.855318	-204.805661	-204.811685	-204.762028	
8.436881	-204.855318	-204.805661	-204.811685	-204.762028	
8.448077	-204.855318	-204.805661	-204.811685	-204.762028	
8.457017	-204.855318	-204.805661	-204.811685	-204.762028	
8.467195	-204.855318	-204.805661	-204.811685	-204.762028	
8.477293	-204.855318	-204.805661	-204.811685	-204.762028	
8.487529	-204.855318	-204.805661	-204.811685	-204.762028	
8.497684	-204.855318	-204.805661	-204.811685	-204.762028	
8.5078	-204.855318	-204.805661	-204.811685	-204.762028	
8.517984	-204.855318	-204.805661	-204.811685	-204.762028	
8.528375	-204.855318	-204.805661	-204.811685	-204.762028	
8.538291	-204.855318	-204.805661	-204.811685	-204.762028	
8.548397	-204.855318	-204.805661	-204.811685	-204.762028	
8.558562	-204.855318	-204.805661	-204.811685	-204.762028	
8.568728	-204.855318	-204.805661	-204.811685	-204.762028	
8.57883	-204.855318	-204.805661	-204.811685	-204.762028	
8.589162	-204.855318	-204.805661	-204.811685	-204.762028	
8.599244	-204.855318	-204.805661	-204.811685	-204.762028	
8.609393	-204.855318	-204.805661	-204.811685	-204.762028	
8.619494	-204.855318	-204.805661	-204.811685	-204.762028	
8.629952	-204.855318	-204.805661	-204.811685	-204.762028	
8.63978	-204.855318	-204.805661	-204.811685	-204.762028	
8.649929	-204.855318	-204.805661	-204.811685	-204.762028	
8.660127	-204.855318	-204.805661	-204.811685	-204.762028	
8.670228	-204.855318	-204.805661	-204.811685	-204.762028	
8.680383	-204.855318	-204.805661	-204.811685	-204.762028	
8.690697	-204.855318	-204.805661	-204.811685	-204.762028	
8.700781	-204.855318	-204.805661	-204.811685	-204.762028	
8.710903	-204.855318	-204.805661	-204.811685	-204.762028	
8.721009	-204.855318	-204.805661	-204.811685	-204.762028	
8.731405	-204.855318	-204.805661	-204.811685	-204.762028	
8.741312	-204.855318	-204.805661	-204.811685	-204.762028	
8.751491	-204.855318	-204.805661	-204.811685	-204.762028	
8.761691	-204.855318	-204.805661	-204.811685	-204.762028	
8.771765	-204.855318	-204.805661	-204.811685	-204.762028	
8.782112	-204.855318	-204.805661	-204.811685	-204.762028	
8.792178	-204.855318	-204.805661	-204.811685	-204.762028	
8.812637	-204.855318	-204.805661	-204.811685	-204.762028	
8.817161	-204.855318	-204.805661	-204.811685	-204.762028	
8.82734	-204.855318	-204.805661	-204.811685	-204.762028	
8.837482	-204.855318	-204.805661	-204.811685	-204.762028	
8.847605	-204.855318	-204.805661	-204.811685	-204.762028	
8.857799	-204.855318	-204.805661	-204.811685	-204.762028	
8.876026	-204.855318	-204.805661	-204.811685	-204.762028	
8.890206	-204.855318	-204.805661	-204.811685	-204.762028	
8.894807	-204.855318	-204.805661	-204.811685	-204.762028	
8.905127	-204.855318	-204.805661	-204.811685	-204.762028	
8.915296	-204.855318	-204.805661	-204.811685	-204.762028	
8.929623	-204.855318	-204.805661	-204.811685	-204.762028	
8.935759	-204.855318	-204.805661	-204.811685	-204.762028	
8.945789	-204.855318	-204.805661	-204.811685	-204.762028	
8.955848	-204.855318	-204.805661	-204.811685	-204.762028	
8.966033	-204.855318	-204.805661	-204.811685	-204.762028	
8.976179	-204.855318	-204.805661	-204.811685	-204.762028	
8.987388	-204.855318	-204.805661	-204.811685	-204.762028	
8.996688	-204.855318	-204.805661	-204.811685	-204.762028	
9.006777	-204.855318	-204.805661	-204.811685	-204.762028	
9.016907	-204.855318	-204.805661	-204.811685	-204.762028	
9.027072	-204.855318	-204.805661	-204.811685	-204.762028	
9.037231	-204.855318	-204.805661	-204.811685	-204.762028	
9.047361	-204.855318	-204.805661	-204.811685	-204.762028	
9.057477	-204.855318	-204.805661	-204.811685	-204.762028	
9.067664	-204.855318	-204.805661	-204.811685	-204.762028	
9.077858	-204.855318	-204.805661	-204.811685	-204.762028	
9.089003	-204.855318	-204.805661	-204.811685	-204.762028	
9.098276	-204.855318	-204.805661	-204.811685	-204.762028	
9.108381	-204.855318	-204.805661	-204.811685	-204.762028	
9.118509	-204.855318	-204.805661	-204.811685	-204.762028	
9.128613	-204.855318	-204.805661	-204.811685	-204.762028	
9.13876	-204.855318	-204.805661	-204.811685	-204.762028	
9.149291	-204.855318	-204.805661	-204.811685	-204.762028	
9.159098	-204.855318	-204.805661	-204.811685	-204.762028	
9.169232	-204.855318	-204.805661	-204.811685	-204.762028	
9.179427	-204.855318	-204.805661	-204.811685	-204.762028	
9.190517	-204.855318	-204.814388	-204.811685