3.598362	
3.616797	
3.62155	
3.631323	
3.641488	
3.651644	
3.661771	
3.671957	
3.682103	
3.692268	
3.702423	
3.71254	
3.722925	
3.732861	
3.742992	
3.753149	
3.763296	
3.773454	
3.783584	
3.793729	
3.803901	
3.814076	
3.824162	
3.834363	
3.844562	
3.854655	
3.864804	
3.874963	
3.885156	
3.895287	
3.905423	
3.915601	
3.925696	
3.93594	
3.9461	
3.956214	
3.96639	
3.976799	
3.98726	
3.997443	
4.008139	
4.017857	
4.028117	
4.038103	
4.048114	
4.058262	
4.068382	
4.08694	
4.091361	
4.101472	
4.111615	
4.121735	
4.131943	
4.142506	
4.152239	
4.162386	
4.172601	
4.18325	
4.193171	
4.203365	
4.213607	
4.223742	
4.233855	
4.244114	
4.254732	
4.264387	
4.274582	
4.284875	
4.2949	
4.305064	
4.315171	
4.325317	
4.335509	
4.34565	
4.355799	
4.366026	
4.376201	
4.38629	
4.396415	
4.406553	
4.417427	
4.427534	
4.43763	
4.447749	
4.457988	
4.468095	
4.478285	
4.488399	
4.498576	
4.509558	
4.51886	
4.528992	
4.539072	
4.549255	
4.559436	
4.569555	
4.579698	
4.589828	
4.600012	
4.610562	
4.620665	
4.630764	
4.640887	
4.651024	
4.661221	
4.671413	
4.681538	
4.691695	
4.701806	
4.712002	
4.722156	
4.732271	
4.742468	
4.752567	
4.76276	
4.772971	
4.783062	
4.793199	
4.80342	
4.813474	
4.827538	-152.927531	-152.925749	-152.866445	-152.864663	
4.833832	-152.928417	-152.925749	-152.86733	-152.864663	
4.843987	-152.930587	-152.925749	-152.8695	-152.864663	
4.854193	-152.933391	-152.925749	-152.872305	-152.864663	
4.864259	-152.936762	-152.925749	-152.875676	-152.864663	
4.874847	-152.941001	-152.925749	-152.879914	-152.864663	
4.885015	-152.945672	-152.925749	-152.884585	-152.864663	
4.895115	-152.950928	-152.925749	-152.889841	-152.864663	
4.905271	-152.956829	-152.925749	-152.895742	-152.864663	
4.915417	-152.963342	-152.925749	-152.902255	-152.864663	
4.926967	-152.971615	-152.925749	-152.910529	-152.864663	
4.93576	-152.978296	-152.925749	-152.917209	-152.864663	
4.945899	-152.986655	-152.925749	-152.925569	-152.864663	
4.95606	-152.995661	-152.925749	-152.934574	-152.864663	
4.97413	-153.014061	-152.925749	-152.952975	-152.864663	
4.978713	-153.018666	-152.925749	-152.957579	-152.864663	
4.988949	-153.029757	-152.925749	-152.968671	-152.864663	
4.998982	-153.041223	-152.925749	-152.980136	-152.864663	
5.009123	-153.053442	-152.925749	-152.992355	-152.864663	
5.019319	-153.066343	-152.925749	-153.005256	-152.873389	
5.030453	-153.081217	-152.934476	-153.02013	-152.873389	
5.039609	-153.093878	-152.943202	-153.032792	-152.873389	
5.049733	-153.108541	-152.943202	-153.047455	-152.873389	
5.059928	-153.123932	-152.960656	-153.062845	-152.882116	
5.070109	-153.139914	-152.960656	-153.078828	-152.890842	
5.080852	-153.157507	-152.978109	-153.096421	-152.908296	
5.090644	-153.174071	-152.986836	-153.112984	-152.917022	
5.100877	-153.192032	-152.995562	-153.130946	-152.925749	
5.110967	-153.210344	-153.013016	-153.149258	-152.943202	
5.12109	-153.22933	-153.030469	-153.168243	-152.960656	
5.132078	-153.250717	-153.047922	-153.18963	-152.986836	
5.141465	-153.269438	-153.065375	-153.208352	-153.004289	
5.151614	-153.290333	-153.091555	-153.229247	-153.021742	
5.161765	-153.311862	-153.109009	-153.250775	-153.047922	
5.171907	-153.333982	-153.135189	-153.272895	-153.074102	
5.183379	-153.359845	-153.170095	-153.298758	-153.109009	
5.192626	-153.381128	-153.205002	-153.320041	-153.135189	
5.202751	-153.405086	-153.231182	-153.344	-153.161369	
5.213107	-153.430242	-153.266088	-153.369155	-153.196275	
5.223029	-153.454914	-153.300995	-153.393827	-153.231182	
5.242575	-153.506408	-153.379535	-153.445321	-153.309721	
5.247197	-153.518471	-153.388261	-153.457384	-153.327175	
5.257368	-153.545876	-153.431895	-153.484789	-153.362081	
5.267524	-153.573861	-153.466801	-153.512775	-153.405715	
5.277881	-153.603042	-153.510434	-153.541956	-153.449348	
5.287758	-153.63143	-153.554068	-153.570344	-153.484254	
5.297959	-153.661405	-153.588974	-153.600318	-153.527888	
5.308087	-153.69176	-153.632607	-153.630673	-153.571521	
5.326414	-153.749438	-153.702421	-153.688351	-153.641334	
5.332156	-153.76719	-153.728601	-153.706103	-153.658787	
5.341344	-153.796511	-153.763507	-153.735425	-153.702421	
5.351408	-153.829297	-153.80714	-153.768211	-153.746054	
5.361597	-153.863114	-153.842047	-153.802028	-153.78096	
5.371736	-153.897387	-153.88568	-153.836301	-153.824594	
5.381938	-153.932493	-153.920587	-153.871406	-153.8595	
5.392083	-153.968014	-153.96422	-153.906927	-153.903133	
5.402284	-154.004503	-154.007853	-153.943417	-153.946767	
5.412421	-154.041124	-154.04276	-153.980037	-153.981673	
5.422503	-154.078252	-154.077666	-154.017165	-154.025306	
5.433661	-154.120191	-154.112573	-154.059105	-154.060213	
5.442918	-154.155394	-154.156206	-154.094307	-154.09512	
5.453101	-154.194749	-154.191113	-154.133663	-154.130026	
5.463205	-154.234445	-154.226019	-154.173358	-154.173659	
5.47332	-154.27481	-154.269653	-154.213723	-154.208566	
5.483516	-154.316112	-154.304559	-154.255025	-154.243473	
5.493639	-154.357727	-154.339466	-154.29664	-154.287106	
5.50379	-154.400089	-154.374372	-154.339002	-154.322012	
5.513967	-154.443177	-154.418006	-154.382091	-154.356919	
5.524087	-154.48662	-154.452912	-154.425533	-154.400552	
5.535184	-154.5351	-154.496545	-154.474013	-154.435459	
5.544426	-154.575867	-154.531452	-154.51478	-154.479092	
5.554597	-154.621378	-154.575085	-154.560291	-154.513999	
5.564817	-154.667768	-154.609992	-154.606682	-154.557632	
5.574872	-154.713983	-154.653625	-154.652897	-154.601265	
5.585056	-154.761469	-154.705985	-154.700383	-154.653625	
5.595214	-154.809415	-154.740891	-154.748328	-154.688532	
5.605409	-154.858189	-154.793251	-154.797102	-154.740891	
5.619204	-154.925495	-154.836885	-154.864409	-154.793251	
5.625645	-154.956933	-154.880518	-154.895846	-154.836885	
5.636826	-155.012584	-154.941604	-154.951497	-154.889244	
5.646495	-155.061166	-154.985238	-155.000079	-154.932878	
5.65667	-155.112943	-155.037597	-155.051857	-154.985238	
5.666812	-155.165195	-155.089957	-155.104108	-155.037597	
5.676997	-155.21826	-155.142317	-155.157173	-155.089957	
5.687277	-155.272494	-155.194677	-155.211408	-155.142317	
5.697276	-155.325785	-155.255764	-155.264698	-155.203404	
5.707791	-155.382572	-155.308123	-155.321485	-155.255764	
5.717543	-155.435734	-155.36921	-155.374647	-155.31685	
5.72769	-155.491719	-155.42157	-155.430632	-155.377937	
5.739396	-155.557174	-155.47393	-155.496088	-155.439023	
5.748071	-155.606052	-155.543743	-155.544965	-155.50011	
5.758219	-155.663861	-155.596103	-155.602775	-155.561196	
5.768316	-155.721984	-155.648463	-155.660898	-155.622283	
5.778529	-155.781463	-155.718276	-155.720377	-155.683369	
5.789141	-155.843918	-155.770636	-155.782831	-155.744456	
5.798788	-155.901229	-155.840449	-155.840142	-155.805542	
5.80892	-155.962052	-155.892809	-155.900965	-155.875355	
5.81907	-156.02362	-155.962622	-155.962533	-155.936442	
5.829241	-156.085894	-156.023708	-156.024807	-155.997529	
5.840822	-156.157745	-156.084795	-156.096659	-156.067342	
5.849569	-156.212314	-156.154608	-156.151227	-156.128428	
5.859687	-156.276102	-156.215695	-156.215016	-156.189515	
5.869832	-156.34075	-156.285508	-156.279664	-156.259328	
5.880009	-156.406153	-156.346594	-156.345067	-156.329141	
5.890584	-156.474864	-156.416408	-156.413778	-156.398954	
5.900649	-156.540783	-156.486221	-156.479697	-156.460041	
5.910798	-156.607906	-156.556034	-156.546819	-156.529854	
5.920978	-156.67589	-156.625847	-156.614803	-156.59094	
5.931104	-156.744107	-156.69566	-156.68302	-156.660754	
5.942595	-156.8224	-156.765473	-156.761313	-156.730567	
5.951429	-156.882874	-156.835287	-156.821788	-156.791653	
5.961611	-156.953348	-156.9051	-156.892262	-156.861467	
5.9718	-157.024458	-156.974913	-156.963372	-156.922553	
5.991507	-157.164953	-157.114539	-157.103866	-157.062179	
5.996093	-157.197571	-157.149446	-157.136485	-157.097086	
6.0063	-157.270877	-157.227986	-157.20979	-157.166899	
6.016434	-157.344344	-157.297799	-157.283258	-157.236712	
6.026606	-157.418717	-157.376339	-157.35763	-157.315252	
6.036742	-157.493427	-157.446152	-157.43234	-157.393792	
6.046933	-157.569145	-157.533418	-157.508058	-157.472332	
6.05718	-157.645918	-157.603231	-157.584831	-157.550872	
6.067264	-157.722059	-157.681771	-157.660973	-157.620685	
6.077428	-157.799457	-157.760311	-157.738371	-157.699225	
6.087765	-157.878828	-157.830124	-157.817741	-157.777764	
6.097698	-157.955637	-157.917391	-157.894551	-157.856304	
6.10785	-158.034797	-157.987204	-157.973711	-157.934844	
6.117982	-158.114425	-158.065744	-158.053338	-158.013384	
6.128151	-158.19494	-158.144284	-158.133854	-158.091924	
6.13834	-158.276254	-158.23155	-158.215168	-158.17919	
6.156786	-158.425972	-158.301363	-158.364886	-158.318816	
6.161377	-158.463116	-158.406083	-158.40203	-158.353723	
6.171569	-158.546469	-158.493349	-158.485383	-158.440989	
6.182051	-158.635407	-158.580616	-158.57432	-158.528256	
6.191889	-158.714555	-158.659156	-158.653469	-158.615522	
6.202014	-158.799208	-158.755149	-158.738122	-158.702789	
6.212344	-158.886221	-158.833689	-158.825135	-158.781329	
6.222476	-158.972168	-158.920955	-158.911082	-158.868595	
6.232535	-159.058169	-158.999495	-158.997083	-158.955862	
6.242702	-159.145639	-159.086761	-159.084553	-159.043128	
6.252997	-159.23492	-159.174028	-159.173834	-159.130395	
6.263007	-159.322245	-159.261294	-159.261158	-159.226388	
6.273196	-159.411786	-159.348561	-159.350699	-159.313654	
6.283324	-159.499575	-159.444554	-159.438489	-159.400921	
6.293519	-159.587366	-159.53182	-159.52628	-159.496914	
6.30366	-159.67402	-159.627813	-159.612934	-159.58418	
6.313801	-159.76012	-159.71508	-159.699034	-159.680173	
6.323932	-159.845531	-159.802346	-159.784445	-159.76744	
6.334078	-159.930454	-159.907066	-159.869368	-159.854706	
6.344283	-160.015281	-159.994333	-159.954194	-159.950699	
6.354482	-160.099446	-160.081599	-160.038359	-160.046692	
6.3646	-160.182269	-160.177592	-160.121183	-160.133959	
6.37475	-160.264789	-160.273585	-160.203702	-160.221225	
6.3849	-160.346734	-160.360852	-160.285648	-160.308492	
6.394996	-160.427598	-160.448118	-160.366512	-160.404485	
6.405225	-160.50894	-160.535385	-160.447854	-160.491751	
6.415356	-160.58891	-160.622651	-160.527824	-160.579018	
6.425506	-160.668393	-160.709918	-160.607306	-160.666284	
6.435678	-160.747454	-160.797184	-160.686368	-160.753551	
6.445797	-160.825519	-160.88445	-160.764432	-160.840817	
6.456059	-160.904055	-160.971717	-160.842968	-160.928084	
6.466184	-160.980922	-161.058983	-160.919836	-161.006623	
6.476334	-161.057381	-161.137523	-160.996294	-161.09389	
6.486499	-161.133367	-161.216063	-161.072281	-161.17243	
6.49662	-161.208424	-161.303329	-161.147337	-161.25097	
6.506814	-161.283387	-161.373143	-161.222301	-161.329509	
6.517135	-161.358677	-161.451682	-161.297591	-161.408049	
6.527278	-161.432049	-161.530222	-161.370962	-161.486589	
6.537265	-161.503703	-161.600035	-161.442617	-161.556402	
6.547728	-161.578152	-161.678575	-161.517065	-161.634942	
6.557693	-161.648469	-161.748388	-161.587382	-161.704755	
6.567783	-161.719059	-161.818202	-161.657973	-161.774568	
6.577949	-161.789559	-161.879288	-161.728473	-161.835655	
6.588066	-161.859135	-161.949101	-161.798048	-161.905468	
6.59824	-161.928533	-162.010188	-161.867447	-161.975281	
6.608373	-161.996984	-162.080001	-161.935898	-162.036368	
6.626477	-162.117016	-162.141088	-162.055929	-162.149814	
6.631062	-162.147462	-162.219627	-162.086375	-162.175994	
6.641176	-162.213874	-162.280714	-162.152787	-162.245807	
6.651912	-162.283719	-162.3418	-162.222633	-162.306894	
6.6616	-162.346148	-162.402887	-162.285061	-162.36798	
6.671734	-162.410851	-162.463973	-162.349764	-162.429067	
6.6819	-162.475196	-162.52506	-162.414109	-162.481427	
6.692038	-162.53875	-162.586146	-162.477663	-162.542513	
6.702235	-162.602057	-162.638506	-162.54097	-162.6036	
6.712375	-162.664398	-162.699593	-162.603311	-162.65596	
6.722513	-162.726137	-162.760679	-162.665051	-162.717046	
6.732648	-162.787252	-162.813039	-162.726165	-162.769406	
6.742784	-162.847788	-162.874126	-162.786702	-162.821766	
6.754727	-162.918253	-162.926486	-162.857166	-162.882852	
6.763501	-162.96957	-162.987572	-162.908483	-162.935212	
6.773615	-163.028141	-163.048659	-162.967054	-162.987572	
6.783767	-163.086328	-163.101019	-163.025241	-163.039932	
6.793872	-163.143634	-163.153378	-163.082547	-163.101019	
6.804084	-163.200967	-163.214465	-163.139881	-163.153378	
6.81424	-163.257364	-163.275552	-163.196277	-163.205738	
6.824373	-163.313033	-163.327911	-163.251947	-163.258098	
6.834543	-163.368318	-163.388998	-163.307231	-163.310458	
6.844657	-163.422696	-163.441358	-163.36161	-163.371545	
6.856472	-163.485372	-163.502444	-163.424286	-163.423905	
6.865049	-163.530469	-163.554804	-163.469383	-163.476264	
6.87519	-163.583185	-163.607164	-163.522099	-163.537351	
6.885387	-163.635559	-163.668251	-163.574473	-163.589711	
6.895462	-163.686753	-163.72061	-163.625667	-163.642071	
6.905647	-163.737883	-163.77297	-163.676797	-163.694431	
6.915795	-163.788224	-163.82533	-163.727137	-163.738064	
6.925895	-163.837733	-163.87769	-163.776647	-163.79915	
6.936127	-163.887286	-163.93005	-163.8262	-163.842784	
6.946519	-163.936989	-163.98241	-163.875903	-163.895143	
6.957832	-163.990334	-164.026043	-163.929248	-163.947503	
6.966675	-164.031587	-164.078403	-163.970501	-163.999863	
6.976768	-164.078056	-164.130763	-164.01697	-164.043496	
6.986869	-164.124019	-164.174396	-164.062932	-164.08713	
6.997307	-164.170834	-164.226756	-164.109747	-164.13949	
7.007219	-164.214739	-164.270389	-164.153652	-164.183123	
7.017385	-164.259161	-164.314022	-164.198074	-164.226756	
7.027543	-164.302953	-164.357656	-164.241867	-164.279116	
7.037647	-164.345914	-164.401289	-164.284827	-164.322749	
7.047924	-164.389017	-164.444922	-164.327931	-164.357656	
7.059327	-164.436065	-164.479829	-164.374979	-164.401289	
7.068397	-164.47301	-164.523462	-164.411924	-164.444922	
7.078657	-164.514194	-164.567095	-164.453108	-164.479829	
7.088713	-164.553991	-164.610728	-164.492905	-164.523462	
7.098835	-164.593446	-164.645635	-164.53236	-164.558369	
7.109271	-164.633486	-164.689268	-164.572399	-164.593275	
7.119105	-164.67067	-164.724175	-164.609583	-164.628182	
7.1293	-164.708607	-164.759081	-164.647521	-164.663088	
7.139424	-164.745694	-164.793988	-164.684607	-164.697995	
7.149556	-164.782213	-164.828895	-164.721127	-164.732901	
7.160951	-164.822522	-164.863801	-164.761435	-164.767808	
7.170358	-164.855444	-164.898708	-164.794358	-164.802715	
7.180095	-164.888709	-164.924888	-164.827623	-164.837621	
7.190229	-164.922855	-164.959794	-164.861769	-164.863801	
7.200329	-164.956297	-164.994701	-164.895211	-164.898708	
7.210652	-164.989874	-165.020881	-164.928787	-164.933614	
7.220805	-165.022297	-165.055787	-164.961211	-164.959794	
7.230925	-165.05403	-165.081967	-164.992944	-164.994701	
7.241094	-165.085334	-165.108147	-165.024248	-165.020881	
7.251234	-165.11595	-165.143054	-165.054864	-165.055787	
7.262563	-165.149398	-165.169234	-165.088312	-165.081967	
7.271875	-165.176443	-165.195414	-165.115356	-165.116874	
7.281771	-165.204563	-165.221594	-165.143477	-165.143054	
7.291945	-165.232908	-165.247774	-165.171822	-165.169234	
7.302058	-165.260503	-165.273954	-165.199416	-165.195414	
7.312237	-165.287684	-165.300133	-165.226598	-165.23032	
7.32236	-165.314213	-165.317587	-165.253127	-165.247774	
7.332566	-165.340191	-165.352493	-165.279105	-165.273954	
7.342744	-165.365604	-165.369947	-165.304518	-165.300133	
7.352846	-165.390235	-165.396127	-165.329148	-165.326313	
7.364284	-165.417365	-165.422307	-165.356278	-165.352493	
7.373511	-165.438808	-165.43976	-165.377722	-165.369947	
7.38361	-165.46166	-165.46594	-165.400573	-165.396127	
7.393763	-165.484066	-165.49212	-165.42298	-165.41358	
7.403917	-165.505884	-165.509573	-165.444797	-165.43976	
7.414167	-165.52733	-165.535753	-165.466244	-165.457213	
7.424285	-165.547907	-165.561933	-165.486821	-165.483393	
7.434455	-165.56801	-165.579386	-165.506924	-165.500846	
7.444584	-165.587463	-165.596839	-165.526377	-165.5183	
7.45472	-165.606349	-165.614293	-165.545263	-165.54448	
7.465896	-165.626464	-165.631746	-165.565378	-165.553206	
7.475095	-165.642571	-165.649199	-165.581485	-165.570659	
7.493388	-165.672295	-165.666653	-165.611208	-165.596839	
7.497969	-165.679786	-165.684106	-165.618699	-165.605566	
7.508112	-165.695677	-165.701559	-165.634591	-165.623019	
7.518307	-165.71107	-165.710286	-165.649984	-165.631746	
7.528593	-165.726011	-165.727739	-165.664924	-165.649199	
7.5387	-165.740142	-165.736466	-165.679055	-165.657926	
7.548728	-165.753613	-165.753919	-165.692526	-165.666653	
7.559186	-165.767055	-165.771372	-165.705968	-165.684106	
7.570274	-165.780621	-165.780099	-165.719534	-165.684106	
7.58046	-165.792541	-165.788826	-165.731455	-165.701559	
7.590692	-165.803956	-165.797552	-165.742869	-165.710286	
7.600765	-165.814656	-165.806279	-165.753569	-165.719012	
7.610963	-165.824929	-165.815006	-165.763842	-165.719012	
7.621209	-165.834692	-165.823732	-165.773606	-165.727739	
7.63128	-165.843765	-165.832459	-165.782679	-165.736466	
7.641439	-165.852368	-165.841186	-165.791282	-165.745192	
7.65159	-165.860435	-165.841186	-165.799349	-165.753919	
7.661768	-165.867993	-165.841186	-165.806907	-165.753919	
7.671992	-165.875049	-165.849912	-165.813962	-165.762646	
7.682191	-165.881565	-165.849912	-165.820478	-165.762646	
7.692342	-165.88754	-165.858639	-165.826454	-165.771372	
7.7104	-165.896212	-165.867365	-165.835125	-165.780099	
7.714926	-165.898444	-165.867365	-165.837357	-165.780099	
7.725158	-165.902869	-165.867365	-165.841783	-165.788826	
7.735216	-165.906766	-165.867365	-165.84568	-165.788826	
7.745407	-165.910259	-165.867365	-165.849172	-165.788826	
7.755616	-165.913314	-165.867365	-165.852228	-165.788826	
7.76567	-165.915915	-165.876092	-165.854829	-165.788826	
7.775941	-165.918168	-165.876092	-165.857081	-165.788826	
7.786073	-165.919998	-165.876092	-165.858912	-165.788826	
7.796558	-165.925749	-165.876092	-165.864663	-165.788826	
7.806368	-165.925749	-165.876092	-165.864663	-165.788826	
7.816512	-165.925749	-165.876092	-165.864663	-165.788826	
7.826653	-165.925749	-165.876092	-165.864663	-165.788826	
7.836805	-165.925749	-165.876092	-165.864663	-165.788826	
7.846956	-165.925749	-165.876092	-165.864663	-165.788826	
7.857137	-165.925749	-165.876092	-165.864663	-165.788826	
7.867659	-165.925749	-165.876092	-165.864663	-165.788826	
7.877514	-165.925749	-165.876092	-165.864663	-165.788826	
7.8876	-165.925749	-165.876092	-165.864663	-165.788826	
7.897737	-165.925749	-165.876092	-165.864663	-165.788826	
7.907911	-165.925749	-165.876092	-165.864663	-165.788826	
7.918019	-165.925749	-165.876092	-165.864663	-165.788826	
7.928177	-165.925749	-165.876092	-165.864663	-165.788826	
7.938334	-165.925749	-165.876092	-165.864663	-165.788826	
7.948558	-165.925749	-165.876092	-165.864663	-165.788826	
7.958709	-165.925749	-165.876092	-165.864663	-165.788826	
7.96917	-165.925749	-165.876092	-165.864663	-165.788826	
7.990665	-165.925749	-165.876092	-165.864663	-165.788826	
7.995234	-165.925749	-165.876092	-165.864663	-165.788826	
8.00559	-165.925749	-165.876092	-165.864663	-165.788826	
8.015622	-165.925749	-165.876092	-165.864663	-165.788826	
8.026219	-165.925749	-165.876092	-165.864663	-165.788826	
8.036359	-165.925749	-165.876092	-165.864663	-165.788826	
8.046591	-165.925749	-165.876092	-165.864663	-165.788826	
8.056611	-165.925749	-165.876092	-165.864663	-165.788826	
8.066771	-165.925749	-165.876092	-165.864663	-165.788826	
8.07825	-165.925749	-165.876092	-165.864663	-165.788826	
8.088485	-165.925749	-165.876092	-165.864663	-165.788826	
8.098648	-165.925749	-165.876092	-165.864663	-165.788826	
8.108717	-165.925749	-165.876092	-165.864663	-165.788826	
8.119259	-165.925749	-165.876092	-165.864663	-165.788826	
8.129005	-165.925749	-165.876092	-165.864663	-165.788826	
8.139156	-165.925749	-165.876092	-165.864663	-165.788826	
8.149328	-165.925749	-165.876092	-165.864663	-165.788826	
8.159406	-165.925749	-165.876092	-165.864663	-165.788826	
8.169621	-165.925749	-165.876092	-165.864663	-165.788826	
8.179876	-165.925749	-165.876092	-165.864663	-165.788826	
8.199279	-165.925749	-165.876092	-165.864663	-165.788826	
8.203906	-165.925749	-165.876092	-165.864663	-165.788826	
8.214447	-165.925749	-165.876092	-165.864663	-165.788826	
8.224213	-165.925749	-165.876092	-165.864663	-165.788826	
8.2343	-165.925749	-165.876092	-165.864663	-165.788826	
8.24451	-165.925749	-165.876092	-165.864663	-165.788826	
8.254727	-165.925749	-165.876092	-165.864663	-165.788826	
8.264816	-165.925749	-165.876092	-165.864663	-165.788826	
8.275006	-165.925749	-165.876092	-165.864663	-165.788826	
8.285319	-165.925749	-165.876092	-165.864663	-165.788826	
8.295345	-165.925749	-165.876092	-165.864663	-165.788826	
8.305495	-165.925749	-165.876092	-165.864663	-165.788826	
8.315689	-165.925749	-165.876092	-165.864663	-165.788826	
8.325807	-165.925749	-165.876092	-165.864663	-165.788826	
8.336007	-165.925749	-165.876092	-165.864663	-165.788826	
8.346137	-165.925749	-165.876092	-165.864663	-165.788826	
8.356245	-165.925749	-165.876092	-165.864663	-165.788826	
8.366443	-165.925749	-165.876092	-165.864663	-165.788826	
8.376553	-165.925749	-165.876092	-165.864663	-165.788826	
8.386785	-165.925749	-165.876092	-165.864663	-165.788826	
8.396923	-165.925749	-165.876092	-165.864663	-165.788826	
8.407173	-165.925749	-165.876092	-165.864663	-165.788826	
8.417283	-165.925749	-165.876092	-165.864663	-165.788826	
8.427814	-165.925749	-165.876092	-165.864663	-165.788826	
8.437579	-165.925749	-165.876092	-165.864663	-165.788826	
8.447711	-165.925749	-165.876092	-165.864663	-165.788826	
8.457844	-165.925749	-165.876092	-165.864663	-165.788826	
8.468018	-165.925749	-165.876092	-165.864663	-165.788826	
8.478135	-165.925749	-165.876092	-165.864663	-165.788826	
8.488365	-165.925749	-165.876092	-165.864663	-165.788826	
8.498577	-165.925749	-165.876092	-165.864663	-165.788826	
8.508697	-165.925749	-165.876092	-165.864663	-165.788826	
8.519035	-165.925749	-165.876092	-165.864663	-165.788826	
8.529711	-165.925749	-165.876092	-165.864663	-165.788826	
8.539281	-165.925749	-165.876092	-165.864663	-165.788826	
8.549466	-165.925749	-165.876092	-165.864663	-165.788826	
8.559607	-165.925749	-165.876092	-165.864663	-165.788826	
8.569711	-165.925749	-165.876092	-165.864663	-165.788826	
8.579948	-165.925749	-165.876092	-165.864663	-165.788826	
8.59045	-165.925749	-165.876092	-165.864663	-165.788826	
8.600275	-165.925749	-165.876092	-165.864663	-165.788826	
8.610427	-165.925749	-165.876092	-165.864663	-165.788826	
8.620561	-165.925749	-165.876092	-165.864663	-165.788826	
8.630817	-165.925749	-165.876092	-165.864663	-165.788826	
8.640924	-165.925749	-165.876092	-165.864663	-165.788826	
8.651082	-165.925749	-165.876092	-165.864663	-165.797552	
8.661313	-165.925749	-165.876092	-165.864663	-165.797552	
8.671357	-165.925749	-165.876092	-165.864663	-165.797552	
8.681568	-165.925749	-165.876092	-165.864663	-165.797552	
8.691966	-165.925749	-165.876092	-165.864663	-165.806279	
8.701937	-165.925749	-165.876092	-165.864663	-165.806279	
8.712074	-165.925749	-165.876092	-165.864663	-165.806279	
8.722204	-165.925749	-165.876092	-165.864663	-165.815006	
8.73241	-165.925749	-165.876092	-165.864663	-165.815006	
8.742693	-165.925749	-165.876092	-165.864663	-165.815006	
8.75275	-165.925749	-165.876092	-165.864663	-165.815006	
8.762917	-165.925749	-165.876092	-165.864663	-165.815006	
8.773098	-165.925749	-165.876092	-165.864663	-165.815006	
8.78464	-165.925749	-165.876092	-165.864663	-165.815006	
8.793744	-165.925749	-165.876092	-165.864663	-165.815006	
8.803568	-165.925749	-165.876092	-165.864663	-165.815006	
8.813738	-165.925749	-165.876092	-165.864663	-165.815006	
8.823849	-165.925749	-165.876092	-165.864663	-165.815006	
8.834058	-165.925749	-165.876092	-165.864663	-165.815006	
8.844239	-165.925749	-165.876092	-165.864663	-165.815006	
8.854398	-165.925749	-165.876092	-165.864663	-165.815006	
8.864534	-165.925749	-165.876092	-165.864663	-165.815006	
8.874647	-165.925749	-165.884819	-165.864663	-165.815006	
8.88622	-165.925749	-165.884819	-165.864663	-165.815006	
8.895028	-165.925749	-165.884819	-165.864663	-165.815006	
8.905175	-165.925749	-165.884819	-165.864663	-165.815006	
8.915308	-165.925749	-165.884819	-165.864663	-165.815006	
8.925477	-165.925749	-165.884819	-165.864663	-165.815006	
8.935659	-165.925749	-165.884819	-165.864663	-165.815006	
8.945932	-165.925749	-165.884819	-165.864663	-165.815006	
8.956003	-165.925749	-165.884819	-165.864663	-165.823732	
8.966118	-165.925749	-165.884819	-165.864663	-165.823732	
8.976383	-165.925749	-165.884819	-165.864663	-165.823732	
8.987802	-165.925749	-165.884819	-165.864663	-165.823732	
8.996943	-165.925749	-165.884819	-165.864663	-165.823732	
9.006802	-165.925749	-165.884819	-165.864663	-165.823732	
9.01722	-165.925749	-165.884819	-165.864663	-165.823732	
9.027061	-165.925749	-165.884819	-165.864663	-165.823732	
9.037637	-165.925749	-165.884819	-165.864663	-165.823732	
9.04736	-165.925749	-165.884819	-165.864663	-165.823732	
9.057553	-165.925749	-165.884819	-165.864663	-165.823732	
9.06767	-165.925749	-165.884819	-165.864663	-165.823732	
9.078007	-165.925749	-165.884819	-165.864663	-165.823732	
9.089323	-165.925749	-165.884819	-165.864663	-165.823732	
9.098215	-165.925749	-165.884819	-165.864663	-165.823732	
9.10836	-165.925749	-165.884819	-165.864663	-165.823732	
9.118604	-165.925749	-165.884819	-165.864663	-165.823732	
9.128747	-165.925749	-165.884819	-165.864663	-165.823732	
9.139193	-165.925749	-165.884819	-165.864663	-165.823732	
9.148987	-165.925749	-165.884819	-165.864663	-165.823732	
9.159153	-165.925749	-165.884819	-165.864663	-165.823732	
9.169275	-165.925749	-165.884819	-165.864663	-165.823732	
9.179388	-165.925749	-165.884819	-165.864663	-165.823732	
9.192379	-165.925749	-165.884819	-165.864663	-165.823732	
9.200041	-165.925749	-165.884819	-165.864663	-165.823732	
9.209867	-165.925749	-165.884819	-165.864663	-165.823732	
9.227934	-165.925749	-165.884819	-165.864663	-165.823732	
9.232488	-165.925749	-165.884819	-165.864663	-165.823732	
9.242675	-165.925749	-165.893545	-165.864663	-165.832459	
9.252826	-165.925749	-165.893545	-165.864663	-165.832459	
9.263021	-165.925749	-165.893545	-165.864663	-165.832459	
9.273123	-165.925749	-165.902272	-165.864663	-165.832459	
9.283258	-165.925749	-165.910999	-165.864663	-165.832459	
9.294175	-165.925749	-165.910999	-165.864663	-165.832459	
9.303652	-165.925749	-165.910999	-165.864663	-165.832459	
9.31378	-165.925749	-165.910999	-165.864663	-165.832459	
9.323953	-165.925749	-165.910999	-165.864663	-165.832459	
9.33406	-165.925749	-165.910999	-165.864663	-165.832459	
9.344257	-165.925749	-165.902272	-165.864663	-165.832459	
9.35435	-165.925749	-165.902272	-165.864663	-165.832459	
9.364971	-165.925749	-165.902272	-165.864663	-165.832459	
9.374812	-165.925749	-165.902272	-165.864663	-165.832459	
9.384894	-165.925749	-165.902272	-165.864663	-165.832459	
9.395785	-165.925749	-165.902272	-165.864663	-165.832459	
9.405361	-165.925749	-165.902272	-165.864663	-165.832459	
9.415398	-165.925749	-165.902272	-165.864663	-165.832459	
9.42554	-165.925749	-165.902272	-165.864663	-165.832459	
9.435757	-165.925749	-165.902272	-165.864663	-165.832459	
9.445927	-165.925749	-165.902272	-165.864663	-165.832459	
9.456086	-165.925749	-165.902272	-165.864663	-165.832459	
9.466403	-165.925749	-165.902272	-165.864663	-165.832459	
9.476421	-165.925749	-165.902272	-165.864663	-165.832459	
9.486523	-165.925749	-165.902272	-165.864663	-165.832459	
9.497331	-165.925749	-165.902272	-165.864663	-165.832459	
9.506887	-165.925749	-165.902272	-165.864663	-165.832459	
9.517939	-165.925749	-165.902272	-165.864663	-165.832459	
9.527304	-165.925749	-165.902272	-165.864663	-165.832459	
9.537689	-165.925749	-165.902272	-165.864663	-165.832459	
9.547419	-165.925749	-165.902272	-165.864663	-165.832459	
9.55763	-165.925749	-165.902272	-165.864663	-165.832459	
9.567741	-165.925749	-165.902272	-165.864663	-165.832459	
9.577903	-165.925749	-165.902272	-165.864663	-165.832459	
9.588068	-165.925749	-165.902272	-165.864663	-165.832459	
9.598932	-165.925749	-165.902272	-165.864663	-165.832459	
9.608392	-165.925749	-165.902272	-165.864663	-165.832459	
9.618573	-165.925749	-165.902272	-165.864663	-165.832459	
9.628671	-165.925749	-165.902272	-165.864663	-165.832459	
9.638866	-165.925749	-165.902272	-165.864663	-165.832459	
9.649319	-165.925749	-165.902272	-165.864663	-165.832459	
9.659147	-165.925749	-165.902272	-165.864663	-165.832459	
9.669365	-165.925749	-165.902272	-165.864663	-165.832459	
9.679489	-165.925749	-165.902272	-165.864663	-165.832459	
9.689589	-165.925749	-165.902272	-165.864663	-165.832459	
9.700562	-165.925749	-165.902272	-165.864663	-165.832459	
9.710035	-165.925749	-165.902272	-165.864663	-165.832459	
9.720145	-165.925749	-165.902272	-165.864663	-165.832459	
9.730292	-165.925749	-165.902272	-165.864663	-165.832459	
9.740461	-165.925749	-165.902272	-165.864663	-165.832459	
9.750742	-165.925749	-165.902272	-165.864663	-165.832459	
9.760819	-165.925749	-165.902272	-165.864663	-165.832459	
9.771004	-165.925749	-165.902272	-165.864663	-165.832459	
9.781224	-165.925749	-165.902272	-165.864663	-165.832459	
9.791295	-165.925749	-165.902272	-165.864663	-165.832459	
9.802119	-165.925749	-165.902272	-165.864663	-165.832459	
9.811965	-165.925749	-165.902272	-165.864663	-165.832459	
9.821806	-165.925749	-165.902272	-165.864663	-165.832459	
9.831944	-165.925749	-165.902272	-165.864663	-165.832459	
9.842085	-165.925749	-165.902272	-165.864663	-165.832459	
9.852283	-165.925749	-165.902272	-165.864663	-165.832459	
9.862441	-165.925749	-165.902272	-165.864663	-165.832459	
9.872576	-165.925749	-165.902272	-165.864663	-165.832459	
9.882747	-165.925749	-165.902272	-165.864663	-165.832459	
9.893024	-165.925749	-165.902272	-165.864663	-165.832459	
9.903693	-165.925749	-165.902272	-165.864663	-165.832459	
9.913314	-165.925749	-165.902272	-165.864663	-165.832459	
9.923394	-165.925749	-165.902272	-165.864663	-165.832459	
9.933564	-165.925749	-165.902272	-165.864663	-165.832459	
9.943689	-165.925749	-165.902272	-165.864663	-165.832459	
9.953894	-165.925749	-165.902272	-165.864663	-165.832459	
9.964076	-165.925749	-165.902272	-165.864663	-165.832459	
9.974183	-165.925749	-165.902272	-165.864663	-165.832459	
9.994351	-165.925749	-165.902272	-165.864663	-165.832459	
9.999367	-165.925749	-165.902272	-165.864663	-165.832459	
10.00925	-165.925749	-165.902272	-165.864663	-165.832459	
10.01962	-165.925749	-165.902272	-165.864663	-165.832459	
10.02977	-165.925749	-165.902272	-165.864663	-165.832459	
10.03967	-165.925749	-165.902272	-165.864663	-165.832459	
10.04986	-165.925749	-165.902272	-165.864663	-165.832459	
10.06009	-165.925749	-165.902272	-165.864663	-165.832459	
10.07017	-165.925749	-165.902272	-165.864663	-165.832459	
10.08032	-165.925749	-165.902272	-165.864663	-165.832459	
10.09045	-165.925749	-165.902272	-165.864663	-165.832459	
10.10069	-165.925749	-165.902272	-165.864663	-165.832459	
10.11096	-165.925749	-165.902272	-165.864663	-165.832459	
10.12133	-165.925749	-165.902272	-165.864663	-165.832459	
10.13151	-165.925749	-165.902272	-165.864663	-165.832459	
10.14169	-165.925749	-165.902272	-165.864663	-165.832459	
10.15184	-165.925749	-165.902272	-165.864663	-165.832459	
10.16202	-165.925749	-165.902272	-165.864663	-165.832459	
10.17221	-165.925749	-165.902272	-165.864663	-165.832459	
10.18235	-165.925749	-165.902272	-165.864663	-165.832459	
10.19355	-165.925749	-165.902272	-165.864663	-165.832459	
10.20267	-165.925749	-165.902272	-165.864663	-165.832459	
10.21287	-165.925749	-165.902272	-165.864663	-165.832459	
10.22305	-165.925749	-165.902272	-165.864663	-165.832459	
10.23314	-165.925749	-165.902272	-165.864663	-165.832459	
10.24329	-165.925749	-165.902272	-165.864663	-165.832459	
10.25352	-165.925749	-165.902272	-165.864663	-165.832459	
10.26362	-165.925749	-165.902272	-165.864663	-165.832459	
10.27377	-165.925749	-165.902272	-165.864663	-165.832459	
10.284	-165.925749	-165.902272	-165.864663	-165.832459	
10.29406	-165.925749	-165.902272	-165.864663	-165.832459	
10.30461	-165.925749	-165.902272	-165.864663	-165.832459	
10.31475	-165.925749	-165.902272	-165.864663	-165.832459	
10.32458	-165.925749	-165.902272	-165.864663	-165.832459	
10.34268	-165.925749	-165.902272	-165.864663	-165.832459	
10.34765	-165.925749	-165.902272	-165.864663	-165.832459	
10.35747	-165.925749	-165.902272	-165.864663	-165.832459	
10.36755	-165.925749	-165.902272	-165.864663	-165.832459	
10.37771	-165.925749	-165.902272	-165.864663	-165.832459	
10.38785	-165.925749	-165.902272	-165.864663	-165.832459	
10.398	-165.925749	-165.902272	-165.864663	-165.832459	
10.40825	-165.925749	-165.902272	-165.864663	-165.832459	
10.41906	-165.925749	-165.902272	-165.864663	-165.832459	
10.42854	-165.925749	-165.902272	-165.864663	-165.832459	
10.43874	-165.925749	-165.902272	-165.864663	-165.832459	
10.44883	-165.925749	-165.902272	-165.864663	-165.832459	
10.45919	-165.925749	-165.902272	-165.864663	-165.832459	
10.4691	-165.925749	-165.902272	-165.864663	-165.832459	
10.47922	-165.925749	-165.902272	-165.864663	-165.832459	
10.48939	-165.925749	-165.902272	-165.864663	-165.832459	
10.49949	-165.925749	-165.902272	-165.864663	-165.832459	
10.50974	-165.925749	-165.902272	-165.864663	-165.832459	
10.52083	-165.925749	-165.902272	-165.864663	-165.832459	
10.53794	-165.925749	-165.902272	-165.864663	-165.832459	
10.54249	-165.925749	-165.902272	-165.864663	-165.832459	
10.55264	-165.925749	-165.902272	-165.864663	-165.832459	
10.56282	-165.925749	-165.902272	-165.864663	-165.832459	
10.573	-165.925749	-165.902272	-165.864663	-165.832459	
10.58313	-165.925749	-165.902272	-165.864663	-165.832459	
10.59328	-165.925749	-165.902272	-165.864663	-165.832459	
10.60343	-165.925749	-165.902272	-165.864663	-165.832459	
10.61905	-165.925749	-165.902272	-165.864663	-165.832459	
10.62408	-165.925749	-165.902272	-165.864663	-165.832459	
10.63414	-165.925749	-165.902272	-165.864663	-165.832459	
10.64428	-165.925749	-165.902272	-165.864663	-165.832459	
10.65442	-165.925749	-165.902272	-165.864663	-165.832459	
10.66462	-165.925749	-165.902272	-165.864663	-165.832459	
10.67478	-165.925749	-165.902272	-165.864663	-165.832459	
10.68493	-165.925749	-165.902272	-165.864663	-165.832459	
10.69509	-165.925749	-165.902272	-165.864663	-165.832459	
10.70519	-165.925749	-165.902272	-165.864663	-165.832459	
10.71678	-165.925749	-165.902272	-165.864663	-165.832459	
10.7256	-165.925749	-165.902272	-165.864663	-165.832459	
10.73582	-165.925749	-165.902272	-165.864663	-165.832459	
10.74602	-165.925749	-165.902272	-165.864663	-165.832459	
10.75638	-165.925749	-165.902272	-165.864663	-165.832459	
10.76634	-165.925749	-165.902272	-165.864663	-165.832459	
10.77647	-165.925749	-165.902272	-165.864663	-165.832459	
10.78663	-165.925749	-165.902272	-165.864663	-165.832459	
10.79677	-165.925749	-165.902272	-165.864663	-165.832459	
10.80695	-165.925749	-165.902272	-165.864663	-165.832459	
10.81843	-165.925749	-165.902272	-165.864663	-165.832459	
10.8278	-165.925749	-165.902272	-165.864663	-165.832459	
10.83792	-165.925749	-165.902272	-165.864663	-165.832459	
10.84807	-165.925749	-165.902272	-165.864663	-165.832459	
10.85818	-165.925749	-165.902272	-165.864663	-165.832459	
10.86835	-165.925749	-165.902272	-165.864663	-165.832459	
10.87857	-165.925749	-165.902272	-165.864663	-165.832459	
10.88867	-165.925749	-165.902272	-165.864663	-165.832459	
10.89887	-165.925749	-165.902272	-165.864663	-165.832459	
10.90893	-165.925749	-165.902272	-165.864663	-165.832459	
10.92	-165.925749	-165.902272	-165.864663	-165.832459	
10.9293	-165.925749	-165.902272	-165.864663	-165.832459	
10.93944	-165.925749	-165.902272	-165.864663	-165.832459	
10.94962	-165.925749	-165.902272	-165.864663	-165.832459	
10.9597	-165.925749	-165.902272	-165.864663	-165.832459	
10.96989	-165.925749	-165.902272	-165.864663	-165.832459	
10.98785	-165.925749	-165.902272	-165.864663	-165.832459	
10.99243	-165.925749	-165.902272	-165.864663	-165.832459	
11.00259	-165.925749	-165.902272	-165.864663	-165.832459	
11.01272	-165.925749	-165.902272	-165.864663	-165.832459	
11.02435	-165.925749	-165.902272	-165.864663	-165.832459	
11.03446	-165.925749	-165.902272	-165.864663	-165.832459	
11.04466	-165.925749	-165.902272	-165.864663	-165.832459	
11.05489	-165.925749	-165.902272	-165.864663	-165.832459	
11.06492	-165.925749	-165.902272	-165.864663	-165.832459	
11.07512	-165.925749	-165.902272	-165.864663	-165.832459	
11.0854	-165.925749	-165.902272	-165.864663	-165.832459	
11.09543	-165.925749	-165.902272	-165.864663	-165.832459	
11.10558	-165.925749	-165.902272	-165.864663	-165.832459	
11.11569	-165.925749	-165.902272	-165.864663	-165.832459	
11.12591	-165.925749	-165.902272	-165.864663	-165.832459	
11.13613	-165.925749	-165.902272	-165.864663	-165.832459	
11.1463	-165.925749	-165.902272	-165.864663	-165.832459	
11.15642	-165.925749	-165.902272	-165.864663	-165.832459	
11.16653	-165.925749	-165.902272	-165.864663	-165.832459	
11.17671	-165.925749	-165.902272	-165.864663	-165.832459	
11.18689	-165.925749	-165.902272	-165.864663	-165.832459	
11.20633	-165.925749	-165.902272	-165.864663	-165.832459	
11.21089	-165.925749	-165.902272	-165.864663	-165.832459	
11.22109	-165.925749	-165.902272	-165.864663	-165.832459	
11.23129	-165.925749	-165.902272	-165.864663	-165.832459	
11.24144	-165.925749	-165.902272	-165.864663	-165.832459	
11.2516	-165.925749	-165.902272	-165.864663	-165.832459	
11.26175	-165.925749	-165.902272	-165.864663	-165.832459	
11.27191	-165.925749	-165.902272	-165.864663	-165.832459	
11.28207	-165.925749	-165.902272	-165.864663	-165.832459	
11.29224	-165.925749	-165.902272	-165.864663	-165.832459	
11.3024	-165.925749	-165.902272	-165.864663	-165.832459	
11.31251	-165.925749	-165.902272	-165.864663	-165.832459	
11.32265	-165.925749	-165.902272	-165.864663	-165.832459	
11.3329	-165.925749	-165.902272	-165.864663	-165.832459	
11.3431	-165.925749	-165.902272	-165.864663	-165.832459	
11.35325	-165.925749	-165.902272	-165.864663	-165.832459	
11.36338	-165.925749	-165.902272	-165.864663	-165.832459	
11.3736	-165.925749	-165.902272	-165.864663	-165.832459	
11.38371	-165.925749	-165.902272	-165.864663	-165.832459	
11.39386	-165.925749	-165.902272	-165.864663	-165.832459	
11.40409	-165.925749	-165.902272	-165.864663	-165.832459	
11.41415	-165.925749	-165.902272	-165.864663	-165.832459	
11.42434	-165.925749	-165.902272	-165.864663	-165.832459	
11.43454	-165.925749	-165.902272	-165.864663	-165.832459	
11.44468	-165.925749	-165.902272	-165.864663	-165.832459	
11.45511	-165.925749	-165.902272	-165.864663	-165.832459	
11.46518	-165.925749	-165.902272	-165.864663	-165.832459	
11.47537	-165.925749	-165.902272	-165.864663	-165.832459	
11.48558	-165.925749	-165.902272	-165.864663	-165.832459	
11.4957	-165.925749	-165.902272	-165.864663	-165.832459	
11.50585	-165.925749	-165.902272	-165.864663	-165.832459	
11.51631	-165.925749	-165.902272	-165.864663	-165.832459	
11.52758	-165.925749	-165.902272	-165.864663	-165.832459	
11.5365	-165.925749	-165.902272	-165.864663	-165.832459	
11.54643	-165.925749	-165.902272	-165.864663	-165.832459	
11.55685	-165.925749	-165.902272	-165.864663	-165.832459	
11.56684	-165.925749	-165.902272	-165.864663	-165.832459	
11.57688	-165.925749	-165.902272	-165.864663	-165.832459	
11.58715	-165.925749	-165.902272	-165.864663	-165.832459	
11.59723	-165.925749	-165.902272	-165.864663	-165.832459	
11.60739	-165.925749	-165.902272	-165.864663	-165.832459	
11.61749	-165.925749	-165.902272	-165.864663	-165.832459	
11.6291	-165.925749	-165.902272	-165.864663	-165.832459	
11.63806	-165.925749	-165.902272	-165.864663	-165.832459	
11.64799	-165.925749	-165.902272	-165.864663	-165.832459	
11.65813	-165.925749	-165.902272	-165.864663	-165.832459	
11.66835	-165.925749	-165.902272	-165.864663	-165.832459	
11.68678	-165.925749	-165.902272	-165.864663	-165.832459	
11.69136	-165.925749	-165.902272	-165.864663	-165.832459	
11.70163	-165.925749	-165.902272	-165.864663	-165.832459	
11.71168	-165.925749	-165.902272	-165.864663	-165.832459	
11.72181	-165.925749	-165.902272	-165.864663	-165.832459	
11.73347	-165.925749	-165.902272	-165.864663	-165.832459	
11.74232	-165.925749	-165.902272	-165.864663	-165.832459	
11.7523	-165.925749	-165.902272	-165.864663	-165.832459	
11.76246	-165.925749	-165.902272	-165.864663	-165.832459	
11.77264	-165.925749	-165.902272	-165.864663	-165.832459	
11.78284	-165.925749	-165.902272	-165.864663	-165.832459	
11.79296	-165.925749	-165.902272	-165.864663	-165.832459	
11.80311	-165.925749	-165.902272	-165.864663	-165.832459	
11.81329	-165.925749	-165.902272	-165.864663	-165.832459	
11.82339	-165.925749	-165.902272	-165.864663	-165.832459	
11.83496	-165.925749	-165.902272	-165.864663	-165.832459	
11.84378	-165.925749	-165.902272	-165.864663	-165.832459	
11.85393	-165.925749	-165.902272	-165.864663	-165.832459	
11.86408	-165.925749	-165.902272	-165.864663	-165.832459	
11.87422	-165.925749	-165.902272	-165.864663	-165.832459	
11.88443	-165.925749	-165.902272	-165.864663