3.121872	
3.131948	
3.142555	
3.152204	
3.162365	
3.172473	
3.182621	
3.192853	
3.202963	
3.213058	
3.223197	
3.233326	
3.25178	
3.256148	
3.266302	
3.276466	
3.286591	
3.296777	
3.307139	
3.317092	
3.327233	
3.33737	
3.347521	
3.357713	
3.367849	
3.37795	
3.388101	
3.398266	
3.408623	
3.418574	
3.428723	
3.448642	
3.453361	
3.463472	
3.473312	
3.491351	
3.495752	
3.505978	
3.516134	
3.52629	
3.536397	
3.546515	
3.556735	
3.566863	
3.576958	
3.587133	
3.597299	
3.607486	
3.617599	
3.627731	
3.637879	
3.648033	
3.658179	
3.668336	
3.678512	
3.688605	
3.698824	
3.709014	
3.71913	
3.729304	
3.739422	
3.749596	
3.759763	
3.769877	
3.780021	
3.79028	
3.800346	
3.810443	
3.820623	
3.830805	
3.840942	
3.851075	
3.861223	
3.871435	
3.881518	
3.891675	
3.901797	
3.911912	
3.922945	
3.932311	
3.942389	
3.952504	
3.962626	
3.972833	
3.98292	
3.993044	
4.003253	
4.013442	
4.031408	
4.035817	
4.045944	
4.056109	
4.066271	
4.076388	
4.086591	
4.096714	
4.106879	
4.117071	
4.127162	
4.137349	
4.147585	
4.157702	
4.16785	
4.177965	
4.192232	-165.904106	-165.902272	-165.851746	-165.849912	
4.198399	-165.904976	-165.902272	-165.852616	-165.849912	
4.208473	-165.907124	-165.902272	-165.854764	-165.849912	
4.218579	-165.909893	-165.902272	-165.857533	-165.849912	
4.22879	-165.913319	-165.902272	-165.86096	-165.849912	
4.238912	-165.917329	-165.902272	-165.864969	-165.849912	
4.249102	-165.92199	-165.902272	-165.86963	-165.849912	
4.259216	-165.927226	-165.902272	-165.874866	-165.849912	
4.269441	-165.933153	-165.902272	-165.880793	-165.849912	
4.279685	-165.939719	-165.902272	-165.88736	-165.849912	
4.289725	-165.946753	-165.902272	-165.894393	-165.849912	
4.29999	-165.954594	-165.902272	-165.902234	-165.849912	
4.310217	-165.963018	-165.902272	-165.910658	-165.849912	
4.320275	-165.971909	-165.902272	-165.919549	-165.849912	
4.330416	-165.981491	-165.902272	-165.929132	-165.849912	
4.340537	-165.991672	-165.910999	-165.939312	-165.849912	
4.350759	-166.002591	-165.910999	-165.950231	-165.849912	
4.360872	-166.014055	-165.910999	-165.961695	-165.849912	
4.371013	-166.026048	-165.910999	-165.973688	-165.849912	
4.381108	-166.038655	-165.910999	-165.986296	-165.849912	
4.391426	-166.0523	-165.910999	-165.99994	-165.849912	
4.40174	-166.066366	-165.910999	-166.014006	-165.858639	
4.411654	-166.080602	-165.919725	-166.028242	-165.858639	
4.421792	-166.095696	-165.928452	-166.043337	-165.858639	
4.431922	-166.111438	-165.945905	-166.059079	-165.858639	
4.442522	-166.128605	-165.954632	-166.076245	-165.858639	
4.452233	-166.144863	-165.963359	-166.092504	-165.867365	
4.462453	-166.162627	-165.980812	-166.110267	-165.876092	
4.472531	-166.18074	-165.998265	-166.128381	-165.884819	
4.482651	-166.199545	-166.015718	-166.147185	-165.902272	
4.492988	-166.219406	-166.033172	-166.167046	-165.928452	
4.503377	-166.240026	-166.050625	-166.187666	-165.945905	
4.513283	-166.26024	-166.076805	-166.207881	-165.972085	
4.523486	-166.281701	-166.094258	-166.229341	-165.998265	
4.533622	-166.303636	-166.120438	-166.251277	-166.033172	
4.543785	-166.326258	-166.146618	-166.273898	-166.059352	
4.554165	-166.350021	-166.172798	-166.297661	-166.094258	
4.564106	-166.37334	-166.207705	-166.32098	-166.129165	
4.574262	-166.3978	-166.233885	-166.345441	-166.164071	
4.584349	-166.422696	-166.268791	-166.370336	-166.198978	
4.59447	-166.448293	-166.303698	-166.395934	-166.242611	
4.604913	-166.475399	-166.347331	-166.423039	-166.277518	
4.614891	-166.501837	-166.382238	-166.449477	-166.321151	
4.632877	-166.551892	-166.460777	-166.499532	-166.399691	
4.637444	-166.564545	-166.478231	-166.512185	-166.417144	
4.647588	-166.593449	-166.521864	-166.541089	-166.460777	
4.657749	-166.623	-166.565497	-166.57064	-166.504411	
4.667939	-166.653284	-166.60913	-166.600924	-166.556771	
4.678128	-166.684157	-166.644037	-166.631797	-166.591677	
4.68819	-166.715261	-166.68767	-166.662901	-166.63531	
4.70029	-166.753657	-166.731303	-166.701298	-166.678944	
4.70901	-166.781651	-166.774937	-166.729291	-166.722577	
4.719145	-166.814858	-166.81857	-166.762498	-166.76621	
4.729275	-166.848668	-166.853476	-166.796308	-166.801117	
4.739475	-166.883352	-166.888383	-166.830992	-166.84475	
4.749619	-166.918447	-166.92329	-166.866087	-166.888383	
4.759807	-166.954332	-166.966923	-166.901972	-166.92329	
4.770009	-166.990903	-167.001829	-166.938543	-166.966923	
4.780078	-167.027569	-167.045463	-166.975209	-167.001829	
4.790332	-167.065564	-167.080369	-167.013204	-167.045463	
4.801774	-167.108794	-167.115276	-167.056434	-167.080369	
4.810847	-167.143483	-167.158909	-167.091123	-167.115276	
4.820783	-167.182085	-167.193816	-167.129726	-167.150182	
4.830946	-167.222233	-167.237449	-167.169873	-167.185089	
4.841046	-167.262693	-167.272356	-167.210334	-167.219996	
4.851199	-167.304035	-167.307262	-167.251676	-167.254902	
4.861413	-167.346237	-167.342169	-167.293877	-167.289809	
4.871541	-167.38871	-167.377075	-167.33635	-167.333442	
4.881663	-167.43172	-167.411982	-167.37936	-167.368349	
4.891808	-167.475489	-167.446888	-167.423129	-167.403255	
4.90335	-167.526146	-167.481795	-167.473786	-167.438162	
4.912776	-167.567962	-167.525428	-167.515602	-167.481795	
4.922242	-167.610498	-167.569061	-167.558138	-167.516702	
4.932372	-167.65665	-167.603968	-167.60429	-167.560335	
4.942531	-167.703558	-167.647601	-167.651199	-167.603968	
4.952634	-167.750828	-167.691235	-167.698469	-167.638875	
4.962816	-167.799097	-167.726141	-167.746738	-167.682508	
4.972959	-167.847788	-167.769774	-167.795428	-167.734868	
4.98314	-167.897299	-167.822134	-167.844939	-167.778501	
4.993241	-167.946986	-167.865767	-167.894626	-167.822134	
5.004945	-168.005512	-167.918127	-167.953152	-167.883221	
5.014454	-168.053499	-167.970487	-168.001139	-167.926854	
5.024543	-168.105025	-168.022847	-168.052665	-167.979214	
5.034703	-168.157567	-168.075207	-168.105207	-168.031574	
5.044935	-168.211101	-168.11884	-168.158741	-168.09266	
5.05505	-168.264633	-168.179927	-168.212273	-168.14502	
5.065108	-168.31848	-168.232287	-168.26612	-168.19738	
5.075531	-168.374938	-168.284646	-168.322578	-168.267193	
5.085709	-168.430688	-168.345733	-168.378328	-168.319553	
5.095892	-168.487066	-168.40682	-168.434706	-168.38064	
5.10645	-168.546264	-168.459179	-168.493904	-168.441726	
5.116213	-168.601488	-168.528993	-168.549128	-168.502813	
5.126422	-168.659875	-168.581352	-168.607515	-168.563899	
5.136512	-168.718222	-168.642439	-168.665862	-168.624986	
5.146625	-168.777288	-168.703525	-168.724928	-168.686072	
5.15685	-168.83768	-168.773339	-168.78532	-168.755885	
5.16698	-168.898094	-168.843152	-168.845735	-168.816972	
5.177078	-168.95891	-168.904238	-168.90655	-168.878058	
5.187272	-169.021005	-168.965325	-168.968645	-168.947872	
5.197382	-169.083125	-169.035138	-169.030765	-169.008958	
5.216947	-169.206285	-169.096225	-169.153925	-169.139858	
5.221555	-169.235151	-169.192218	-169.182791	-169.166038	
5.239604	-169.351111	-169.314391	-169.298751	-169.279484	
5.244122	-169.380074	-169.340571	-169.327714	-169.314391	
5.254385	-169.44668	-169.410384	-169.394321	-169.375477	
5.264441	-169.512511	-169.480197	-169.460151	-169.44529	
5.274581	-169.579538	-169.558737	-169.527178	-169.506377	
5.284717	-169.647161	-169.62855	-169.594801	-169.57619	
5.294956	-169.716111	-169.698363	-169.663751	-169.646003	
5.305475	-169.787584	-169.768176	-169.735224	-169.715816	
5.31585	-169.858782	-169.83799	-169.806422	-169.78563	
5.325782	-169.927451	-169.907803	-169.875091	-169.855443	
5.335936	-169.998287	-169.986342	-169.945928	-169.925256	
5.346063	-170.069585	-170.056156	-170.017225	-169.995069	
5.356257	-170.142002	-170.134695	-170.089642	-170.064882	
5.366546	-170.21566	-170.204509	-170.1633	-170.134695	
5.376611	-170.288335	-170.274322	-170.235976	-170.213235	
5.386742	-170.36215	-170.344135	-170.30979	-170.283048	
5.397202	-170.43899	-170.422675	-170.38663	-170.352862	
5.407323	-170.513951	-170.501215	-170.461592	-170.431401	
5.417547	-170.590367	-170.571028	-170.538007	-170.501215	
5.427635	-170.666503	-170.649568	-170.614143	-170.571028	
5.448082	-170.823346	-170.797921	-170.770986	-170.719381	
5.452871	-170.860071	-170.832827	-170.807712	-170.754287	
5.462813	-170.936957	-170.90264	-170.884598	-170.832827	
5.472967	-171.016172	-170.98118	-170.963812	-170.911367	
5.483114	-171.095933	-171.05972	-171.043573	-170.989907	
5.493234	-171.176087	-171.13826	-171.123727	-171.068447	
5.512543	-171.331896	-171.2168	-171.279536	-171.208073	
5.517181	-171.369164	-171.321519	-171.316804	-171.251706	
5.527298	-171.451378	-171.408786	-171.399018	-171.330246	
5.537423	-171.534273	-171.487326	-171.481913	-171.417512	
5.547559	-171.617866	-171.565865	-171.565506	-171.496052	
5.557767	-171.702731	-171.653132	-171.650371	-171.583319	
5.567978	-171.788221	-171.731672	-171.735861	-171.670585	
5.578033	-171.872957	-171.818938	-171.820597	-171.757852	
5.588215	-171.959415	-171.897478	-171.907055	-171.845118	
5.598421	-172.046719	-171.984744	-171.994359	-171.932385	
5.608557	-172.13403	-172.072011	-172.08167	-172.019651	
5.61877	-172.222721	-172.159277	-172.170361	-172.106918	
5.628961	-172.311667	-172.255271	-172.259307	-172.202911	
5.639054	-172.400454	-172.342537	-172.348094	-172.290177	
5.64916	-172.488143	-172.43853	-172.435783	-172.38617	
5.659357	-172.575996	-172.525797	-172.523637	-172.473437	
5.66954	-172.663142	-172.62179	-172.610782	-172.56943	
5.679771	-172.75002	-172.717783	-172.69766	-172.665423	
5.689828	-172.834886	-172.805049	-172.782526	-172.752689	
5.709407	-172.997329	-172.988309	-172.944969	-172.935949	
5.715393	-173.047008	-173.031942	-172.994648	-172.979582	
5.724325	-173.120526	-173.119209	-173.068166	-173.066849	
5.734475	-173.203457	-173.206475	-173.151097	-173.162842	
5.744547	-173.285178	-173.302468	-173.232818	-173.258835	
5.754746	-173.367335	-173.398461	-173.314975	-173.346101	
5.765002	-173.449289	-173.485728	-173.396929	-173.442094	
5.775037	-173.528913	-173.572994	-173.476553	-173.538088	
5.785219	-173.609063	-173.660261	-173.556703	-173.625354	
5.795351	-173.688216	-173.747527	-173.635856	-173.71262	
5.805508	-173.766986	-173.834793	-173.714626	-173.808614	
5.817113	-173.856177	-173.92206	-173.803817	-173.89588	
5.826158	-173.925183	-174.009326	-173.872824	-173.983146	
5.836275	-174.001808	-174.087866	-173.949448	-174.070413	
5.846456	-174.078267	-174.175133	-174.025907	-174.148953	
5.856614	-174.153975	-174.253673	-174.101615	-174.236219	
5.866936	-174.230272	-174.332212	-174.177912	-174.306032	
5.877116	-174.304898	-174.410752	-174.252538	-174.393299	
5.887241	-174.378526	-174.480565	-174.326166	-174.463112	
5.897351	-174.451429	-174.559105	-174.399069	-174.541652	
5.907545	-174.524365	-174.628918	-174.472005	-174.611465	
5.918753	-174.603787	-174.698731	-174.551427	-174.681278	
5.927995	-174.668785	-174.759818	-174.616425	-174.751091	
5.938022	-174.738669	-174.829631	-174.686309	-174.820905	
5.94822	-174.809169	-174.890718	-174.756809	-174.881991	
5.958415	-174.879023	-174.960531	-174.826663	-174.951804	
5.968526	-174.947716	-175.021617	-174.895356	-175.012891	
5.978631	-175.015761	-175.091431	-174.963401	-175.073977	
5.988885	-175.084179	-175.152517	-175.031819	-175.14379	
5.998967	-175.150863	-175.213604	-175.098503	-175.19615	
6.009145	-175.217589	-175.265963	-175.165229	-175.257237	
6.020362	-175.290375	-175.335777	-175.238015	-175.318323	
6.029448	-175.348824	-175.388137	-175.296464	-175.370683	
6.039568	-175.413342	-175.449223	-175.360982	-175.423043	
6.049745	-175.477606	-175.51031	-175.425246	-175.48413	
6.05989	-175.541058	-175.571396	-175.488698	-175.53649	
6.070059	-175.604083	-175.632483	-175.551723	-175.597576	
6.080196	-175.666282	-175.684843	-175.613922	-175.649936	
6.093817	-175.748672	-175.763382	-175.696312	-175.728476	
6.103925	-175.809256	-175.824469	-175.756896	-175.772109	
6.114335	-175.871052	-175.885555	-175.818692	-175.833195	
6.124659	-175.931738	-175.946642	-175.879378	-175.885555	
6.134791	-175.990613	-176.007728	-175.938253	-175.946642	
6.144978	-176.049243	-176.068815	-175.996883	-175.999002	
6.155038	-176.106558	-176.121175	-176.054199	-176.060088	
6.16552	-176.165621	-176.182261	-176.113261	-176.121175	
6.175561	-176.22162	-176.243348	-176.16926	-176.173535	
6.185703	-176.277592	-176.304434	-176.225232	-176.234621	
6.195912	-176.333289	-176.365521	-176.280929	-176.295708	
6.206023	-176.387866	-176.417881	-176.335506	-176.348068	
6.216186	-176.442128	-176.478967	-176.389768	-176.400427	
6.22641	-176.496111	-176.540054	-176.443751	-176.470241	
6.236582	-176.549211	-176.592414	-176.496851	-176.522601	
6.246771	-176.60176	-176.644774	-176.5494	-176.57496	
6.256875	-176.653291	-176.697133	-176.600931	-176.62732	
6.26699	-176.70428	-176.75822	-176.65192	-176.67968	
6.277197	-176.755139	-176.801853	-176.70278	-176.740767	
6.287306	-176.804897	-176.854213	-176.752537	-176.7844	
6.297498	-176.854449	-176.906573	-176.802089	-176.83676	
6.307658	-176.903247	-176.958933	-176.850888	-176.88912	
6.317802	-176.951378	-177.011293	-176.899018	-176.94148	
6.328066	-176.999464	-177.054926	-176.947104	-176.993839	
6.338247	-177.046562	-177.098559	-176.994202	-177.046199	
6.348365	-177.092746	-177.150919	-177.040387	-177.089833	
6.358575	-177.138745	-177.194552	-177.086385	-177.133466	
6.368638	-177.183503	-177.246912	-177.131143	-177.177099	
6.378796	-177.228084	-177.290545	-177.175724	-177.220732	
6.388966	-177.27211	-177.325452	-177.21975	-177.264365	
6.399122	-177.315479	-177.369085	-177.263119	-177.307999	
6.409252	-177.358128	-177.412718	-177.305768	-177.351632	
6.419359	-177.400107	-177.456352	-177.347747	-177.395265	
6.429624	-177.442123	-177.491258	-177.389763	-177.430172	
6.439823	-177.483242	-177.534892	-177.430882	-177.473805	
6.449923	-177.523376	-177.569798	-177.471016	-177.508712	
6.460062	-177.56307	-177.604705	-177.51071	-177.543618	
6.470188	-177.602126	-177.639611	-177.549766	-177.587251	
6.480375	-177.640817	-177.674518	-177.588457	-177.622158	
6.49052	-177.678741	-177.709424	-177.626381	-177.657065	
6.500665	-177.716067	-177.744331	-177.663708	-177.691971	
6.510857	-177.753147	-177.779238	-177.700787	-177.726878	
6.521273	-177.790386	-177.814144	-177.738026	-177.761784	
6.531204	-177.824848	-177.849051	-177.772488	-177.796691	
6.541398	-177.859938	-177.883957	-177.807578	-177.831597	
6.551893	-177.895449	-177.918864	-177.843089	-177.866504	
6.561934	-177.928821	-177.953771	-177.876462	-177.901411	
6.572536	-177.963416	-177.988677	-177.911056	-177.927591	
6.582228	-177.994521	-178.014857	-177.942161	-177.962497	
6.592398	-178.026541	-178.041037	-177.974181	-177.988677	
6.60254	-178.057877	-178.075944	-178.005517	-178.023584	
6.612662	-178.088573	-178.102124	-178.036213	-178.049764	
6.622844	-178.118859	-178.128303	-178.066499	-178.075944	
6.633042	-178.148585	-178.16321	-178.096225	-178.11085	
6.643846	-178.179403	-178.18939	-178.127043	-178.145757	
6.653362	-178.206032	-178.21557	-178.153672	-178.16321	
6.671417	-178.254271	-178.24175	-178.201911	-178.21557	
6.676018	-178.266626	-178.276656	-178.214266	-178.224297	
6.686123	-178.292999	-178.302836	-178.240639	-178.250477	
6.696295	-178.318959	-178.337743	-178.266599	-178.276656	
6.706497	-178.34441	-178.363923	-178.29205	-178.302836	
6.716604	-178.369033	-178.390103	-178.316673	-178.329016	
6.726817	-178.393318	-178.407556	-178.340959	-178.355196	
6.736991	-178.416935	-178.442463	-178.364575	-178.37265	
6.747111	-178.43983	-178.459916	-178.38747	-178.398829	
6.757322	-178.462341	-178.486096	-178.409982	-178.425009	
6.767405	-178.484002	-178.512276	-178.431642	-178.442463	
6.777573	-178.505258	-178.529729	-178.452898	-178.459916	
6.787767	-178.526054	-178.547182	-178.473694	-178.486096	
6.797941	-178.546074	-178.564636	-178.493714	-178.503549	
6.808084	-178.565528	-178.582089	-178.513168	-178.521003	
6.818216	-178.584384	-178.599542	-178.532024	-178.538456	
6.828396	-178.602756	-178.616996	-178.550396	-178.555909	
6.838676	-178.620716	-178.625722	-178.568356	-178.573362	
6.848741	-178.637716	-178.643176	-178.585356	-178.582089	
6.858931	-178.654367	-178.651902	-178.602007	-178.599542	
6.869089	-178.670379	-178.669356	-178.618019	-178.616996	
6.879206	-178.685762	-178.686809	-178.633402	-178.634449	
6.889338	-178.700602	-178.695535	-178.648242	-178.643176	
6.899489	-178.714903	-178.712989	-178.662543	-178.651902	
6.909699	-178.72871	-178.721715	-178.67635	-178.669356	
6.927773	-178.75098	-178.739169	-178.69862	-178.678082	
6.933838	-178.758454	-178.747895	-178.706095	-178.686809	
6.942615	-178.768782	-178.756622	-178.716422	-178.695535	
6.952673	-178.780033	-178.765349	-178.727673	-178.704262	
6.962838	-178.790859	-178.774075	-178.738499	-178.704262	
6.972965	-178.80109	-178.782802	-178.74873	-178.712989	
6.983101	-178.810789	-178.791529	-178.758429	-178.712989	
6.993239	-178.819945	-178.791529	-178.767585	-178.721715	
7.004172	-178.829178	-178.800255	-178.776818	-178.730442	
7.013591	-178.836697	-178.800255	-178.784337	-178.730442	
7.023669	-178.844211	-178.808982	-178.791852	-178.739169	
7.035442	-178.852231	-178.808982	-178.799871	-178.739169	
7.044338	-178.857955	-178.817709	-178.805595	-178.739169	
7.054533	-178.863964	-178.817709	-178.811604	-178.747895	
7.064621	-178.869419	-178.826435	-178.817059	-178.747895	
7.074729	-178.874384	-178.826435	-178.822024	-178.756622	
7.093247	-178.881486	-178.826435	-178.829127	-178.756622	
7.097839	-178.88331	-178.826435	-178.83095	-178.756622	
7.108009	-178.886776	-178.826435	-178.834416	-178.756622	
7.118138	-178.889798	-178.826435	-178.837438	-178.756622	
7.128249	-178.892403	-178.826435	-178.840043	-178.756622	
7.139722	-178.894822	-178.826435	-178.842463	-178.756622	
7.149887	-178.896629	-178.826435	-178.844269	-178.756622	
7.160113	-178.902272	-178.826435	-178.849912	-178.756622	
7.17031	-178.902272	-178.826435	-178.849912	-178.756622	
7.180322	-178.902272	-178.826435	-178.849912	-178.756622	
7.190562	-178.902272	-178.826435	-178.849912	-178.756622	
7.200655	-178.902272	-178.826435	-178.849912	-178.756622	
7.210811	-178.902272	-178.826435	-178.849912	-178.756622	
7.220996	-178.902272	-178.826435	-178.849912	-178.756622	
7.231376	-178.902272	-178.826435	-178.849912	-178.756622	
7.241331	-178.902272	-178.826435	-178.849912	-178.756622	
7.251496	-178.902272	-178.826435	-178.849912	-178.756622	
7.261668	-178.902272	-178.826435	-178.849912	-178.756622	
7.271842	-178.902272	-178.826435	-178.849912	-178.756622	
7.281963	-178.902272	-178.826435	-178.849912	-178.756622	
7.292129	-178.902272	-178.826435	-178.849912	-178.756622	
7.302323	-178.902272	-178.826435	-178.849912	-178.756622	
7.3124	-178.902272	-178.826435	-178.849912	-178.756622	
7.322522	-178.902272	-178.826435	-178.849912	-178.756622	
7.333041	-178.902272	-178.826435	-178.849912	-178.756622	
7.342919	-178.902272	-178.826435	-178.849912	-178.756622	
7.353067	-178.902272	-178.826435	-178.849912	-178.756622	
7.363178	-178.902272	-178.826435	-178.849912	-178.756622	
7.373372	-178.902272	-178.826435	-178.849912	-178.756622	
7.383989	-178.902272	-178.826435	-178.849912	-178.756622	
7.393755	-178.902272	-178.826435	-178.849912	-178.756622	
7.403787	-178.902272	-178.826435	-178.849912	-178.756622	
7.413995	-178.902272	-178.826435	-178.849912	-178.756622	
7.424101	-178.902272	-178.826435	-178.849912	-178.756622	
7.44711	-178.902272	-178.826435	-178.849912	-178.756622	
7.452194	-178.902272	-178.826435	-178.849912	-178.756622	
7.462239	-178.902272	-178.826435	-178.849912	-178.756622	
7.472358	-178.902272	-178.826435	-178.849912	-178.756622	
7.482779	-178.902272	-178.826435	-178.849912	-178.756622	
7.492666	-178.902272	-178.826435	-178.849912	-178.756622	
7.50281	-178.902272	-178.826435	-178.849912	-178.756622	
7.512966	-178.902272	-178.826435	-178.849912	-178.756622	
7.523079	-178.902272	-178.826435	-178.849912	-178.756622	
7.533278	-178.902272	-178.826435	-178.849912	-178.756622	
7.544678	-178.902272	-178.826435	-178.849912	-178.756622	
7.553638	-178.902272	-178.826435	-178.849912	-178.756622	
7.563716	-178.902272	-178.826435	-178.849912	-178.756622	
7.573838	-178.902272	-178.826435	-178.849912	-178.756622	
7.584054	-178.902272	-178.826435	-178.849912	-178.756622	
7.594314	-178.902272	-178.826435	-178.849912	-178.756622	
7.604349	-178.902272	-178.826435	-178.849912	-178.756622	
7.614579	-178.902272	-178.826435	-178.849912	-178.756622	
7.62465	-178.902272	-178.826435	-178.849912	-178.765349	
7.634753	-178.902272	-178.826435	-178.849912	-178.765349	
7.654048	-178.902272	-178.826435	-178.849912	-178.774075	
7.658646	-178.902272	-178.826435	-178.849912	-178.774075	
7.668803	-178.902272	-178.826435	-178.849912	-178.774075	
7.678967	-178.902272	-178.826435	-178.849912	-178.774075	
7.689073	-178.902272	-178.826435	-178.849912	-178.782802	
7.699279	-178.902272	-178.826435	-178.849912	-178.782802	
7.709465	-178.902272	-178.826435	-178.849912	-178.791529	
7.719593	-178.902272	-178.826435	-178.849912	-178.791529	
7.729743	-178.902272	-178.826435	-178.849912	-178.791529	
7.739843	-178.902272	-178.826435	-178.849912	-178.791529	
7.75011	-178.902272	-178.826435	-178.849912	-178.791529	
7.760286	-178.902272	-178.826435	-178.849912	-178.791529	
7.770406	-178.902272	-178.835162	-178.849912	-178.791529	
7.780532	-178.902272	-178.843888	-178.849912	-178.791529	
7.79071	-178.902272	-178.843888	-178.849912	-178.791529	
7.800956	-178.902272	-178.861342	-178.849912	-178.791529	
7.810982	-178.902272	-178.861342	-178.849912	-178.791529	
7.821227	-178.902272	-178.870068	-178.849912	-178.791529	
7.831324	-178.902272	-178.870068	-178.849912	-178.791529	
7.841442	-178.902272	-178.878795	-178.849912	-178.791529	
7.85169	-178.902272	-178.878795	-178.849912	-178.791529	
7.861847	-178.902272	-178.887522	-178.849912	-178.791529	
7.879913	-178.902272	-178.887522	-178.849912	-178.791529	
7.884448	-178.902272	-178.887522	-178.849912	-178.791529	
7.894701	-178.902272	-178.887522	-178.849912	-178.791529	
7.904815	-178.902272	-178.878795	-178.849912	-178.800255	
7.922816	-178.902272	-178.878795	-178.849912	-178.800255	
7.927385	-178.902272	-178.878795	-178.849912	-178.808982	
7.937475	-178.902272	-178.878795	-178.849912	-178.808982	
7.949152	-178.902272	-178.878795	-178.849912	-178.808982	
7.958119	-178.902272	-178.878795	-178.849912	-178.817709	
7.968267	-178.902272	-178.878795	-178.849912	-178.817709	
7.978374	-178.902272	-178.878795	-178.849912	-178.826435	
7.988501	-178.902272	-178.878795	-178.849912	-178.826435	
7.998737	-178.902272	-178.878795	-178.849912	-178.835162	
8.008872	-178.902272	-178.878795	-178.849912	-178.835162	
8.01899	-178.902272	-178.878795	-178.849912	-178.835162	
8.029184	-178.902272	-178.878795	-178.849912	-178.835162	
8.039258	-178.902272	-178.878795	-178.849912	-178.835162	
8.051042	-178.902272	-178.878795	-178.849912	-178.826435	
8.059641	-178.902272	-178.878795	-178.849912	-178.826435	
8.06982	-178.902272	-178.878795	-178.849912	-178.826435	
8.080247	-178.902272	-178.878795	-178.849912	-178.826435	
8.090378	-178.902272	-178.878795	-178.849912	-178.826435	
8.100565	-178.902272	-178.878795	-178.849912	-178.826435	
8.110829	-178.902272	-178.878795	-178.849912	-178.826435	
8.120959	-178.902272	-178.878795	-178.849912	-178.826435	
8.131084	-178.902272	-178.878795	-178.849912	-178.826435	
8.141399	-178.902272	-178.878795	-178.849912	-178.826435	
8.151385	-178.902272	-178.878795	-178.849912	-178.826435	
8.161514	-178.902272	-178.878795	-178.849912	-178.826435	
8.171654	-178.902272	-178.878795	-178.849912	-178.826435	
8.181759	-178.902272	-178.878795	-178.849912	-178.826435	
8.191964	-178.902272	-178.878795	-178.849912	-178.826435	
8.20214	-178.902272	-178.878795	-178.849912	-178.826435	
8.212241	-178.902272	-178.878795	-178.849912	-178.826435	
8.222463	-178.902272	-178.878795	-178.849912	-178.826435	
8.232562	-178.902272	-178.878795	-178.849912	-178.826435	
8.2427	-178.902272	-178.878795	-178.849912	-178.826435	
8.252825	-178.902272	-178.878795	-178.849912	-178.826435	
8.263005	-178.902272	-178.878795	-178.849912	-178.826435	
8.273118	-178.902272	-178.878795	-178.849912	-178.826435	
8.283255	-178.902272	-178.878795	-178.849912	-178.826435	
8.293521	-178.902272	-178.878795	-178.849912	-178.826435	
8.303601	-178.902272	-178.878795	-178.849912	-178.826435	
8.314052	-178.902272	-178.878795	-178.849912	-178.826435	
8.3239	-178.902272	-178.878795	-178.849912	-178.826435	
8.33403	-178.902272	-178.878795	-178.849912	-178.826435	
8.34423	-178.902272	-178.878795	-178.849912	-178.826435	
8.354297	-178.902272	-178.878795	-178.849912	-178.826435	
8.36449	-178.902272	-178.878795	-178.849912	-178.826435	
8.374663	-178.902272	-178.878795	-178.849912	-178.826435	
8.384747	-178.902272	-178.878795	-178.849912	