6.126189	
6.147105	
6.151422	
6.161504	
6.171619	
6.181861	
6.191933	
6.202078	
6.212228	
6.222335	
6.232576	
6.242643	
6.25277	
6.262931	
6.27306	
6.283209	
6.293305	
6.303486	
6.3136	
6.323741	
6.333912	
6.344013	
6.354122	
6.364291	
6.374498	
6.384636	
6.394766	
6.404914	
6.415128	
6.425183	
6.435311	
6.445452	
6.455576	
6.465872	
6.47587	
6.48602	
6.496166	
6.506295	
6.516422	
6.526577	
6.536725	
6.546878	
6.557042	
6.567226	
6.577281	
6.587448	
6.597562	
6.607645	
6.617823	
6.628051	
6.6381	
6.648211	
6.65834	
6.668449	
6.678718	
6.688765	
6.699173	
6.709015	
6.719225	
6.729334	
6.739916	
6.749586	
6.759695	
6.769813	
6.779901	
6.790245	
6.800196	
6.810326	
6.82045	
6.830628	
6.841117	
6.850909	
6.861036	
6.871427	
6.88158	
6.892421	
6.901877	
6.911953	
6.922064	
6.93224	
6.942373	
6.952565	
6.962661	
6.972822	
6.982966	
6.993073	
7.003229	
7.013364	
7.023545	
7.034276	
7.043845	
7.05396	
7.064169	
7.074236	
7.084375	
7.094508	
7.104685	
7.114808	
7.124915	
7.135159	
7.145224	
7.155348	
7.16549	
7.175645	
7.185798	
7.195918	
7.206094	
7.216197	
7.226333	
7.236462	
7.246657	
7.256761	
7.266886	
7.277083	
7.2873	
7.297311	
7.307468	
7.3176	
7.327742	
7.337854	
7.34806	
7.358149	
7.368286	
7.378585	
7.388847	
7.398865	
7.408977	
7.419112	
7.429279	
7.439899	
7.449773	
7.459737	
7.469813	
7.479865	
7.490216	
7.500176	
7.510306	
7.520419	
7.530517	
7.5407	
7.5587	
7.562915	
7.57307	
7.583297	
7.59334	
7.603468	
7.613633	
7.624174	0.620593037	0.619591884	1.15291846	1.15191731	
7.633957	0.622072053	0.619591884	1.15439747	1.15191731	
7.644031	0.624213583	0.619591884	1.156539	1.15191731	
7.654192	0.626996345	0.619591884	1.15932177	1.16064395	
7.66437	0.630405527	0.619591884	1.16273095	1.16064395	
7.674485	0.634407034	0.619591884	1.16673246	1.1693706	
7.684656	0.639049622	0.628318531	1.17137504	1.1693706	
7.69479	0.644291108	0.628318531	1.17661653	1.1693706	
7.705177	0.650323165	0.628318531	1.18264859	1.1693706	
7.715079	0.656643088	0.628318531	1.18896851	1.17809725	
7.725627	0.664070335	0.628318531	1.19639576	1.17809725	
7.735428	0.671513567	0.628318531	1.20383899	1.17809725	
7.745755	0.680305874	0.628318531	1.2126313	1.17809725	
7.755695	0.688791402	0.628318531	1.22111682	1.17809725	
7.765828	0.698352465	0.628318531	1.23067789	1.17809725	
7.775968	0.708539455	0.628318531	1.24086488	1.17809725	
7.786103	0.719334354	0.628318531	1.25165978	1.17809725	
7.796236	0.730746658	0.628318531	1.26307208	1.17809725	
7.806438	0.742858382	0.628318531	1.2751838	1.17809725	
7.816548	0.755471104	0.628318531	1.28779653	1.17809725	
7.827276	0.769577828	0.628318531	1.30190325	1.17809725	
7.837092	0.783023591	0.637045177	1.31534901	1.17809725	
7.84729	0.797628081	0.645771823	1.3299535	1.18682389	
7.857298	0.812564784	0.654498469	1.34489021	1.18682389	
7.867429	0.828303288	0.663225116	1.36062871	1.18682389	
7.877845	0.845139438	0.671951762	1.37746486	1.19555054	
7.887742	0.861710549	0.680678408	1.39403597	1.20427718	
7.898234	0.879953456	0.698131701	1.41227888	1.20427718	
7.908328	0.898105142	0.706858347	1.43043056	1.21300383	
7.918715	0.917444024	0.72431164	1.44976945	1.22173048	
7.936619	0.953112896	0.750491578	1.48543832	1.24791042	
7.94111	0.962001771	0.750491578	1.49432719	1.25663706	
7.951338	0.983027423	0.767944871	1.51535284	1.27409035	
7.961348	1.00420302	0.785398163	1.53652844	1.282817	
7.971541	1.02641028	0.802851456	1.5587357	1.30899694	
7.981666	1.04907816	0.820304748	1.58140358	1.32645023	
7.991835	1.07245928	0.837758041	1.6047847	1.34390352	
8.001958	1.09634292	0.855211333	1.62866834	1.36135682	
8.012073	1.1208359	0.872664626	1.65316133	1.38753676	
8.022245	1.14427074	0.898844565	1.67659616	1.41371669	
8.032496	1.16729256	0.916297857	1.69961798	1.43116999	
8.042591	1.18935028	0.942477796	1.7216757	1.45734993	
8.052709	1.21089538	0.959931089	1.7432208	1.48352986	
8.062884	1.2319885	0.986111027	1.76431392	1.5097098	
8.073007	1.2523609	1.01229097	1.78468633	1.53588974	
8.083167	1.27223656	1.0384709	1.80456198	1.56206968	
8.093297	1.29147099	1.06465084	1.82379641	1.58824962	
8.103483	1.31022501	1.09955743	1.84255043	1.6231562	
8.123899	1.34487234	1.15191731	1.87719777	1.67551608	
8.12962	1.35463771	1.1693706	1.88696313	1.69296937	
8.138423	1.36913637	1.19555054	1.90146179	1.71914931	
8.148545	1.38521293	1.22173048	1.91753836	1.7540559	
8.15867	1.40072481	1.25663706	1.93305023	1.78023584	
8.168871	1.4157702	1.29154365	1.94809563	1.80641578	
8.178968	1.43010343	1.31772359	1.96242886	1.83259571	
8.189111	1.4439314	1.34390352	1.97625682	1.8675023	
8.207323	1.46652797	1.37008346	1.99885339	1.89368224	
8.211643	1.47195021	1.40499005	2.00427563	1.91986218	
8.221838	1.48402728	1.43116999	2.0163527	1.94604212	
8.23211	1.49562259	1.45734993	2.02794801	1.97222205	
8.242128	1.50638891	1.48352986	2.03871433	1.98967535	
8.252251	1.5167257	1.50098316	2.04905112	2.01585529	
8.262378	1.52651658	1.5271631	2.05884201	2.03330858	
8.272577	1.5358265	1.54461639	2.06815192	2.05948852	
8.282713	1.54453987	1.57079633	2.07686529	2.07694181	
8.292791	1.55269855	1.58824962	2.08502398	2.0943951	
8.303046	1.56040766	1.60570291	2.09273308	2.11184839	
8.313104	1.56747201	1.6231562	2.09979744	2.12057504	
8.323284	1.57409781	1.6406095	2.10642323	2.13802833	
8.333813	1.58039229	1.64933614	2.11271771	2.14675498	
8.343783	1.58586671	1.65806279	2.11819213	2.16420827	
8.353847	1.59090229	1.66678944	2.12322772	2.17293492	
8.364033	1.59550311	1.67551608	2.12782854	2.18166156	
8.374184	1.59961018	1.67551608	2.1319356	2.19038821	
8.384354	1.60325462	1.67551608	2.13558004	2.19911486	
8.394473	1.60643148	1.67551608	2.1387569	2.19911486	
8.404588	1.60917534	1.67551608	2.14150077	2.19911486	
8.414752	1.61151519	1.66678944	2.14384061	2.19911486	
8.424869	1.61345609	1.66678944	2.14578151	2.19911486	
8.435311	1.61507007	1.65806279	2.14739549	2.19911486	
8.445212	1.61959188	1.65806279	2.15191731	2.19911486	
8.455376	1.61959188	1.64933614	2.15191731	2.19911486	
8.465617	1.61959188	1.6406095	2.15191731	2.19911486	
8.475582	1.61959188	1.6406095	2.15191731	2.19038821	
8.485781	1.61959188	1.6406095	2.15191731	2.19038821	
8.495917	1.61959188	1.63188285	2.15191731	2.19038821	
8.50604	1.61959188	1.63188285	2.15191731	2.19038821	
8.516185	1.61959188	1.6231562	2.15191731	2.19038821	
8.526278	1.61959188	1.6231562	2.15191731	2.18166156	
8.536952	1.61959188	1.61442956	2.15191731	2.18166156	
8.546629	1.61959188	1.61442956	2.15191731	2.18166156	
8.5568	1.61959188	1.61442956	2.15191731	2.17293492	
8.566928	1.61959188	1.61442956	2.15191731	2.17293492	
8.577249	1.61959188	1.6231562	2.15191731	2.16420827	
8.587194	1.61959188	1.6231562	2.15191731	2.16420827	
8.597311	1.61959188	1.6231562	2.15191731	2.16420827	
8.60743	1.61959188	1.6231562	2.15191731	2.16420827	
8.617614	1.61959188	1.6231562	2.15191731	2.15548163	
8.627681	1.61959188	1.6231562	2.15191731	2.15548163	
8.638064	1.61959188	1.6231562	2.15191731	2.15548163	
8.648078	1.61959188	1.6231562	2.15191731	2.15548163	
8.658273	1.61959188	1.6231562	2.15191731	2.15548163	
8.668316	1.61959188	1.6231562	2.15191731	2.15548163	
8.678724	1.61959188	1.6231562	2.15191731	2.15548163	
8.688587	1.61959188	1.6231562	2.15191731	2.15548163	
8.698719	1.61959188	1.6231562	2.15191731	2.15548163	
8.708832	1.61959188	1.6231562	2.15191731	2.15548163	
8.718977	1.61959188	1.6231562	2.15191731	2.15548163	
8.729109	1.61959188	1.6231562	2.15191731	2.15548163	
8.739291	1.61959188	1.6231562	2.15191731	2.15548163	
8.750898	1.61959188	1.6231562	2.15191731	2.15548163	
8.759589	1.61959188	1.6231562	2.15191731	2.15548163	
8.769681	1.61959188	1.6231562	2.15191731	2.15548163	
8.779799	1.61959188	1.6231562	2.15191731	2.15548163	
8.790005	1.61959188	1.6231562	2.15191731	2.15548163	
8.800083	1.61959188	1.6231562	2.15191731	2.15548163	
8.810178	1.61959188	1.6231562	2.15191731	2.15548163	
8.820359	1.61959188	1.6231562	2.15191731	2.15548163	
8.830486	1.61959188	1.6231562	2.15191731	2.15548163	
8.840626	1.61959188	1.6231562	2.15191731	2.15548163	
8.850834	1.61959188	1.6231562	2.15191731	2.15548163	
8.861068	1.61959188	1.6231562	2.15191731	2.15548163	
8.870996	1.61959188	1.6231562	2.15191731	2.15548163	
8.881167	1.61959188	1.6231562	2.15191731	2.15548163	
8.891255	1.61959188	1.6231562	2.15191731	2.15548163	
8.901431	1.61959188	1.6231562	2.15191731	2.15548163	
8.911606	1.61959188	1.6231562	2.15191731	2.15548163	
8.921648	1.61959188	1.6231562	2.15191731	2.15548163	
8.931843	1.61959188	1.6231562	2.15191731	2.15548163	
8.942035	1.61959188	1.6231562	2.15191731	2.15548163	
8.952127	1.61959188	1.6231562	2.15191731	2.15548163	
8.962268	1.61959188	1.6231562	2.15191731	2.15548163	
8.972405	1.61959188	1.6231562	2.15191731	2.15548163	
8.982709	1.61959188	1.6231562	2.15191731	2.15548163	
8.992729	1.61959188	1.6231562	2.15191731	2.15548163	
9.002829	1.61959188	1.6231562	2.15191731	2.15548163	
9.012997	1.61959188	1.6231562	2.15191731	2.15548163	
9.023082	1.61959188	1.6231562	2.15191731	2.15548163	
9.033289	1.61959188	1.6231562	2.15191731	2.15548163	
9.043405	1.61959188	1.6231562	2.15191731	2.15548163	
9.05352	1.61959188	1.6231562	2.15191731	2.15548163	
9.063979	1.61959188	1.6231562	2.15191731	2.15548163	
9.073807	1.61959188	1.6231562	2.15191731	2.15548163	
9.08402	1.61959188	1.6231562	2.15191731	2.15548163	
9.094174	1.61959188	1.6231562	2.15191731	2.15548163	
9.104243	1.61959188	1.6231562	2.15191731	2.15548163	
9.122471	1.61959188	1.6231562	2.15191731	2.15548163	
9.126992	1.61959188	1.6231562	2.15191731	2.15548163	
9.137011	1.61959188	1.6231562	2.15191731	2.15548163	
9.147118	1.61959188	1.6231562	2.15191731	2.15548163	
9.157241	1.61959188	1.6231562	2.15191731	2.15548163	
9.167498	1.61959188	1.6231562	2.15191731	2.15548163	
9.177475	1.61959188	1.6231562	2.15191731	2.15548163	
9.187667	1.61959188	1.6231562	2.15191731	2.15548163	
9.197788	1.61959188	1.6231562	2.15191731	2.15548163	
9.207906	1.61959188	1.6231562	2.15191731	2.15548163	
9.218072	1.61959188	1.6231562	2.15191731	2.15548163	
9.228193	1.61959188	1.6231562	2.15191731	2.15548163	
9.23834	1.61959188	1.6231562	2.15191731	2.15548163	
9.248437	1.61959188	1.6231562	2.15191731	2.15548163	
9.258568	1.61959188	1.6231562	2.15191731	2.15548163	
9.268744	1.61959188	1.6231562	2.15191731	2.15548163	
9.278861	1.61959188	1.6231562	2.15191731	2.15548163	
9.288986	1.61959188	1.6231562	2.15191731	2.15548163	
9.299093	1.61959188	1.6231562	2.15191731	2.15548163	
9.30922	1.61959188	1.6231562	2.15191731	2.15548163	
9.319517	1.61959188	1.6231562	2.15191731	2.15548163	
9.329834	1.61959188	1.6231562	2.15191731	2.15548163	
9.339677	1.61959188	1.6231562	2.15191731	2.15548163	
9.349747	1.61959188	1.6231562	2.15191731	2.15548163	
9.359924	1.61959188	1.6231562	2.15191731	2.15548163	
9.370011	1.61959188	1.6231562	2.15191731	2.15548163	
9.380432	1.61959188	1.6231562	2.15191731	2.15548163	
9.390343	1.61959188	1.6231562	2.15191731	2.15548163	
9.400472	1.61959188	1.6231562	2.15191731	2.15548163	
9.410582	1.61959188	1.6231562	2.15191731	2.15548163	
9.420738	1.61959188	1.6231562	2.15191731	2.15548163	
9.439514	1.61959188	1.6231562	2.15191731	2.15548163	
9.443865	1.61959188	1.6231562	2.15191731	2.15548163	
9.454042	1.61959188	1.6231562	2.15191731	2.15548163	
9.464158	1.61959188	1.6231562	2.15191731	2.15548163	
9.47431	1.61959188	1.6231562	2.15191731	2.15548163	
9.484443	1.61959188	1.6231562	2.15191731	2.15548163	
9.494553	1.61959188	1.6231562	2.15191731	2.15548163	
9.504788	1.61959188	1.6231562	2.15191731	2.15548163	
9.514872	1.61959188	1.6231562	2.15191731	2.15548163	
9.525026	1.61959188	1.6231562	2.15191731	2.15548163	
9.535162	1.61959188	1.6231562	2.15191731	2.15548163	
9.545241	1.61959188	1.6231562	2.15191731	2.15548163	
9.555437	1.61959188	1.6231562	2.15191731	2.15548163	
9.565557	1.61959188	1.6231562	2.15191731	2.15548163	
9.57571	1.61959188	1.6231562	2.15191731	2.15548163	
9.585863	1.61959188	1.6231562	2.15191731	2.15548163	
9.595995	1.61959188	1.6231562	2.15191731	2.15548163	
9.606134	1.61959188	1.6231562	2.15191731	2.15548163	
9.616265	1.61959188	1.6231562	2.15191731	2.15548163	
9.626394	1.61959188	1.6231562	2.15191731	2.15548163	
9.636531	1.61959188	1.6231562	2.15191731	2.15548163	
9.646676	1.61959188	1.6231562	2.15191731	2.15548163	
9.656923	1.61959188	1.6231562	2.15191731	2.15548163	
9.666941	1.61959188	1.6231562	2.15191731	2.15548163	
9.677064	1.61959188	1.6231562	2.15191731	2.15548163	
9.68722	1.61959188	1.6231562	2.15191731	2.15548163	
9.69735	1.61959188	1.6231562	2.15191731	2.15548163	
9.707478	1.61959188	1.6231562	2.15191731	2.15548163	
9.717592	1.61959188	1.6231562	2.15191731	2.15548163	
9.729744	1.61959188	1.6231562	2.15191731	2.15548163	
9.739806	1.61959188	1.6231562	2.15191731	2.15548163	
9.7503	1.61959188	1.6231562	2.15191731	2.15548163	
9.760131	1.61959188	1.6231562	2.15191731	2.15548163	
9.781247	1.61959188	1.6231562	2.15191731	2.15548163	
9.792175	1.61959188	1.6231562	2.15191731	2.15548163	
