11.72725	
11.73429	
11.7444	
11.7545	
11.7646	
11.77476	
11.78487	
11.79506	
11.8052	
11.81526	
11.82571	
11.83564	
11.84567	
11.8558	
11.86589	
11.87607	
11.88618	
11.89652	
11.9065	
11.92442	
11.92858	
11.9388	
11.94895	
11.95899	
11.96912	
11.9793	
11.9894	
11.99949	
12.00971	
12.01983	
12.02998	
12.04028	
12.05027	
12.06039	
12.07047	
12.08064	
12.09078	
12.10098	
12.11101	
12.12117	
12.13134	
12.14146	
12.15163	
12.16173	
12.17191	
12.18197	
12.19215	
12.20232	
12.21241	
12.22254	
12.23293	
12.24282	
12.25303	
12.26307	
12.27317	
12.28333	
12.29346	
12.30355	
12.31375	
12.32383	
12.33397	
12.34407	
12.35427	
12.36434	
12.37446	
12.38456	
12.39488	
12.40483	
12.41495	
12.42516	
12.43519	
12.44568	
12.45656	
12.46578	
12.47596	
12.486	
12.49669	
12.50635	
12.51641	
12.53439	
12.53857	
12.54867	
12.55885	
12.56898	
12.57912	
12.58925	
12.59938	
12.60951	
12.61973	
12.62978	
12.6399	
12.65004	
12.66019	
12.67036	
12.68046	
12.69058	
12.70073	
12.71082	
12.721	
12.73112	
12.74127	
12.75137	
12.76147	
12.78003	
12.78421	
12.796	
12.81371	
12.81787	
12.82804	
12.83817	
12.84826	
12.85844	
12.8686	
12.87876	
12.88886	
12.89903	
12.90915	
12.91922	
12.92934	
12.93955	
12.94963	
12.95976	
12.96995	
12.98014	
12.99017	
13.0004	4.57370654	4.57276264	4.76569276	4.76474886	
13.01053	4.57524938	4.57276264	4.76723559	4.76474886	
13.02061	4.57739478	4.57276264	4.769381	4.76474886	
13.03072	4.58016319	4.58148929	4.7721494	4.7734755	
13.04091	4.58357584	4.58148929	4.77556206	4.7734755	
13.05104	4.58758629	4.59021593	4.77957251	4.7734755	
13.06121	4.59222797	4.59021593	4.78421419	4.78220215	
13.07128	4.59743583	4.59021593	4.78942204	4.78220215	
13.08139	4.60327611	4.59021593	4.79526233	4.78220215	
13.09169	4.6098649	4.59894258	4.80185112	4.78220215	
13.10179	4.61694453	4.59894258	4.80893075	4.78220215	
13.11184	4.62457725	4.59894258	4.81656347	4.7909288	
13.12202	4.63293801	4.59894258	4.82492423	4.7909288	
13.13216	4.64188405	4.59894258	4.83387027	4.79965544	
13.14225	4.65139518	4.59894258	4.8433814	4.79965544	
13.15243	4.66162106	4.59894258	4.85360728	4.80838209	
13.1626	4.67244724	4.59894258	4.86443346	4.80838209	
13.1727	4.6838155	4.59894258	4.87580172	4.81710874	
13.18281	4.69581382	4.59894258	4.88780004	4.82583538	
13.19304	4.70861887	4.59894258	4.90060509	4.83456203	
13.20334	4.72208064	4.59894258	4.91406686	4.83456203	
13.21329	4.73569542	4.59894258	4.92768163	4.84328867	
13.2234	4.750144	4.59894258	4.94213022	4.85201532	
13.23352	4.76522594	4.60766923	4.95721216	4.85201532	
13.24416	4.78178524	4.60766923	4.97377146	4.86074197	
13.25379	4.79728541	4.60766923	4.98927163	4.86946861	
13.26392	4.81423513	4.61639587	5.00622135	4.87819526	
13.27404	4.83178255	4.62512252	5.02376877	4.88692191	
13.28415	4.84992019	4.64257581	5.0419064	4.89564855	
13.29442	4.86899618	4.65130246	5.0609824	4.9043752	
13.30448	4.88825385	4.66875575	5.08024007	4.91310184	
13.31461	4.90828925	4.68620904	5.10027547	4.92182849	
13.3247	4.92884931	4.71238898	5.12083553	4.93055514	
13.33487	4.9501977	4.72984227	5.14218391	4.93928178	
13.34517	4.97244169	4.74729557	5.16442791	4.95673508	
13.35517	4.9946485	4.7734755	5.18663472	4.97418837	
13.36542	5.0180345	4.7909288	5.21002072	4.98291501	
13.37553	5.04171452	4.81710874	5.23370074	5.00036831	
13.38561	5.06594784	4.83456203	5.25793406	5.0178216	
13.39622	5.09019485	4.85201532	5.28218107	5.03527489	
13.40591	5.11182478	4.87819526	5.303811	5.06145483	
13.41611	5.13401608	4.9043752	5.3260023	5.07890812	
13.42619	5.15537137	4.92182849	5.34735759	5.10508806	
13.4363	5.17624351	4.95673508	5.36822973	5.131268	
13.44685	5.19738346	4.98291501	5.38936968	5.15744794	
13.45662	5.21646529	5.00909495	5.40845151	5.18362788	
13.46672	5.23561977	5.02654825	5.42760598	5.20980782	
13.47685	5.25426375	5.06145483	5.44624997	5.23598776	
13.48695	5.27229827	5.09636142	5.46428449	5.27089434	
13.49714	5.2899316	5.12254135	5.48191782	5.29707428	
13.50742	5.30713785	5.14872129	5.49912407	5.32325422	
13.51743	5.3233371	5.17490123	5.51532332	5.3581608	
13.52757	5.33919913	5.20108117	5.53118535	5.38434074	
13.53766	5.35443984	5.23598776	5.54642606	5.41052068	
13.54788	5.36929859	5.26216769	5.56128481	5.44542727	
13.55796	5.38341557	5.28834763	5.57540179	5.46288056	
13.56806	5.39700036	5.30580093	5.58898657	5.49778714	
13.57827	5.41018114	5.33198086	5.60216736	5.51524044	
13.58833	5.42263812	5.3581608	5.61462434	5.54142038	
13.59851	5.43467673	5.3756141	5.62666295	5.56760031	
13.60873	5.44622291	5.40179403	5.63820913	5.58505361	
13.61883	5.45708657	5.41924733	5.64907279	5.6025069	
13.62896	5.46743747	5.44542727	5.65942369	5.61996019	
13.63908	5.47726146	5.46288056	5.66924768	5.63741348	
13.64919	5.48653946	5.48033385	5.67852568	5.66359342	
13.65937	5.49534519	5.49778714	5.68733141	5.67232007	
13.6695	5.50358285	5.51524044	5.69556906	5.69850001	
13.67962	5.51129474	5.53269373	5.70328095	5.70722665	
13.68976	5.51850893	5.55014702	5.71049514	5.72467995	
13.69992	5.52521663	5.55887367	5.71720284	5.74213324	
13.71012	5.53144523	5.57632696	5.72343144	5.75085989	
13.72021	5.53710755	5.58505361	5.72909377	5.75958653	
13.73035	5.54230409	5.59378025	5.73429031	5.77703982	
13.74049	5.54702485	5.59378025	5.73901106	5.77703982	
13.75058	5.55124979	5.59378025	5.74323601	5.78576647	
13.76076	5.55504439	5.59378025	5.7470306	5.78576647	
13.7709	5.55837804	5.59378025	5.75036426	5.78576647	
13.78107	5.5612849	5.59378025	5.75327112	5.77703982	
13.79117	5.56375952	5.58505361	5.75574574	5.77703982	
13.80129	5.56584825	5.58505361	5.75783447	5.77703982	
13.81152	5.56758236	5.58505361	5.75956858	5.76831318	
13.82158	5.57276264	5.58505361	5.76474886	5.76831318	
13.83174	5.57276264	5.58505361	5.76474886	5.76831318	
13.84186	5.57276264	5.58505361	5.76474886	5.75958653	
13.85199	5.57276264	5.57632696	5.76474886	5.75958653	
13.86217	5.57276264	5.57632696	5.76474886	5.75958653	
13.87251	5.57276264	5.57632696	5.76474886	5.75958653	
13.88244	5.57276264	5.57632696	5.76474886	5.75958653	
13.8928	5.57276264	5.57632696	5.76474886	5.75958653	
13.90281	5.57276264	5.57632696	5.76474886	5.75958653	
13.9132	5.57276264	5.57632696	5.76474886	5.75958653	
13.92298	5.57276264	5.57632696	5.76474886	5.75958653	
13.93316	5.57276264	5.57632696	5.76474886	5.75958653	
13.94327	5.57276264	5.57632696	5.76474886	5.75958653	
13.95336	5.57276264	5.58505361	5.76474886	5.75958653	
13.96354	5.57276264	5.58505361	5.76474886	5.75958653	
13.97365	5.57276264	5.58505361	5.76474886	5.75958653	
13.98379	5.57276264	5.57632696	5.76474886	5.75958653	
13.9939	5.57276264	5.57632696	5.76474886	5.75958653	
14.0042	5.57276264	5.57632696	5.76474886	5.75958653	
14.01415	5.57276264	5.57632696	5.76474886	5.75958653	
14.03241	5.57276264	5.57632696	5.76474886	5.75958653	
14.0368	5.57276264	5.57632696	5.76474886	5.75958653	
14.04693	5.57276264	5.57632696	5.76474886	5.75958653	
14.05703	5.57276264	5.57632696	5.76474886	5.75958653	
14.0672	5.57276264	5.57632696	5.76474886	5.75958653	
14.07738	5.57276264	5.57632696	5.76474886	5.75958653	
14.08751	5.57276264	5.57632696	5.76474886	5.75958653	
14.09766	5.57276264	5.57632696	5.76474886	5.75958653	
14.10783	5.57276264	5.57632696	5.76474886	5.75958653	
14.11795	5.57276264	5.57632696	5.76474886	5.75958653	
14.12808	5.57276264	5.57632696	5.76474886	5.75958653	
14.1382	5.57276264	5.57632696	5.76474886	5.75958653	
14.14834	5.57276264	5.57632696	5.76474886	5.75958653	
14.15849	5.57276264	5.57632696	5.76474886	5.75958653	
14.16863	5.57276264	5.57632696	5.76474886	5.75958653	
14.17876	5.57276264	5.57632696	5.76474886	5.75958653	
14.18892	5.57276264	5.57632696	5.76474886	5.75958653	
14.19904	5.57276264	5.57632696	5.76474886	5.75958653	
14.20922	5.57276264	5.57632696	5.76474886	5.75958653	
14.21935	5.57276264	5.57632696	5.76474886	5.75958653	
14.2297	5.57276264	5.57632696	5.76474886	5.75958653	
14.23963	5.57276264	5.57632696	5.76474886	5.75958653	
14.24974	5.57276264	5.57632696	5.76474886	5.75958653	
14.25993	5.57276264	5.57632696	5.76474886	5.75958653	
14.26998	5.57276264	5.57632696	5.76474886	5.75958653	
14.28017	5.57276264	5.57632696	5.76474886	5.75958653	
14.29034	5.57276264	5.57632696	5.76474886	5.75958653	
14.30045	5.57276264	5.57632696	5.76474886	5.75958653	
14.31057	5.57276264	5.57632696	5.76474886	5.75958653	
14.3207	5.57276264	5.57632696	5.76474886	5.75958653	
14.33088	5.57276264	5.57632696	5.76474886	5.75958653	
14.34101	5.57276264	5.57632696	5.76474886	5.75958653	
14.35114	5.57276264	5.57632696	5.76474886	5.75958653	
14.36127	5.57276264	5.57632696	5.76474886	5.75958653	
14.3714	5.57276264	5.57632696	5.76474886	5.75958653	
14.38153	5.57276264	5.57632696	5.76474886	5.75958653	
14.39165	5.57276264	5.57632696	5.76474886	5.75958653	
14.40183	5.57276264	5.57632696	5.76474886	5.75958653	
14.41197	5.57276264	5.57632696	5.76474886	5.75958653	
14.42208	5.57276264	5.57632696	5.76474886	5.75958653	
14.43222	5.57276264	5.57632696	5.76474886	5.75958653	
14.4426	5.57276264	5.57632696	5.76474886	5.75958653	
14.45249	5.57276264	5.57632696	5.76474886	5.75958653	
14.46262	5.57276264	5.57632696	5.76474886	5.75958653	
14.47275	5.57276264	5.57632696	5.76474886	5.75958653	
14.48296	5.57276264	5.57632696	5.76474886	5.75958653	
14.49303	5.57276264	5.57632696	5.76474886	5.75958653	
14.50473	5.57276264	5.57632696	5.76474886	5.75958653	
14.51331	5.57276264	5.57632696	5.76474886	5.75958653	
14.52342	5.57276264	5.57632696	5.76474886	5.75958653	
14.53349	5.57276264	5.57632696	5.76474886	5.75958653	
14.54373	5.57276264	5.57632696	5.76474886	5.75958653	
14.55385	5.57276264	5.57632696	5.76474886	5.75958653	
14.56398	5.57276264	5.57632696	5.76474886	5.75958653	
14.57406	5.57276264	5.57632696	5.76474886	5.75958653	
14.58416	5.57276264	5.57632696	5.76474886	5.75958653	
14.59449	5.57276264	5.57632696	5.76474886	5.75958653	
14.60445	5.57276264	5.57632696	5.76474886	5.75958653	
14.61458	5.57276264	5.57632696	5.76474886	5.75958653	
14.6247	5.57276264	5.57632696	5.76474886	5.75958653	
14.63481	5.57276264	5.57632696	5.76474886	5.75958653	
14.64495	5.57276264	5.57632696	5.76474886	5.75958653	
14.65518	5.57276264	5.57632696	5.76474886	5.75958653	
14.66526	5.57276264	5.57632696	5.76474886	5.75958653	
14.67538	5.57276264	5.57632696	5.76474886	5.75958653	
14.68546	5.57276264	5.57632696	5.76474886	5.75958653	
14.69587	5.57276264	5.57632696	5.76474886	5.75958653	
14.70575	5.57276264	5.57632696	5.76474886	5.75958653	
14.71593	5.57276264	5.57632696	5.76474886	5.75958653	
14.72603	5.57276264	5.57632696	5.76474886	5.75958653	
14.73611	5.57276264	5.57632696	5.76474886	5.75958653	
14.74628	5.57276264	5.57632696	5.76474886	5.75958653	
14.75644	5.57276264	5.57632696	5.76474886	5.75958653	
14.77574	5.57276264	5.57632696	5.76474886	5.75958653	
14.78319	5.57276264	5.57632696	5.76474886	5.75958653	
14.79319	5.57276264	5.57632696	5.76474886	5.75958653	
14.80329	5.57276264	5.57632696	5.76474886	5.75958653	
14.8135	5.57276264	5.57632696	5.76474886	5.75958653	
14.82356	5.57276264	5.57632696	5.76474886	5.75958653	
14.83375	5.57276264	5.57632696	5.76474886	5.75958653	
14.84391	5.57276264	5.57632696	5.76474886	5.75958653	
14.85438	5.57276264	5.57632696	5.76474886	5.75958653	
14.86413	5.57276264	5.57632696	5.76474886	5.75958653	
14.87425	5.57276264	5.57632696	5.76474886	5.75958653	
14.88438	5.57276264	5.57632696	5.76474886	5.75958653	
14.89448	5.57276264	5.57632696	5.76474886	5.75958653	
14.90469	5.57276264	5.57632696	5.76474886	5.75958653	
14.91477	5.57276264	5.57632696	5.76474886	5.75958653	
14.92659	5.57276264	5.57632696	5.76474886	5.75958653	
14.93516	5.57276264	5.57632696	5.76474886	5.75958653	
14.94524	5.57276264	5.57632696	5.76474886	5.75958653	
14.95564	5.57276264	5.57632696	5.76474886	5.75958653	
14.96547	5.57276264	5.57632696	5.76474886	5.75958653	
14.9756	5.57276264	5.57632696	5.76474886	5.75958653	
14.98572	5.57276264	5.57632696	5.76474886	5.75958653	
14.99593	5.57276264	5.57632696	5.76474886	5.75958653	
15.00598	5.57276264	5.57632696	5.76474886	5.75958653	
15.0161	5.57276264	5.57632696	5.76474886	5.75958653	
15.02624	5.57276264	5.57632696	5.76474886	5.75958653	
15.03637	5.57276264	5.57632696	5.76474886	5.75958653	
15.04654	5.57276264	5.57632696	5.76474886	5.75958653	
15.05662	5.57276264	5.57632696	5.76474886	5.75958653	
15.06678	5.57276264	5.57632696	5.76474886	5.75958653	
15.07691	5.57276264	5.57632696	5.76474886	5.75958653	
15.08704	5.57276264	5.57632696	5.76474886	5.75958653	
15.0972	5.57276264	5.57632696	5.76474886	5.75958653	
15.10732	5.57276264	5.57632696	5.76474886	5.75958653	
15.11752	5.57276264	5.57632696	5.76474886	5.75958653	
15.12762	5.57276264	5.57632696	5.76474886	5.75958653	
15.15414	5.57276264	5.57632696	5.76474886	5.75958653	
15.1592	5.57276264	5.57632696	5.76474886	5.75958653	
