5.166159	
5.176208	
5.186315	
5.196335	
5.206788	
5.216605	
5.226739	
5.236852	
5.246957	
5.25708	
5.267259	
5.277361	
5.287578	
5.297661	
5.308128	
5.317902	
5.327981	
5.338188	
5.348212	
5.358358	
5.368493	
5.378564	
5.388727	
5.398839	
5.409053	
5.419136	
5.429261	
5.439781	
5.449734	
5.459855	
5.469989	
5.480153	
5.490315	
5.500399	
5.510509	
5.520715	
5.530824	
5.54097	
5.55115	
5.561196	
5.571324	
5.58148	
5.591632	
5.601795	
5.611853	
5.622043	
5.632125	
5.642329	
5.652427	
5.662503	
5.672643	
5.682804	
5.69292	
5.703033	
5.713181	
5.72334	
5.733459	
5.743613	
5.75373	
5.763853	
5.773955	
5.784287	
5.794288	
5.813915	
5.818139	
5.828407	
5.838573	
5.84848	
5.858614	
5.8687	
5.878843	
5.897163	
5.901355	
5.911486	
5.921682	
5.931778	
5.941974	
5.952104	
5.962304	
5.972367	
5.982462	
5.992964	
6.002782	
6.012911	
6.023035	
6.033122	
6.043314	
6.053458	
6.063564	
6.073691	
6.083818	
6.093988	
6.10414	
6.114323	
6.1244	
6.134497	
6.144613	
6.154795	
6.165078	
6.175028	
6.185183	
6.195438	
6.20547	
6.215561	
6.225704	
6.235843	
6.246736	
6.256126	
6.266277	
6.276408	
6.286425	
6.296897	
6.306755	
6.316885	
6.326985	
6.337148	
6.347225	
6.357388	
6.367579	
6.377686	
6.387795	
6.397861	
6.40838	
6.418229	
6.428253	
6.438452	
6.448534	
6.467209	
6.471419	
6.481558	
6.491763	
6.501822	
6.511989	
6.522176	
6.532275	
6.542414	
6.552518	
6.562637	
6.572756	
6.582863	
6.593085	
6.603191	
6.613307	
6.623987	
6.633833	
6.643997	
6.654078	
6.664242	
6.674387	
6.68448	
6.694635	
6.704756	
6.714901	
6.733479	
6.737701	
6.747889	
6.7579	
6.768347	
6.778164	
6.788294	
6.7984	
6.808497	
6.818676	
6.829108	
6.838895	
6.856944	
6.861121	
6.871223	
6.881356	
6.891513	
6.901644	
6.911775	
6.921898	
6.932081	
6.942183	
6.952306	
6.96248	
6.972544	
6.98268	
6.992885	
7.005382	5.81335266	5.81194641	5.83080595	5.8293997	
7.013111	5.81446869	5.81194641	5.83192198	5.8293997	
7.023207	5.81661108	5.81194641	5.83406437	5.8293997	
7.033342	5.81937924	5.82067306	5.83683253	5.8293997	
7.043564	5.82280376	5.82067306	5.84025705	5.8293997	
7.053867	5.82689078	5.82067306	5.84434407	5.8293997	
7.063794	5.83140832	5.82067306	5.84886161	5.8293997	
7.073926	5.83664221	5.82067306	5.8540955	5.8293997	
7.084008	5.84245784	5.82067306	5.85991114	5.8293997	
7.094225	5.84898596	5.82067306	5.86643926	5.8293997	
7.105202	5.85675125	5.82067306	5.87420454	5.8293997	
7.114507	5.86379229	5.82067306	5.88124558	5.8293997	
7.124594	5.8720695	5.82067306	5.88952279	5.8293997	
7.134705	5.88098841	5.82067306	5.89844171	5.8293997	
7.14491	5.89060452	5.82067306	5.90805782	5.8293997	
7.155004	5.90072773	5.82067306	5.91818103	5.8293997	
7.165251	5.91163899	5.82067306	5.92909228	5.8293997	
7.175258	5.92288939	5.82067306	5.94034268	5.8293997	
7.185355	5.93485667	5.82067306	5.95230996	5.8293997	
7.195501	5.9474986	5.82067306	5.9649519	5.8293997	
7.206529	5.96200827	5.82067306	5.97946156	5.8293997	
7.215802	5.97466048	5.82067306	5.99211377	5.83812635	
7.225894	5.9890736	5.8293997	6.0065269	5.83812635	
7.236025	6.0041609	5.8293997	6.02161419	5.83812635	
7.246107	6.01979019	5.8293997	6.03724348	5.84685299	
7.256611	6.0367458	5.8293997	6.05419909	5.85557964	
7.266458	6.05319489	5.83812635	6.07064818	5.86430629	
7.276526	6.07062594	5.84685299	6.08807923	5.88175958	
7.286627	6.08873437	5.85557964	6.10618767	5.89048623	
7.29693	6.10785589	5.87303293	6.12530918	5.90793952	
7.307799	6.12875524	5.88175958	6.14620853	5.92539281	
7.317049	6.14699097	5.89921287	6.16444427	5.9428461	
7.327169	6.16759163	5.91666616	6.18504492	5.9602994	
7.33729	6.18881746	5.9428461	6.20627075	5.97775269	
7.347407	6.21064466	5.9602994	6.22809795	6.00393263	
7.365859	6.25297343	5.98647933	6.27042672	6.02138592	
7.370233	6.26292481	6.01265927	6.2803781	6.04756586	
7.38026	6.28651952	6.03883921	6.30397282	6.0737458	
7.390441	6.31112036	6.06501915	6.32857365	6.09992574	
7.400538	6.33612509	6.09119909	6.35357838	6.12610567	
7.411759	6.36471181	6.12610567	6.3821651	6.16101226	
7.421825	6.39090869	6.16101226	6.40836198	6.1871922	
7.431989	6.41800777	6.19591884	6.43546106	6.22209878	
7.44213	6.4456483	6.23082543	6.46310159	6.24827872	
7.452229	6.47378775	6.26573201	6.49124105	6.28318531	
7.462437	6.50286243	6.29191195	6.52031572	6.31809189	
7.472537	6.53222643	6.32681854	6.54967972	6.35299848	
7.482709	6.56243166	6.37045177	6.57988495	6.38790506	
7.492809	6.59303296	6.40535835	6.61048625	6.42281165	
7.502914	6.62426223	6.44026494	6.64171552	6.46644488	
7.51317	6.65660041	6.47517152	6.6740537	6.51007811	
7.523261	6.68901474	6.51007811	6.70646803	6.54498469	
7.533385	6.72215429	6.55371134	6.73960759	6.58861793	
7.543941	6.75739707	6.59734457	6.77485036	6.63225116	
7.554459	6.79317582	6.63225116	6.81062911	6.66715774	
7.564262	6.82706445	6.67588439	6.84451774	6.70206433	
7.574327	6.86246727	6.71951762	6.87992056	6.74569756	
7.584439	6.89866828	6.75442421	6.91612157	6.78933079	
7.594645	6.93583749	6.79805744	6.95329078	6.82423738	
7.604695	6.97302884	6.84169067	6.99048214	6.86787061	
7.614923	7.01152356	6.87659725	7.02897685	6.91150384	
7.625112	7.05048172	6.92023048	7.06793501	6.94641042	
7.635149	7.08946236	6.96386372	7.10691565	6.99004365	
7.645318	7.12956803	6.9987703	7.14702132	7.03367689	
7.655554	7.17059704	7.04240353	7.18805034	7.07731012	
7.665648	7.2116563	7.08603676	7.2291096	7.1122167	
7.675788	7.25350854	7.12094335	7.27096184	7.15584993	
7.68587	7.29572082	7.16457658	7.31317411	7.19075652	
7.695988	7.33870318	7.20820981	7.35615647	7.23438975	
7.706089	7.38225553	7.2431164	7.39970882	7.27802298	
7.71633	7.42701862	7.28674963	7.44447192	7.32165621	
7.726444	7.47183633	7.33038286	7.48928963	7.36528944	
7.736574	7.51734102	7.37401609	7.53479431	7.40892267	
7.746701	7.56344735	7.41764932	7.58090064	7.45255591	
7.756914	7.61059714	7.46128255	7.62805043	7.49618914	
7.767251	7.65898372	7.50491578	7.67643701	7.53982237	
7.778668	7.71394568	7.54854901	7.73139897	7.5834556	
7.787452	7.75527329	7.59218225	7.77272658	7.62708883	
7.805546	7.84449658	7.63581548	7.86194988	7.67072206	
7.809864	7.86568919	7.696902	7.88314249	7.73180859	
7.820092	7.91678729	7.74053523	7.93424058	7.77544182	
7.830229	7.96802462	7.79289511	7.98547792	7.8278017	
7.840341	8.01973274	7.83652834	8.03718603	7.88016157	
7.8505	8.07230682	7.88888822	8.08976011	7.9237948	
7.860619	8.12529742	7.9412481	8.14275072	7.97615468	
7.870774	8.17914489	7.98488133	8.19659818	8.02851456	
7.880868	8.23319258	8.03724121	8.25064587	8.08087444	
7.891036	8.28831913	8.08087444	8.30577242	8.13323431	
7.901127	8.34358179	8.14196096	8.36103508	8.18559419	
7.911272	8.39980948	8.19432084	8.41726277	8.23795407	
7.921503	8.45712765	8.25540736	8.47458094	8.29904059	
7.931601	8.51429122	8.30776724	8.53174451	8.35140047	
7.941853	8.57299672	8.36885376	8.59045001	8.40376035	
7.951961	8.63145752	8.42994029	8.64891081	8.45612023	
7.962114	8.69081608	8.48230016	8.70826937	8.51720675	
7.972229	8.75054735	8.54338669	8.76800064	8.56956663	
7.982382	8.81117701	8.60447321	8.8286303	8.63065315	
7.992529	8.87231586	8.66555974	8.88976916	8.69173967	
8.002648	8.93390502	8.72664626	8.95135831	8.7528262	
8.012797	8.99633896	8.78773278	9.01379226	8.80518608	
8.022991	9.05969382	8.84881931	9.07714711	8.8662726	
8.033125	9.12321473	8.91863248	9.14066802	8.92735912	
8.043236	9.18722905	8.98844565	9.20468234	8.98844565	
8.053505	9.25290718	9.04953217	9.27036047	9.04953217	
8.063533	9.31762094	9.11934534	9.33507424	9.1106187	
8.073652	9.38354563	9.18043187	9.40099892	9.18043187	
8.083912	9.45111157	9.24151839	9.46856487	9.24151839	
8.093974	9.5178034	9.30260491	9.53525669	9.31133156	
8.104042	9.58523008	9.37241808	9.60268338	9.37241808	
8.114223	9.65403891	9.44223125	9.6714922	9.44223125	
8.124416	9.72355951	9.51204442	9.7410128	9.51204442	
8.134534	9.79317373	9.58185759	9.81062703	9.58185759	
8.144672	9.86354988	9.64294412	9.88100317	9.65167076	
8.154837	9.93472016	9.71275729	9.95217345	9.72148393	
8.164916	10.0059094	9.78257046	10.0233626	9.7912971	
8.175113	10.0785595	9.85238363	10.0960128	9.86983692	
8.18523	10.1512661	9.9221968	10.1687194	9.93965009	
8.195354	10.2245872	10.0007366	10.2420405	10.0181899	
8.20548	10.2985524	10.0705498	10.3160057	10.0880031	
8.215562	10.372879	10.140363	10.3903323	10.1578162	
8.225861	10.4493956	10.2101761	10.4668488	10.2363561	
8.236038	10.5255706	10.2799893	10.5430239	10.3061692	
8.246106	10.6015716	10.3585291	10.6190249	10.384709	
8.256239	10.678689	10.4370689	10.6961422	10.4632489	
8.266774	10.7595677	10.5068821	10.777021	10.533062	
8.276496	10.8346879	10.5854219	10.8521412	10.6116019	
8.286607	10.9134872	10.6639617	10.9309405	10.6901417	
8.296795	10.9935357	10.7337749	11.0109889	10.7686815	
8.306879	11.0733187	10.8123147	11.090772	10.8472213	
8.317008	11.1541148	10.8821279	11.1715681	10.9257611	
8.327225	11.2362339	10.9606677	11.2536872	11.0043009	
8.337351	11.3182178	11.0392075	11.3356711	11.0915674	
8.347457	11.4006601	11.1177473	11.4181134	11.1701072	
8.357607	11.4840725	11.2050138	11.5015258	11.2573737	
8.368133	11.5712684	11.2835536	11.5887217	11.3359135	
8.377864	11.6523991	11.3620934	11.6698524	11.4144533	
8.388026	11.7377733	11.4493599	11.7552266	11.5017198	
8.398157	11.8234935	11.5366264	11.8409468	11.5889862	
8.408219	11.9092609	11.6151662	11.9267142	11.667526	
8.419609	12.0072133	11.7024326	12.0246666	11.7547925	
8.428554	12.0844276	11.7896991	12.1018809	11.842059	
8.438667	12.1724614	11.8769656	12.1899147	11.9293254	
8.450153	12.2733483	11.9729587	12.2908016	12.0165919	
8.458955	12.3509626	12.0602251	12.3684159	12.112585	
8.47731	12.5154622	12.2260314	12.5329154	12.2783913	
8.481649	12.5542682	12.2696646	12.5717215	12.3132979	
8.491847	12.6463078	12.3569311	12.6637611	12.409291	
8.501933	12.737907	12.4441976	12.7553603	12.4965574	
8.512071	12.8306335	12.5401907	12.8480868	12.5925506	
8.523475	12.9358366	12.6361838	12.9532899	12.679817	
8.53235	13.0179564	12.7234502	13.0354097	12.7758101	
8.543194	13.1192349	12.8194434	13.1366882	12.8718032	
8.552566	13.2071553	12.9154365	13.2246086	12.9677963	
8.562749	13.3033914	13.0114296	13.3208447	13.0550628	
8.57286	13.3995681	13.1074227	13.4170214	13.1597826	
8.58296	13.4961941	13.2121424	13.5136474	13.2557757	
8.593171	13.5945499	13.3081355	13.6120032	13.3517688	
8.603587	13.6956062	13.4041287	13.7130595	13.4477619	
8.613383	13.7910621	13.5001218	13.8085154	13.543755	
8.624676	13.9021007	13.5961149	13.919554	13.6484748	
8.633653	13.9906282	13.7008346	14.0080815	13.7531945	
8.643817	14.0916886	13.8055544	14.1091419	13.8579143	
8.653945	14.1928854	13.9015475	14.2103387	13.9539074	
8.664051	14.2945144	14.0062672	14.3119677	14.0586271	
8.674168	14.3968888	14.1022604	14.4143421	14.1633469	
8.684343	14.5004629	14.2069801	14.5179162	14.2680666	
8.694465	14.6040899	14.3029732	14.6215432	14.3640597	
8.704609	14.7085912	14.3989663	14.7260444	14.4687795	
8.714745	14.8136681	14.5036861	14.8311214	14.5734993	
8.726076	14.9319073	14.6084058	14.9493606	14.678219	
8.73501	15.0260071	14.7131256	15.0434604	14.7829388	
8.745201	15.1329052	14.8178453	15.1503585	14.8876585	
8.755341	15.240484	14.9225651	15.2579373	14.9923783	
8.765557	15.3494764	15.0272849	15.3669297	15.097098	
8.775592	15.4570506	15.1320046	15.4745039	15.2105444	
8.785674	15.5658374	15.245451	15.5832907	15.3152642	
8.795879	15.6765581	15.3588974	15.6940114	15.4287106	
8.805946	15.7863637	15.4636172	15.803817	15.5334303	
8.816062	15.8955033	15.5770636	15.9129566	15.6381501	
8.827395	16.017038	15.69051	16.0344912	15.7515965	
8.836383	16.1129702	15.7952297	16.1304235	15.8650429	
8.846523	16.2204818	15.8999495	16.2379351	15.9784893	
8.856593	16.3266763	16.0133959	16.3441295	16.0919357	
8.866917	16.434987	16.1268423	16.4524403	16.1966555	
8.876839	16.5384502	16.2402887	16.5559035	16.3101019	
8.886965	16.6434717	16.3537351	16.660925	16.4235483	
8.897174	16.7487469	16.4584548	16.7662002	16.5369947	
8.90723	16.8518219	16.5719012	16.8692752	16.6504411	
8.927194	17.0536009	16.6853476	17.0710542	16.7638875	
8.931581	17.0979451	16.8337006	17.1153984	16.9209671	
8.942011	17.2027634	16.947147	17.2202167	17.0344135	
8.951867	17.3011702	17.0518668	17.3186235	17.1478599	
8.961983	17.401593	17.1653132	17.4190463	17.2613063	
8.972171	17.5021265	17.2787596	17.5195797	17.3834793	
8.982259	17.601086	17.392206	17.6185393	17.4881991	
8.99243	17.7002279	17.5056524	17.7176812	17.6016455	
9.002633	17.7990675	17.6103722	17.8165208	17.7063653	
9.012665	17.8956719	17.7150919	17.9131252	17.8198117	
9.031071	18.0705391	17.9070781	18.0879924	18.0117979	
9.035455	18.1121826	17.959438	18.1296359	18.0554311	
9.045574	18.2076321	18.0554311	18.2250854	18.1514242	
9.055988	18.3052917	18.1601509	18.322745	18.256144	
9.065836	18.3970446	18.2648706	18.4144979	18.3608637	
9.076088	18.4918936	18.3695904	18.5093469	18.4655835	
9.086208	18.5849586	18.4655835	18.6024119	18.5615766	
9.096295	18.677131	18.5703032	18.6945843	18.6662964	
9.106444	18.7692435	18.6662964	18.7866967	18.7622895	
9.116773	18.8623919	18.7622895	18.8798452	18.8495559	
9.126672	18.9511168	18.8582826	18.9685701	18.945549	
9.136832	19.0414933	18.9542757	19.0589466	19.0415421	
9.146978	19.1311576	19.0415421	19.1486109	19.1288086	
9.157121	19.2201814	19.1462619	19.2376347	19.2160751	
9.167326	19.3091522	19.2335284	19.3266055	19.3033415	
9.177344	19.3959247	19.3207948	19.413378	19.390608	
9.187601	19.4841235	19.4080613	19.5015768	19.4778745	
9.197684	19.5702332	19.4953277	19.5876865	19.5651409	
9.207766	19.6556943	19.5738676	19.6731476	19.6436807	
9.217893	19.7409998	19.661134	19.7584531	19.7222205	
9.229475	19.8377602	19.7396738	19.8552135	19.8007604	
9.238503	19.9126709	19.8269403	19.9301242	19.8880268	
9.248361	19.9939191	19.9142068	20.0113724	19.9665666	
9.258527	20.0771136	19.9840199	20.0945669	20.0451065	
9.268586	20.1588004	20.0712864	20.1762537	20.1236463	
9.278739	20.2406744	20.1498262	20.2581277	20.1934594	
9.288868	20.3217286	20.228366	20.3391819	20.2719993	
9.299047	20.4025964	20.2981792	20.4200497	20.3505391	
9.309134	20.4821224	20.376719	20.4995757	20.4290789	
9.319233	20.5611513	20.4552588	20.5786046	20.5076187	
9.33067	20.6498984	20.5337986	20.6673517	20.5774319	
9.339729	20.7197024	20.6036118	20.7371557	20.6559717	
9.349825	20.7968706	20.6821516	20.8143239	20.7345115	
9.360001	20.8740402	20.7519648	20.8914935	20.8043247	
9.370067	20.9498286	20.821778	20.9672819	20.8741379	
9.38022	21.0256342	20.9003178	21.0430875	20.9526777	
9.390375	21.1008493	20.970131	21.1183026	21.0224908	
9.400498	21.1752414	21.0486708	21.1926947	21.092304	
9.41069	21.2495215	21.1184839	21.2669748	21.1708438	
9.420737	21.3221495	21.1970238	21.3396028	21.240657	
9.431884	21.4020287	21.2668369	21.419482	21.3104702	
9.441392	21.4696014	21.3453768	21.4870547	21.3802833	
9.452606	21.5485382	21.4151899	21.5659915	21.4500965	
9.461356	21.6097171	21.4850031	21.6271704	21.5199097	
9.471451	21.6796948	21.5548163	21.6971481	21.5897228	
9.481625	21.7496108	21.6246294	21.7670641	21.659536	
9.491783	21.8188191	21.7031692	21.8362724	21.7293492	
9.501907	21.8871826	21.7729824	21.9046359	21.7991624	
9.512061	21.9551502	21.8340689	21.9726035	21.8689755	
9.522163	22.0221798	21.9038821	22.0396331	21.9387887	
9.533098	22.0940734	21.9736953	22.1115267	22.0086019	
9.543858	22.1640473	22.0435085	22.1815006	22.078415	
9.552606	22.2205166	22.1133216	22.2379699	22.1482282	
9.562785	22.2856325	22.1744081	22.3030858	22.2180414	
9.572851	22.3494293	22.2442213	22.3668826	22.2878545	
9.58299	22.4130724	22.3053078	22.4305257	22.3489411	
9.593171	22.4763837	22.3663944	22.493837	22.4187542	
9.603279	22.5386454	22.4274809	22.5560987	22.4885674	
9.613416	22.6005017	22.4972941	22.617955	22.5496539	
9.623506	22.6614291	22.5583806	22.6788824	22.6194671	
9.634315	22.726083	22.6194671	22.7435363	22.6805536	
9.64384	22.7824688	22.6805536	22.7999221	22.7416402	
9.654007	22.8420988	22.7416402	22.8595521	22.8114533	
9.6641	22.9008326	22.8027267	22.9182859	22.8725398	
9.674334	22.9594374	22.8638132	22.9768907	22.9336264	
9.68448	23.0171262	22.9161731	23.0345795	22.9947129	
9.694594	23.074003	22.9859862	23.0914563	23.0557994	
9.704737	23.1304856	23.0383461	23.1479389	23.1081593	
9.714929	23.1865946	23.090706	23.2040479	23.1692458	
9.724982	23.2413955	23.1517925	23.2588488	23.2216057	
9.735585	23.2985194	23.2041524	23.3159727	23.2826922	
9.745354	23.3505556	23.2652389	23.3680089	23.3350521	
9.755478	23.403913	23.3175988	23.4213663	23.387412	
9.765618	23.4567699	23.3699587	23.4742232	23.4484985	
9.775795	23.5099129	23.4223186	23.5273662	23.5008584	
9.785964	23.5609695	23.4746784	23.5784228	23.5532183	
9.79623	23.6126273	23.5270383	23.6300806	23.6055781	
9.806304	23.6627334	23.5793982	23.6801867	23.657938	
9.816436	23.7125286	23.6317581	23.7299819	23.7102979	
9.826625	23.7620122	23.6841179	23.7794655	23.7626578	
9.838129	23.8170992	23.7364778	23.8345525	23.806291	
9.847152	23.8598452	23.7888377	23.8772985	23.8586509	
9.856971	23.9057763	23.8324709	23.9232296	23.9110108	
9.867174	23.952911	23.8848308	23.9703643	23.954644	
9.877216	23.9987115	23.928464	24.0161648	23.9982772	
9.88736	24.044403	23.9808239	24.0618563	24.0506371	
9.897568	24.0897446	24.0244572	24.1071979	24.0942703	
9.907683	24.1340947	24.0680904	24.151548	24.1466302	
9.917761	24.1777027	24.1117236	24.195156	24.1902634	
9.929634	24.2282001	24.1728101	24.2456533	24.2426233	
9.940864	24.2752444	24.2077167	24.2926977	24.2862565	
9.949833	24.3123818	24.2600766	24.3298351	24.3298898	
9.960088	24.3542446	24.3037098	24.3716979	24.3647964	
9.970208	24.3949392	24.3473431	24.4123924	24.4084296	
9.980281	24.4348433	24.3822497	24.4522966	24.4520628	
9.990462	24.4746074	24.4258829	24.4920607	24.4869694	
10.00059	24.5135536	24.4695161	24.5310069	24.5306026	
10.01078	24.5521363	24.5044227	24.5695896	24.5655092	
10.02086	24.5897331	24.5480559	24.6071864	24.6091425	
10.03097	24.6268252	24.5829625	24.6442785	24.644049	
10.04222	24.6673802	24.6265957	24.6848335	24.6789556	
10.05131	24.6997055	24.6615023	24.7171588	24.7138622	
10.06145	24.7351274	24.6964089	24.7525807	24.7487688	
10.07161	24.7700341	24.7313155	24.7874874	24.7836754	
10.08171	24.8041521	24.7574954	24.8216054	24.818582	
10.09188	24.8379283	24.792402	24.8553816	24.8534885	
10.102	24.8709088	24.8273086	24.8883621	24.8796685	
10.11213	24.9033542	24.8534885	24.9208075	24.9145751	
10.12228	24.9352741	24.8883951	24.9527273	24.940755	
10.13238	24.9664402	24.9145751	24.9838935	24.9669349	
10.14355	25.0002118	24.940755	25.0176651	25.0018415	
10.15271	25.0274096	24.9756616	25.0448629	25.0280215	
10.16288	25.0570144	25.0018415	25.0744677	25.0542014	
10.17302	25.0859637	25.0367481	25.103417	25.0803814	
10.18308	25.1140967	25.0629281	25.1315499	25.1065613	
10.19332	25.1421176	25.089108	25.1595709	25.1327412	
10.20342	25.1691928	25.1152879	25.1866461	25.1589212	
10.21353	25.1957033	25.1414679	25.2131566	25.1851011	
10.22367	25.2216982	25.1676478	25.2391515	25.2025544	
10.23378	25.2470427	25.1851011	25.264496	25.2287343	
10.24488	25.2741509	25.2200077	25.2916042	25.2461876	
10.26214	25.3142859	25.2549143	25.3317392	25.2898209	
10.26654	25.3245526	25.2723676	25.3420059	25.2985475	
10.27661	25.3473658	25.2898209	25.3648191	25.3247274	
10.2869	25.3700543	25.3160008	25.3875076	25.3421807	
10.29689	25.3915267	25.3334541	25.40898	25.359634	
10.30704	25.4127598	25.359634	25.4302131	25.385814	
10.31715	25.4333331	25.3770873	25.4507864	25.4032673	
10.32726	25.4533227	25.3945406	25.470776	25.4207206	
10.33741	25.4728368	25.4119939	25.4902901	25.4469005	
10.34765	25.4919261	25.4294472	25.5093794	25.4643538	
10.35771	25.5100948	25.4469005	25.5275481	25.4818071	
10.36816	25.5283908	25.4643538	25.5458441	25.4992604	
10.37796	25.5450014	25.4818071	25.5624547	25.5167137	
10.38842	25.5621108	25.4905337	25.5795641	25.5254403	
10.39822	25.5776221	25.4992604	25.5950754	25.5428936	
10.40835	25.5930912	25.5167137	25.6105445	25.5516202	
10.41848	25.6079913	25.534167	25.6254446	25.5690735	
10.42858	25.6222738	25.5428936	25.6397271	25.5778002	
10.43874	25.6360976	25.5516202	25.6535509	25.5865268	
10.44898	25.6494381	25.5603469	25.6668914	25.5952535	
10.46724	25.6710216	25.5690735	25.6884749	25.6039801	
10.47161	25.6762461	25.5778002	25.6936994	25.6214334	
10.48173	25.687648	25.5865268	25.7051013	25.6214334	
10.49191	25.6985601	25.5952535	25.7160134	25.6301601	
10.50202	25.7088521	25.6039801	25.7263054	25.6388867	
10.51217	25.7186441	25.6039801	25.7360973	25.6476134	
10.52231	25.7278789	25.6127068	25.7453322	25.6476134	
10.53239	25.7365431	25.6214334	25.7539964	25.65634	
10.54324	25.7452363	25.6214334	25.7626896	25.65634	
10.55271	25.7523893	25.6301601	25.7698426	25.65634	
10.56291	25.759549	25.6301601	25.7770023	25.65634	
10.57309	25.7661743	25.6301601	25.7836276	25.65634	
10.58309	25.7721895	25.6301601	25.7896428	25.65634	
10.59326	25.7777976	25.6301601	25.7952509	25.65634	
10.60343	25.7829044	25.6301601	25.8003577	25.65634	
10.61354	25.7874949	25.6301601	25.8049482	25.65634	
10.62366	25.7916195	25.6301601	25.8090728	25.65634	
10.63378	25.7952805	25.6301601	25.8127338	25.65634	
10.64389	25.798492	25.6301601	25.8159453	25.65634	
10.65416	25.8013036	25.6301601	25.8187568	25.65634	
10.66426	25.8036615	25.6301601	25.8211148	25.65634	
10.67434	25.8056315	25.6301601	25.8230848	25.65634	
10.68454	25.8072524	25.6301601	25.8247057	25.65634	
10.69461	25.8119464	25.6301601	25.8293997	25.65634	
10.7048	25.8119464	25.6301601	25.8293997	25.65634	
10.71495	25.8119464	25.6301601	25.8293997	25.65634	
10.72513	25.8119464	25.6301601	25.8293997	25.65634	
10.73523	25.8119464	25.6301601	25.8293997	25.65634	
10.74554	25.8119464	25.6301601	25.8293997	25.65634	
10.75557	25.8119464	25.6301601	25.8293997	25.65634	
10.7657	25.8119464	25.6301601	25.8293997	25.65634	
10.77583	25.8119464	25.6301601	25.8293997	25.65634	
10.78591	25.8119464	25.6301601	25.8293997	25.65634	
10.79612	25.8119464	25.6301601	25.8293997	25.65634	
10.80625	25.8119464	25.6301601	25.8293997	25.65634	
10.81634	25.8119464	25.6301601	25.8293997	25.65634	
10.82647	25.8119464	25.6301601	25.8293997	25.65634	
10.83657	25.8119464	25.6301601	25.8293997	25.65634	
10.84685	25.8119464	25.6301601	25.8293997	25.65634	
10.85694	25.8119464	25.6301601	25.8293997	25.65634	
10.86706	25.8119464	25.6301601	25.8293997	25.65634	
10.87712	25.8119464	25.6301601	25.8293997	25.65634	
10.88722	25.8119464	25.6301601	25.8293997	25.65634	
10.89739	25.8119464	25.6301601	25.8293997	25.65634	
10.9162	25.8119464	25.6301601	25.8293997	25.65634	
10.92059	25.8119464	25.6301601	25.8293997	25.65634	
10.93081	25.8119464	25.6301601	25.8293997	25.65634	
10.94083	25.8119464	25.6301601	25.8293997	25.65634	
10.95202	25.8119464	25.6301601	25.8293997	25.65634	
10.96119	25.8119464	25.6301601	25.8293997	25.65634	
10.97131	25.8119464	25.6301601	25.8293997	25.65634	
10.9814	25.8119464	25.6301601	25.8293997	25.65634	
10.99152	25.8119464	25.6301601	25.8293997	25.65634	
11.00172	25.8119464	25.6301601	25.8293997	25.65634	
11.01187	25.8119464	25.6301601	25.8293997	25.65634	
11.02199	25.8119464	25.6301601	25.8293997	25.65634	
11.03212	25.8119464	25.6301601	25.8293997	25.65634	
11.04223	25.8119464	25.6301601	25.8293997	25.65634	
11.0533	25.8119464	25.6301601	25.8293997	25.65634	
11.06256	25.8119464	25.6301601	25.8293997	25.65634	
11.07267	25.8119464	25.6301601	25.8293997	25.65634	
11.08287	25.8119464	25.6301601	25.8293997	25.65634	
11.09291	25.8119464	25.6301601	25.8293997	25.65634	
11.11129	25.8119464	25.6301601	25.8293997	25.65634	
11.11569	25.8119464	25.6301601	25.8293997	25.65634	
11.1258	25.8119464	25.6301601	25.8293997	25.65634	
11.13588	25.8119464	25.6301601	25.8293997	25.65634	
11.14602	25.8119464	25.6301601	25.8293997	25.65634	
11.15732	25.8119464	25.6301601	25.8293997	25.65634	
11.16753	25.8119464	25.6301601	25.8293997	25.65634	
11.17764	25.8119464	25.6301601	25.8293997	25.65634	
11.18776	25.8119464	25.6301601	25.8293997	25.65634	
11.19812	25.8119464	25.6301601	25.8293997	25.65634	
11.20795	25.8119464	25.6301601	25.8293997	25.65634	
11.21853	25.8119464	25.6301601	25.8293997	25.65634	
11.22854	25.8119464	25.6301601	25.8293997	25.65634	
11.23862	25.8119464	25.6301601	25.8293997	25.65634	
11.2488	25.8119464	25.6301601	25.8293997	25.65634	
11.25901	25.8119464	25.6301601	25.8293997	25.65634	
11.26913	25.8119464	25.6301601	25.8293997	25.65634	
11.27925	25.8119464	25.6301601	25.8293997	25.65634	
11.28936	25.8119464	25.6301601	25.8293997	25.65634	
11.29962	25.8119464	25.6301601	25.8293997	25.65634	
11.30974	25.8119464	25.6301601	25.8293997	25.65634	
11.32011	25.8119464	25.6301601	25.8293997	25.65634	
11.33003	25.8119464	25.6301601	25.8293997	25.65634	
11.34021	25.8119464	25.6301601	25.8293997	25.65634	
11.35032	25.8119464	25.6301601	25.8293997	25.65634	
11.3605	25.8119464	25.6301601	25.8293997	25.65634	
11.371	25.8119464	25.6301601	25.8293997	25.65634	
11.38075	25.8119464	25.6301601	25.8293997	25.65634	
11.39092	25.8119464	25.6301601	25.8293997	25.65634	
11.40101	25.8119464	25.6301601	25.8293997	25.65634	
11.41121	25.8119464	25.6301601	25.8293997	25.65634	
11.42132	25.8119464	25.6301601	25.8293997	25.65634	
11.43167	25.8119464	25.6301601	25.8293997	25.65634	
11.44168	25.8119464	25.6301601	25.8293997	25.65634	
11.45174	25.8119464	25.6301601	25.8293997	25.65634	
11.46196	25.8119464	25.6301601	25.8293997	25.65634	
11.47209	25.8119464	25.6301601	25.8293997	25.65634	
11.48224	25.8119464	25.6301601	25.8293997	25.65634	
11.49243	25.8119464	25.6301601	25.8293997	25.65634	
11.50251	25.8119464	25.6301601	25.8293997	25.65634	
11.51267	25.8119464	25.6301601	25.8293997	25.65634	
11.52288	25.8119464	25.6301601	25.8293997	25.65634	
11.53297	25.8119464	25.6301601	25.8293997	25.65634	
11.54308	25.8119464	25.6301601	25.8293997	25.65634	
11.55324	25.8119464	25.6301601	25.8293997	25.65634	
11.56339	25.8119464	25.6301601	25.8293997	25.65634	
11.57378	25.8119464	25.6301601	25.8293997	25.65634	
11.58361	25.8119464	25.6301601	25.8293997	25.65634	
11.59379	25.8119464	25.6301601	25.8293997	25.65634	
11.60388	25.8119464	25.6301601	25.8293997	25.65634	
11.61405	25.8119464	25.6301601	25.8293997	25.65634	
11.62418	25.8119464	25.6301601	25.8293997	25.65634	
11.63429	25.8119464	25.6301601	25.8293997	25.65634	
11.64447	25.8119464	25.6301601	25.8293997	25.65634	
11.65456	25.8119464	25.6301601	25.8293997	25.65634	
11.66481	25.8119464	25.6301601	25.8293997	25.65634	
11.67491	25.8119464	25.6301601	25.8293997	25.65634	
11.68509	25.8119464	25.6301601	25.8293997	25.65634	
11.69519	25.8119464	25.6301601	25.8293997	25.65634	
11.70551	25.8119464	25.6301601	25.8293997	25.65634	
11.71547	25.8119464	25.6301601	25.8293997	25.65634	
11.7257	25.8119464	25.6301601	25.8293997	25.65634	
11.73581	25.8119464	25.6301601	25.8293997	25.65634	
11.74599	25.8119464	25.6301601	25.8293997	25.65634	
11.75605	25.8119464	25.6301601	25.8293997	25.65634	
11.76629	25.8119464	25.6301601	25.8293997	25.65634	
11.77798	25.8119464	25.6301601	25.8293997	25.65634	
11.78702	25.8119464	25.6301601	25.8293997	25.65634	
11.79692	25.8119464	25.6301601	25.8293997	25.65634	
11.80707	25.8119464	25.6301601	25.8293997	25.65634	
11.81719	25.8119464	25.6301601	25.8293997	25.65634	
11.82732	25.8119464	25.6301601	25.8293997	25.65634	
11.83744	25.8119464	25.6301601	25.8293997	25.65634	
11.84761	25.8119464	25.6301601	25.8293997	25.65634	
11.8581	25.8119464	25.6301601	25.8293997	25.65634	
11.86794	25.8119464	25.6301601	25.8293997	25.65634	
11.878	25.8119464	25.6301601	25.8293997	25.65634	
11.88815	25.8119464	25.6301601	25.8293997	25.65634	
11.89827	25.8119464	25.6301601	25.8293997	25.65634	
11.90846	25.8119464	25.6301601	25.8293997	25.65634	
11.91857	25.8119464	25.6301601	25.8293997	25.65634	
11.9287	25.8119464	25.6301601	25.8293997	25.65634	
11.9389	25.8119464	25.6301601	25.8293997	25.65634	
11.94903	25.8119464	25.6301601	25.8293997	25.65634	
11.95954	25.8119464	25.6301601	25.8293997	25.65634	
11.96953	25.8119464	25.6301601	25.8293997	25.65634	
11.97957	25.8119464	25.6301601	25.8293997	25.65634	
11.98976	25.8119464	25.6301601	25.8293997	25.65634	
11.99985	25.8119464	25.6301601	25.8293997	25.65634	
12.01006	25.8119464	25.6301601	25.8293997	25.65634	
12.02021	25.8119464	25.6301601	25.8293997	25.65634	
12.03033	25.8119464	25.6301601	25.8293997	25.65634	
12.04047	25.8119464	25.6301601	25.8293997	25.65634	
12.0506	25.8119464	25.6301601	25.8293997	25.65634	
12.0608	25.8119464	25.6301601	25.8293997	25.65634	
12.07095	25.8119464	25.6301601	25.8293997	25.65634	
12.08112	25.8119464	25.6301601	25.8293997	25.65634	
12.09126	25.8119464	25.6301601	25.8293997	25.65634	
12.10132	25.8119464	25.6301601	25.8293997	25.65634	
12.11151	25.8119464	25.6301601	25.8293997	25.65634	
12.12168	25.8119464	25.6301601	25.8293997	25.65634	
12.13176	25.8119464	25.6301601	25.8293997	25.65634	
12.14193	25.8119464	25.6301601	25.8293997	25.65634	
12.15202	25.8119464	25.6301601	25.8293997	25.65634	
12.16222	25.8119464	25.6301601	25.8293997	25.65634	
12.17246	25.8119464	25.6301601	25.8293997	25.65634	
12.18248	25.8119464	25.6301601	25.8293997	25.65634	
12.1927	25.8119464	25.6301601	25.8293997	25.65634	
12.20289	25.8119464	25.6301601	25.8293997	25.65634	
12.21291	25.8119464	25.6301601	25.8293997	25.65634	
12.2231	25.8119464	25.6301601	25.8293997	25.65634	
12.23323	25.8119464	25.6301601	25.8293997	25.65634	
12.24337	25.8119464	25.6301601	25.8293997	25.65634	
12.2535	25.8119464	25.6301601	25.8293997	25.65634	
12.26363	25.8119464	25.6301601	25.8293997	25.65634	
12.27386	25.8119464	25.6301601	25.8293997	25.65634	
12.2843	25.8119464	25.6301601	25.8293997	25.65634	
12.29413	25.8119464	25.6301601	25.8293997	25.65634	
12.30422	25.8119464	25.6301601	25.8293997	25.65634	
12.31434	25.8119464	25.6301601	25.8293997	25.65634	
12.32454	25.8119464	25.6301601	25.8293997	25.65634	
12.33467	25.8119464	25.6301601	25.8293997	25.65634	
12.34481	25.8119464	25.6301601	25.8293997	25.65634	
12.35501	25.8119464	25.6301601	25.8293997	25.65634	
12.36539	25.8119464	25.6301601	25.8293997	25.65634	
12.37526	25.8119464	25.6301601	25.8293997	25.65634	
12.38536	25.8119464	25.6301601	25.8293997	25.65634	
12.39552	25.8119464	25.6301601	25.8293997	25.65634	
12.40564	25.8119464	25.6301601	25.8293997	25.65634	
12.41573	25.8119464	25.6301601	25.8293997	25.65634	
12.4259	25.8119464	25.6301601	25.8293997	25.65634	
12.43602	25.8119464	25.6301601	25.8293997	25.65634	
12.44612	25.8119464	25.6301601	25.8293997	25.65634	
12.45729	25.8119464	25.6301601	25.8293997	25.65634	
12.46677	25.8119464	25.6301601	25.8293997	25.65634	
12.47662	25.8119464	25.6301601	25.8293997	25.65634	
12.48671	25.8119464	25.6301601	25.8293997	25.65634	
12.49683	25.8119464	25.6301601	25.8293997	25.65634	
12.50701	25.8119464	25.6301601	25.8293997	25.65634	
12.51713	25.8119464	25.6301601	25.8293997	25.65634	
12.52724	25.8119464	25.6301601	25.8293997	25.65634	
12.53737	25.8119464	25.6301601	25.8293997	25.65634	
12.54829	25.8119464	25.6301601	25.8293997	25.65634	
12.55766	25.8119464	25.6301601	25.8293997	25.65634	
12.56818	25.8119464	25.6301601	25.8293997	25.65634	
12.57796	25.8119464	25.6301601	25.8293997	25.65634	
12.58811	25.8119464	25.6301601	25.8293997	25.65634	
12.5982	25.8119464	25.6301601	25.8293997	25.65634	
12.60828	25.8119464	25.6301601	25.8293997	25.65634	
12.61847	25.8119464	25.6301601	25.8293997	25.65634	
12.62854	25.8119464	25.6301601	25.8293997	25.65634	
12.6387	25.8119464	25.6301601	25.8293997	25.65634	
12.64882	25.8119464	25.6301601	25.8293997	25.65634	
12.65902	25.8119464	25.6301601	25.8293997	25.65634	
12.66949	25.8119464	25.6301601	25.8293997	25.65634	
12.67949	25.8119464	25.6301601	25.8293997	25.65634	
12.68967	25.8119464	25.6301601	25.8293997	25.65634	
12.69978	25.8119464	25.6301601	25.8293997	25.65634	
12.70987	25.8119464	25.6301601	25.8293997	25.65634	
12.72003	25.8119464	25.6301601	25.8293997	25.65634	
12.73025	25.8119464	25.6301601	25.8293997	25.65634	
12.74044	25.8119464	25.6301601	25.8293997	25.65634	
12.75055	25.8119464	25.6301601	25.8293997	25.65634	
12.76066	25.8119464	25.6301601	25.8293997	25.65634	
12.77086	25.8119464	25.6301601	25.8293997	25.65634	
12.781	25.8119464	25.6301601	25.8293997	25.65634	
12.79115	25.8119464	25.6301601	25.8293997	25.65634	
12.80128	25.8119464	25.6301601	25.8293997	25.65634	
12.81138	25.8119464	25.6301601	25.8293997	25.65634	
12.82157	25.8119464	25.6301601	25.8293997	25.65634	
12.83168	25.8119464	25.6301601	25.8293997	25.65634	
12.84186	25.8119464	25.6301601	25.8293997	25.65634	
12.85198	25.8119464	25.6301601	25.8293997	25.65634	
12.8621	25.8119464	25.6301601	25.8293997	25.65634	
12.87225	25.8119464	25.6301601	25.8293997	25.65634	
12.88242	25.8119464	25.6301601	25.8293997	25.65634	
12.89263	25.8119464	25.6301601	25.8293997	25.65634	
12.90273	25.8119464	25.6301601	25.8293997	25.65634	
12.91283	25.8119464	25.6301601	25.8293997	25.65634	
12.92307	25.8119464	25.6301601	25.8293997	25.65634	
12.93314	25.8119464	25.6301601	25.8293997	25.65634	
12.94328	25.8119464	25.6301601	25.8293997	25.65634	
12.95341	25.8119464	25.6301601	25.8293997	25.65634	
12.96352	25.8119464	25.6301601	25.8293997	25.65634	
12.9737	25.8119464	25.6301601	25.8293997	25.65634	
12.98383	25.8119464	25.6301601	25.8293997	25.65634	
12.99433	25.8119464	25.6301601	25.8293997	25.65634	
13.00419	25.8119464	25.6301601	25.8293997	25.65634	
13.01433	25.8119464	25.6301601	25.8293997	25.65634	
13.02444	25.8119464	25.6301601	25.8293997	25.65634	
13.03461	25.8119464	25.6301601	25.8293997	25.65634	
13.04471	25.8119464	25.6301601	25.8293997	25.65634	
13.05485	25.8119464	25.6301601	25.8293997	25.65634	
13.06501	25.8119464	25.6301601	25.8293997	25.65634	
13.07527	25.8119464	25.6301601	25.8293997	25.65634	
13.08533	25.8119464	25.6301601	25.8293997	25.65634	
13.09547	25.8119464	25.6301601	25.8293997	25.65634	
13.10565	25.8119464	25.6301601	25.8293997	25.65634	
13.11571	25.8119464	25.6301601	25.8293997	25.65634	
13.1258	25.8119464	25.6301601	25.8293997	25.65634	
13.13593	25.8119464	25.6301601	25.8293997	25.65634	
13.14607	25.8119464	25.6301601	25.8293997	25.65634	
13.15626	25.8119464	25.6301601	25.8293997	25.65634	
13.16633	25.8119464	25.6301601	25.8293997	25.65634	
13.17782	25.8119464	25.6301601	25.8293997	25.65634	
13.18664	25.8119464	25.6301601	25.8293997	25.65634	
13.19708	25.8119464	25.6301601	25.8293997	25.65634	
13.20691	25.8119464	25.6301601	25.8293997	25.65634	
13.217	25.8119464	25.6301601	25.8293997	25.65634	
13.22718	25.8119464	25.6301601	25.8293997	25.65634	
13.23727	25.8119464	25.6301601	25.8293997	25.65634	
13.24742	25.8119464	25.6301601	25.8293997	25.65634	
13.25761	25.8119464	25.6301601	25.8293997	25.65634	
13.26768	25.8119464	25.6301601	25.8293997	25.65634	
13.27904	25.8119464	25.6301601	25.8293997	25.65634	
13.28795	25.8119464	25.6301601	25.8293997	25.65634	
13.29806	25.8119464	25.6301601	25.8293997	25.65634	
13.30823	25.8119464	25.6301601	25.8293997	25.65634	
13.31834	25.8119464	25.6301601	25.8293997	25.65634	
13.32848	25.8119464	25.6301601	25.8293997	25.65634	
13.3386	25.8119464	25.6301601	25.8293997	25.65634	
13.34873	25.8119464	25.6301601	25.8293997	25.65634	
13.35885	25.8119464	25.6301601	25.8293997	25.65634	
13.36901	25.8119464	25.6301601	25.8293997	25.65634	
13.38025	25.8119464	25.6301601	25.8293997	25.65634	
13.38961	25.8119464	25.6301601	25.8293997	25.65634	
13.39977	25.8119464	25.6301601	25.8293997	25.65634	
13.40993	25.8119464	25.6301601	25.8293997	25.65634	
13.42	25.8119464	25.6301601	25.8293997	25.65634	
13.43018	25.8119464	25.6301601	25.8293997	25.65634	
13.44032	25.8119464	25.6301601	25.8293997	25.65634	
13.4505	25.8119464	25.6301601	25.8293997	25.65634	
13.46182	25.8119464	25.6301601	25.8293997	25.65634	
13.47074	25.8119464	25.6301601	25.8293997	25.65634	
13.48155	25.8119464	25.6301601	25.8293997	25.65634	
13.49116	25.8119464	25.6301601	25.8293997	25.65634	
13.50122	25.8119464	25.6301601	25.8293997	25.65634	
13.51139	25.8119464	25.6301601	25.8293997	25.65634	
13.52171	25.8119464	25.6301601	25.8293997	25.65634	
13.53183	25.8119464	25.6301601	25.8293997	25.65634	
13.54196	25.8119464	25.6301601	25.8293997	25.65634	
13.5521	25.8119464	25.6301601	25.8293997	25.65634	
13.56225	25.8119464	25.6301601	25.8293997	25.65634	
13.57238	25.8119464	25.6301601	25.8293997	25.65634	
13.58277	25.8119464	25.6301601	25.8293997	25.65634	
13.59266	25.8119464	25.6301601	25.8293997	25.65634	
13.60277	25.8119464	25.6301601	25.8293997	25.65634	
13.6129	25.8119464	25.6301601	25.8293997	25.65634	
13.63119	25.8119464	25.6301601	25.8293997	25.65634	
13.63554	25.8119464	25.6301601	25.8293997	25.65634	
13.64574	25.8119464	25.6301601	25.8293997	25.65634	
13.65586	25.8119464	25.6301601	25.8293997	25.65634	
13.66598	25.8119464	25.6301601	25.8293997	25.65634	
13.67607	25.8119464	25.6301601	25.8293997	25.65634	
13.6869	25.8119464	25.6301601	25.8293997	25.65634	
13.69641	25.8119464	25.6301601	25.8293997	25.65634	
13.70656	25.8119464	25.6301601	25.8293997	25.65634	
13.71664	25.8119464	25.6301601	25.8293997	25.65634	
13.72693	25.8119464	25.6301601	25.8293997	25.65634	
13.73694	25.8119464	25.6301601	25.8293997	25.65634	
13.74716	25.8119464	25.6301601	25.8293997	25.65634	
13.75721	25.8119464	25.6301601	25.8293997	25.65634	
13.76731	25.8119464	25.6301601	25.8293997	25.65634	
13.7805	25.8119464	25.6301601	25.8293997	25.65634	
13.78852	25.8119464	25.6301601	25.8293997	25.65634	
13.79778	25.8119464	25.6301601	25.8293997	25.65634	
13.80792	25.8119464	25.6301601	25.8293997	25.65634	
13.81799	25.8119464	25.6301601	25.8293997	25.65634	
13.82856	25.8119464	25.6301601	25.8293997	25.65634	
13.83828	25.8119464	25.6301601	25.8293997	25.65634	
13.84841	25.8119464	25.6301601	25.8293997	25.65634	
13.85854	25.8119464	25.6301601	25.8293997	25.65634	
13.86866	25.8119464	25.6301601	25.8293997	25.65634	
13.87881	25.8119464	25.6301601	25.8293997	25.65634	
13.88973	25.8119464	25.6301601	25.8293997	25.65634	
13.91705	25.8119464	25.6301601	25.8293997	25.65634	
13.92188	25.8119464	25.6301601	25.8293997	25.65634	
