7.847061	
7.851475	
7.861703	
7.871757	
7.881856	
7.892055	
7.902143	
7.912599	
7.922646	
7.932797	
7.942891	
7.952993	
7.963193	
7.973331	
7.983447	
7.993595	
8.003731	
8.013885	
8.024062	
8.034138	
8.044334	
8.054433	
8.064575	
8.074716	
8.084852	
8.094942	
8.105119	
8.115258	
8.125433	
8.135531	
8.145696	
8.155826	
8.165916	
8.176092	
8.186239	
8.196429	
8.2065	
8.216594	
8.226822	
8.236924	
8.247007	
8.257132	
8.267317	
8.27745	
8.28757	
8.297725	
8.307851	
8.31797	
8.328157	
8.33825	
8.348388	
8.358511	
8.368644	
8.378802	
8.388901	
8.399024	
8.40915	
8.419298	
8.42941	
8.439577	
8.449653	
8.45984	
8.469943	
8.480089	
8.490212	
8.500401	
8.510481	
8.520635	
8.531223	
8.540887	
8.550998	
8.561121	
8.571247	
8.581463	
8.591488	
8.601626	
8.611746	
8.621899	
8.63202	
8.650357	
8.654594	
8.664724	
8.674895	
8.685003	
8.695142	
8.705266	
8.715437	
8.725543	
8.735659	
8.745834	
8.756001	
8.766099	
8.776233	
8.786367	
8.805928	
8.810163	
8.820358	
8.830409	
8.840597	
8.859057	
8.863302	
8.873431	
8.883571	
8.893721	
8.903873	
8.914002	
8.924131	
8.934299	
8.944377	
8.954529	
8.964772	
8.974821	
8.984964	
8.995091	
9.005262	
9.015354	
9.025498	
9.035653	
9.045802	
9.055944	
9.066101	
9.076264	
9.086357	
9.096433	
9.106573	
9.116769	
9.126856	
9.136999	
9.147165	
9.157248	
9.167429	
9.177556	
9.18771	
9.197898	
9.207914	
9.218146	
9.22828	
9.23862	
9.258511	
9.262877	
9.273029	
9.283192	
9.29329	
9.303423	
9.313527	
9.323712	
9.333915	
9.343941	
9.354126	
9.364252	
9.37441	
9.38458	
9.394701	
9.404849	
9.414925	
9.425104	
9.435245	
9.445346	
9.455529	
9.465636	
9.475806	
9.486016	
9.496099	
9.506251	
9.51646	
9.526479	
9.536656	
9.546788	
9.55694	
9.567053	
9.577153	
9.587785	
9.59745	
9.607627	
9.617735	
9.627855	
9.638788	
9.648228	
9.658329	
9.668463	
9.678612	
9.688708	
9.698836	
9.708925	
9.71904	
9.729171	
9.739719	
9.749489	
9.759595	
9.769712	
9.779822	
9.790009	
9.80869	
9.812923	
9.82306	
9.833165	
9.843337	
9.85347	
9.863608	
9.873731	
9.883854	
9.894036	
9.904179	
9.914303	
9.924509	
9.934609	
9.944707	
9.954817	
9.964997	
9.975121	
9.985227	
9.995406	
10.00557	
10.0185	-0.0159479301	-0.0174532925	0.0102320087	0.00872664626	
10.02835	-0.0143114068	-0.0174532925	0.011868532	0.00872664626	
10.03842	-0.0120211836	-0.0174532925	0.0141587552	0.00872664626	
10.0485	-0.00912053365	-0.0174532925	0.0170594051	0.00872664626	
10.05865	-0.0055757508	-0.0174532925	0.020604188	0.00872664626	
10.06887	-0.00138387602	-0.0174532925	0.0247960628	0.00872664626	
10.07895	0.00336070988	-0.0174532925	0.0295406487	0.0174532925	
10.08908	0.00874391887	-0.0174532925	0.0349238576	0.0174532925	
10.09925	0.0147714264	-0.0174532925	0.0409513652	0.0174532925	
10.1099	0.0217824057	-0.0174532925	0.0479623445	0.0261799388	
10.11956	0.0286673349	-0.0174532925	0.0548472737	0.0261799388	
10.12966	0.0364849256	-0.0174532925	0.0626648644	0.034906585	
10.13976	0.0449300383	-0.0174532925	0.0711099771	0.034906585	
10.14994	0.0540523811	-0.0174532925	0.0802323199	0.0436332313	
10.16004	0.0637253996	-0.0174532925	0.0899053384	0.0523598776	
10.17015	0.0740167495	-0.0174532925	0.100196688	0.0523598776	
10.18028	0.0849437171	-0.0174532925	0.111123656	0.0610865238	
10.19045	0.096529469	-0.00872664626	0.122709408	0.0698131701	
10.20061	0.108733892	0	0.134913831	0.0785398163	
10.21149	0.122545331	0.00872664626	0.148725269	0.0872664626	
10.22099	0.135083103	0.0174532925	0.161263042	0.0959931089	
10.23102	0.148948308	0.0174532925	0.175128247	0.104719755	
10.24108	0.163473498	0.034906585	0.189653437	0.104719755	
10.25125	0.178764311	0.0436332313	0.20494425	0.113446401	
10.26154	0.194892065	0.0523598776	0.221072004	0.122173048	
10.27151	0.211097203	0.0698131701	0.237277142	0.13962634	
10.28166	0.228225547	0.0872664626	0.254405486	0.13962634	
10.29178	0.245898834	0.0959931089	0.272078773	0.157079633	
10.30196	0.264311149	0.113446401	0.290491087	0.165806279	
10.32092	0.301284551	0.13962634	0.32746449	0.183259571	
10.32533	0.309788132	0.148352986	0.335968071	0.191986218	
10.33544	0.330102461	0.157079633	0.3562824	0.200712864	
10.34555	0.35104507	0.183259571	0.377225008	0.20943951	
10.35567	0.372610567	0.191986218	0.398790506	0.226892803	
10.36591	0.395048619	0.20943951	0.421228558	0.244346095	
10.37598	0.417737451	0.226892803	0.44391739	0.261799388	
10.38612	0.441200855	0.253072742	0.467380794	0.27925268	
10.39628	0.465325687	0.261799388	0.491505625	0.296705973	
10.40635	0.489857536	0.287979327	0.516037475	0.314159265	
10.41653	0.515272641	0.305432619	0.54145258	0.331612558	
10.42674	0.541381194	0.331612558	0.567561132	0.34906585	
10.43692	0.56803365	0.34906585	0.594213589	0.375245789	
10.44694	0.59488109	0.366519143	0.621061029	0.401425728	
10.45713	0.622792726	0.392699082	0.648972665	0.427605667	
10.46729	0.651243131	0.41887902	0.67742307	0.453785606	
10.47744	0.680309692	0.445058959	0.706489631	0.479965544	
10.48754	0.709802377	0.471238898	0.735982315	0.506145483	
10.49765	0.739958525	0.506145483	0.766138464	0.532325422	
10.5078	0.770853339	0.532325422	0.797033277	0.558505361	
10.52569	0.827689766	0.593411946	0.853869704	0.610865238	
10.5304	0.842565943	0.602138592	0.868745881	0.628318531	
10.54022	0.87432724	0.637045177	0.900507179	0.663225116	
10.55034	0.907739856	0.671951762	0.933919795	0.698131701	
10.56044	0.941667861	0.715584993	0.9678478	0.733038286	
10.57889	1.00616702	0.750491578	1.03234696	0.767944871	
10.58336	1.02169531	0.79412481	1.04787525	0.811578102	
10.59336	1.0572663	0.829031395	1.08344624	0.846484687	
10.60355	1.0941346	0.872664626	1.12031454	0.881391272	
10.61363	1.13122613	0.907571211	1.15740607	0.925024504	
10.62493	1.17364046	0.951204442	1.1998204	0.959931089	
10.63402	1.20814915	0.994837674	1.23432909	1.00356432	
10.64408	1.2469858	1.02974426	1.27316574	1.04719755	
10.65425	1.28686686	1.07337749	1.3130468	1.09083078	
10.66435	1.32709514	1.11701072	1.35327508	1.13446401	
10.67454	1.36833248	1.16064395	1.39451242	1.17809725	
10.68472	1.41009283	1.20427718	1.43627277	1.21300383	
10.69482	1.45216322	1.24791042	1.47834315	1.25663706	
10.70495	1.4949837	1.29154365	1.52116364	1.30027029	
10.71512	1.53856889	1.33517688	1.56474883	1.34390352	
10.72602	1.5861182	1.37881011	1.61229814	1.3962634	
10.73541	1.62750264	1.42244334	1.65368258	1.43116999	
10.74555	1.67277753	1.47480322	1.69895747	1.48352986	
10.75567	1.71866326	1.51843645	1.7448432	1.5271631	
10.76579	1.76510345	1.56206968	1.79128339	1.57952297	
10.77596	1.81241357	1.61442956	1.83859351	1.6231562	
10.78613	1.86036324	1.65806279	1.88654318	1.67551608	
10.79624	1.90862231	1.71042267	1.93480225	1.71914931	
10.8064	1.95774073	1.76278254	1.98392067	1.76278254	
10.81647	2.0070743	1.80641578	2.03325424	1.81514242	
10.82817	2.06525215	1.85877565	2.09143209	1.8675023	
10.83684	2.10869533	1.90240888	2.13487527	1.91113553	
10.84692	2.1598749	1.96349541	2.18605484	1.95476876	
10.85709	2.21210844	2.00712864	2.23828838	2.00712864	
10.86723	2.26485587	2.06821516	2.29103581	2.05948852	
10.87736	2.31819916	2.11184839	2.3443791	2.11184839	
10.88748	2.37201311	2.17293492	2.39819304	2.16420827	
10.89762	2.4266212	2.2252948	2.45280113	2.21656815	
10.90776	2.48179146	2.28638132	2.5079714	2.26892803	
10.9179	2.53762281	2.3387412	2.56380274	2.32128791	
10.92944	2.60202531	2.39110108	2.62820525	2.37364778	
10.93822	2.65137759	2.4521876	2.67755753	2.42600766	
10.94833	2.7088493	2.51327412	2.73502924	2.47836754	
10.9586	2.76791492	2.565634	2.79409486	2.53072742	
10.96865	2.82631561	2.62672052	2.85249555	2.58308729	
10.97875	2.88552543	2.68780705	2.91170537	2.64417382	
10.98888	2.94563487	2.74016693	2.97181481	2.69653369	
10.99901	3.00633033	2.80125345	3.03251027	2.75762022	
11.00913	3.06571802	2.86233997	3.09189796	2.8099801	
11.01972	3.12722667	2.91469985	3.15340661	2.87106662	
11.03045	3.18885048	2.98451302	3.21503042	2.9234265	
11.03952	3.24043639	3.0368729	3.26661633	2.98451302	
11.04964	3.29739051	3.09795942	3.32357045	3.04559954	
11.06013	3.3557542	3.15904595	3.38193414	3.10668607	
11.07026	3.41154114	3.22885912	3.43772108	3.16777259	
11.08039	3.46670019	3.28121899	3.49288013	3.22885912	
11.09049	3.52109966	3.34230552	3.5472796	3.28994564	
11.1008	3.57596407	3.40339204	3.602144	3.35103216	
11.11077	3.62843724	3.45575192	3.65461717	3.41211869	
11.12129	3.68318141	3.51683844	3.70936135	3.47320521	
11.13253	3.74085776	3.57792497	3.7670377	3.53429174	
11.1412	3.78491559	3.63901149	3.81109553	3.59537826	
11.15159	3.83716301	3.69137137	3.86334295	3.64773814	
11.16147	3.88615588	3.75245789	3.91233582	3.70882466	
11.17157	3.93565765	3.80481777	3.96183759	3.76118454	
11.18171	3.98476268	3.85717765	4.01094262	3.81354442	
11.19186	4.03330839	3.91826417	4.05948833	3.87463094	
11.20209	4.08156616	3.9618974	4.1077461	3.92699082	
11.21996	4.16365037	4.06661716	4.18983031	4.02298393	
11.22426	4.18346475	4.08407045	4.20964469	4.04916386	
11.23475	4.23098166	4.13643033	4.2571616	4.10152374	
11.25471	4.31836666	4.23242344	4.3445466	4.19751685	
11.25912	4.33778357	4.25860337	4.36396351	4.22369679	
11.26929	4.38172835	4.30223661	4.40790829	4.26733002	
11.27971	4.42615002	4.34586984	4.45232996	4.3196899	
11.2895	4.46729717	4.39822972	4.49347711	4.36332313	
11.29961	4.50917213	4.44186295	4.53535207	4.41568301	
11.30975	4.55057933	4.48549618	4.57675926	4.45931624	
11.31984	4.59118245	4.52912941	4.61736239	4.50294947	
11.33	4.63157962	4.57276264	4.65775956	4.5465827	
11.3402	4.67127221	4.61639587	4.69745215	4.59021593	
11.3503	4.71009588	4.65130246	4.73627582	4.63384916	
11.36046	4.74858422	4.69493569	4.77476416	4.6774824	
11.37063	4.78641567	4.72984227	4.81259561	4.71238898	
11.38122	4.82520337	4.7734755	4.85138331	4.75602221	
11.39085	4.85990826	4.80838209	4.8860882	4.7909288	
11.40097	4.89580919	4.85201532	4.92198913	4.83456203	
11.41109	4.93110388	4.88692191	4.95728382	4.86946861	
11.42119	4.96569607	4.92182849	4.991876	4.91310184	
11.43148	5.00035175	4.95673508	5.02653169	4.94800843	
11.44152	5.03353909	4.99164166	5.05971903	4.98291501	
11.45166	5.06648983	5.02654825	5.09266977	5.0178216	
11.46198	5.09938863	5.06145483	5.12556857	5.05272818	
11.47191	5.1304627	5.09636142	5.15664264	5.08763477	
11.49035	5.18573127	5.14872129	5.2119112	5.14872129	
11.49472	5.19886428	5.16617459	5.22504421	5.15744794	
11.50484	5.22859732	5.20108117	5.25477726	5.19235452	
11.51498	5.25777708	5.23598776	5.28395702	5.21853446	
11.5251	5.28631114	5.26216769	5.31249108	5.25344105	
11.53569	5.3154967	5.28834763	5.34167664	5.27962099	
11.55356	5.36251918	5.34070751	5.38869912	5.33198086	
11.55793	5.37404943	5.3581608	5.40022937	5.34070751	
11.56807	5.40021275	5.3756141	5.42639269	5.3756141	
11.57849	5.42642325	5.40179403	5.45260319	5.39306739	
11.5884	5.45053977	5.42797397	5.4767197	5.41924733	
11.59844	5.47457037	5.45415391	5.50075031	5.44542727	
11.60863	5.49835388	5.47160721	5.52453382	5.46288056	
11.61875	5.52138128	5.49778714	5.54756122	5.4890605	
11.62889	5.54388747	5.51524044	5.57006741	5.51524044	
11.63966	5.56707011	5.53269373	5.59325004	5.53269373	
11.6498	5.58833881	5.55887367	5.61451875	5.55014702	
11.65998	5.60909037	5.57632696	5.63527031	5.57632696	
11.67013	5.62919432	5.59378025	5.65537426	5.59378025	
11.68025	5.64867323	5.61123355	5.67485317	5.61123355	
11.69036	5.6675334	5.62868684	5.69371334	5.61996019	
11.70058	5.6860081	5.64614013	5.71218803	5.64614013	
11.7185	5.71617115	5.66359342	5.74235109	5.65486678	
11.72281	5.72348419	5.67232007	5.74966413	5.67232007	
11.73303	5.7400802	5.68977336	5.76626014	5.68977336	
11.74326	5.75611522	5.70722665	5.78229516	5.70722665	
11.75333	5.77130018	5.7159533	5.79748012	5.7159533	
11.76348	5.78605227	5.72467995	5.81223221	5.72467995	
11.77358	5.80015479	5.73340659	5.82633473	5.73340659	
11.78377	5.81381507	5.74213324	5.83999501	5.75085989	
11.79385	5.82675936	5.75085989	5.8529393	5.75958653	
11.81332	5.84917585	5.76831318	5.87535579	5.77703982	
11.8177	5.85429019	5.76831318	5.88047013	5.77703982	
11.8278	5.86538231	5.77703982	5.89156225	5.79449312	
11.83912	5.87709524	5.77703982	5.90327518	5.79449312	
11.84824	5.88612933	5.77703982	5.91230927	5.80321976	
11.85828	5.8955234	5.78576647	5.92170333	5.81194641	
11.86841	5.90444262	5.79449312	5.93062256	5.82067306	
11.87861	5.91288864	5.79449312	5.93906858	5.82067306	
11.8887	5.92070683	5.80321976	5.94688677	5.8293997	
11.8988	5.9280072	5.80321976	5.95418714	5.8293997	
11.90898	5.93482811	5.81194641	5.96100805	5.83812635	
11.91908	5.94108507	5.81194641	5.96726501	5.83812635	
11.92936	5.94692665	5.81194641	5.97310659	5.83812635	
11.94064	5.95267875	5.81194641	5.97885869	5.83812635	
11.94954	5.95689014	5.81194641	5.98307008	5.83812635	
11.95977	5.96120044	5.81194641	5.98738038	5.83812635	
11.96979	5.96496869	5.82067306	5.99114863	5.83812635	
11.97993	5.96831846	5.82067306	5.9944984	5.83812635	
11.99017	5.97124579	5.82067306	5.99742572	5.83812635	
12.00021	5.973705	5.82067306	5.99988494	5.83812635	
12.01034	5.97578438	5.82067306	6.00196431	5.83812635	
12.02048	5.97749223	5.82067306	6.00367217	5.83812635	
12.03064	5.98254671	5.82067306	6.00872665	5.83812635	
12.04191	5.98254671	5.82067306	6.00872665	5.83812635	
12.0509	5.98254671	5.82067306	6.00872665	5.83812635	
12.06105	5.98254671	5.82067306	6.00872665	5.83812635	
12.07115	5.98254671	5.82067306	6.00872665	5.83812635	
12.08124	5.98254671	5.82067306	6.00872665	5.83812635	
12.0917	5.98254671	5.82067306	6.00872665	5.83812635	
12.10164	5.98254671	5.82067306	6.00872665	5.83812635	
12.11175	5.98254671	5.82067306	6.00872665	5.83812635	
12.12187	5.98254671	5.82067306	6.00872665	5.83812635	
12.13208	5.98254671	5.82067306	6.00872665	5.83812635	
12.1432	5.98254671	5.82067306	6.00872665	5.83812635	
12.15274	5.98254671	5.82067306	6.00872665	5.83812635	
12.16292	5.98254671	5.82067306	6.00872665	5.83812635	
12.17308	5.98254671	5.82067306	6.00872665	5.83812635	
12.18313	5.98254671	5.82067306	6.00872665	5.83812635	
12.19333	5.98254671	5.82067306	6.00872665	5.83812635	
12.20353	5.98254671	5.82067306	6.00872665	5.83812635	
12.21362	5.98254671	5.82067306	6.00872665	5.83812635	
12.23185	5.98254671	5.82067306	6.00872665	5.83812635	
12.23618	5.98254671	5.82067306	6.00872665	5.83812635	
12.24721	5.98254671	5.82067306	6.00872665	5.83812635	
12.25729	5.98254671	5.82067306	6.00872665	5.83812635	
12.26762	5.98254671	5.82067306	6.00872665	5.83812635	
12.27771	5.98254671	5.82067306	6.00872665	5.83812635	
12.28779	5.98254671	5.82067306	6.00872665	5.83812635	
12.29798	5.98254671	5.82067306	6.00872665	5.83812635	
12.30815	5.98254671	5.82067306	6.00872665	5.83812635	
12.31832	5.98254671	5.82067306	6.00872665	5.83812635	
12.32841	5.98254671	5.82067306	6.00872665	5.83812635	
12.33861	5.98254671	5.82067306	6.00872665	5.83812635	
12.35082	5.98254671	5.82067306	6.00872665	5.83812635	
12.36098	5.98254671	5.82067306	6.00872665	5.83812635	
12.37102	5.98254671	5.82067306	6.00872665	5.83812635	
12.38114	5.98254671	5.82067306	6.00872665	5.83812635	
12.39147	5.98254671	5.82067306	6.00872665	5.83812635	
12.40141	5.98254671	5.82067306	6.00872665	5.83812635	
12.41163	5.98254671	5.82067306	6.00872665	5.83812635	
12.42171	5.98254671	5.82067306	6.00872665	5.83812635	
12.43179	5.98254671	5.82067306	6.00872665	5.83812635	
12.44195	5.98254671	5.82067306	6.00872665	5.83812635	
12.4523	5.98254671	5.82067306	6.00872665	5.83812635	
12.46239	5.98254671	5.82067306	6.00872665	5.83812635	
12.47248	5.98254671	5.82067306	6.00872665	5.83812635	
12.48257	5.98254671	5.82067306	6.00872665	5.83812635	
12.49283	5.98254671	5.82067306	6.00872665	5.83812635	
12.50288	5.98254671	5.82067306	6.00872665	5.83812635	
12.52116	5.98254671	5.82067306	6.00872665	5.83812635	
12.52556	5.98254671	5.82067306	6.00872665	5.83812635	
12.53563	5.98254671	5.82067306	6.00872665	5.83812635	
12.54679	5.98254671	5.82067306	6.00872665	5.83812635	
12.55599	5.98254671	5.82067306	6.00872665	5.83812635	
12.56614	5.98254671	5.82067306	6.00872665	5.83812635	
12.57623	5.98254671	5.82067306	6.00872665	5.83812635	
12.58645	5.98254671	5.82067306	6.00872665	5.83812635	
12.59648	5.98254671	5.82067306	6.00872665	5.83812635	
12.60663	5.98254671	5.82067306	6.00872665	5.83812635	
12.61684	5.98254671	5.82067306	6.00872665	5.83812635	
12.6269	5.98254671	5.82067306	6.00872665	5.83812635	
12.63702	5.98254671	5.82067306	6.00872665	5.83812635	
12.64801	5.98254671	5.82067306	6.00872665	5.83812635	
12.65737	5.98254671	5.82067306	6.00872665	5.83812635	
12.66751	5.98254671	5.82067306	6.00872665	5.83812635	
12.67762	5.98254671	5.82067306	6.00872665	5.83812635	
12.68771	5.98254671	5.82067306	6.00872665	5.83812635	
12.69793	5.98254671	5.82067306	6.00872665	5.83812635	
12.70804	5.98254671	5.82067306	6.00872665	5.83812635	
12.71841	5.98254671	5.82067306	6.00872665	5.83812635	
12.72828	5.98254671	5.82067306	6.00872665	5.83812635	
12.73855	5.98254671	5.82067306	6.00872665	5.83812635	
12.74926	5.98254671	5.82067306	6.00872665	5.83812635	
12.75879	5.98254671	5.82067306	6.00872665	5.83812635	
12.76889	5.98254671	5.82067306	6.00872665	5.83812635	
12.779	5.98254671	5.82067306	6.00872665	5.83812635	
12.78917	5.98254671	5.82067306	6.00872665	5.83812635	
12.79971	5.98254671	5.82067306	6.00872665	5.83812635	
12.80947	5.98254671	5.82067306	6.00872665	5.83812635	
12.81958	5.98254671	5.82067306	6.00872665	5.83812635	
12.82972	5.98254671	5.82067306	6.00872665	5.83812635	
12.83979	5.98254671	5.82067306	6.00872665	5.83812635	
12.85052	5.98254671	5.82067306	6.00872665	5.83812635	
12.86013	5.98254671	5.82067306	6.00872665	5.83812635	
12.87031	5.98254671	5.82067306	6.00872665	5.83812635	
12.88037	5.98254671	5.82067306	6.00872665	5.83812635	
12.89049	5.98254671	5.82067306	6.00872665	5.83812635	
12.90896	5.98254671	5.82067306	6.00872665	5.83812635	
12.9133	5.98254671	5.82067306	6.00872665	5.83812635	
12.92349	5.98254671	5.82067306	6.00872665	5.83812635	
12.93431	5.98254671	5.82067306	6.00872665	5.83812635	
12.94374	5.98254671	5.82067306	6.00872665	5.83812635	
12.95467	5.98254671	5.82067306	6.00872665	5.83812635	
12.96434	5.98254671	5.82067306	6.00872665	5.83812635	
12.97449	5.98254671	5.82067306	6.00872665	5.83812635	
12.98461	5.98254671	5.82067306	6.00872665	5.83812635	
12.99473	5.98254671	5.82067306	6.00872665	5.83812635	
13.00495	5.98254671	5.82067306	6.00872665	5.83812635	
13.01503	5.98254671	5.82067306	6.00872665	5.83812635	
13.02517	5.98254671	5.82067306	6.00872665	5.83812635	
13.03563	5.98254671	5.82067306	6.00872665	5.83812635	
13.04542	5.98254671	5.82067306	6.00872665	5.83812635	
13.05599	5.98254671	5.82067306	6.00872665	5.83812635	
13.06572	5.98254671	5.82067306	6.00872665	5.83812635	
13.0759	5.98254671	5.82067306	6.00872665	5.83812635	
13.08603	5.98254671	5.82067306	6.00872665	5.83812635	
13.09612	5.98254671	5.82067306	6.00872665	5.83812635	
13.10632	5.98254671	5.82067306	6.00872665	5.83812635	
13.11645	5.98254671	5.82067306	6.00872665	5.83812635	
13.12659	5.98254671	5.82067306	6.00872665	5.83812635	
13.13673	5.98254671	5.82067306	6.00872665	5.83812635	
13.14683	5.98254671	5.82067306	6.00872665	5.83812635	
13.15735	5.98254671	5.82067306	6.00872665	5.83812635	
13.16714	5.98254671	5.82067306	6.00872665	5.83812635	
13.17724	5.98254671	5.82067306	6.00872665	5.83812635	
13.18756	5.98254671	5.82067306	6.00872665	5.83812635	
13.19749	5.98254671	5.82067306	6.00872665	5.83812635	
13.20767	5.98254671	5.82067306	6.00872665	5.83812635	
13.21779	5.98254671	5.82067306	6.00872665	5.83812635	
13.22794	5.98254671	5.82067306	6.00872665	5.83812635	
13.23803	5.98254671	5.82067306	6.00872665	5.83812635	
13.25879	5.98254671	5.82067306	6.00872665	5.83812635	
13.26322	5.98254671	5.82067306	6.00872665	5.83812635	
13.27333	5.98254671	5.82067306	6.00872665	5.83812635	
13.28351	5.98254671	5.82067306	6.00872665	5.83812635	
13.29362	5.98254671	5.82067306	6.00872665	5.83812635	
13.30377	5.98254671	5.82067306	6.00872665	5.83812635	
13.3139	5.98254671	5.82067306	6.00872665	5.83812635	
13.32405	5.98254671	5.82067306	6.00872665	5.83812635	
13.33423	5.98254671	5.82067306	6.00872665	5.83812635	
13.34429	5.98254671	5.82067306	6.00872665	5.83812635	
13.35445	5.98254671	5.82067306	6.00872665	5.83812635	
13.36502	5.98254671	5.82067306	6.00872665	5.83812635	
13.37485	5.98254671	5.82067306	6.00872665	5.83812635	
13.38497	5.98254671	5.82067306	6.00872665	5.83812635	
13.39506	5.98254671	5.82067306	6.00872665	5.83812635	
13.40526	5.98254671	5.82067306	6.00872665	5.83812635	
13.41557	5.98254671	5.82067306	6.00872665	5.83812635	
13.4255	5.98254671	5.82067306	6.00872665	5.83812635	
13.43566	5.98254671	5.82067306	6.00872665	5.83812635	
13.44573	5.98254671	5.82067306	6.00872665	5.83812635	
13.45593	5.98254671	5.82067306	6.00872665	5.83812635	
13.46611	5.98254671	5.82067306	6.00872665	5.83812635	
13.47623	5.98254671	5.82067306	6.00872665	5.83812635	
13.48644	5.98254671	5.82067306	6.00872665	5.83812635	
13.49651	5.98254671	5.82067306	6.00872665	5.83812635	
13.50668	5.98254671	5.82067306	6.00872665	5.83812635	
13.51688	5.98254671	5.82067306	6.00872665	5.83812635	
13.52696	5.98254671	5.82067306	6.00872665	5.83812635	
13.53709	5.98254671	5.82067306	6.00872665	5.83812635	
13.54719	5.98254671	5.82067306	6.00872665	5.83812635	
13.5574	5.98254671	5.82067306	6.00872665	5.83812635	
13.56758	5.98254671	5.82067306	6.00872665	5.83812635	
13.57766	5.98254671	5.82067306	6.00872665	5.83812635	
13.58792	5.98254671	5.82067306	6.00872665	5.83812635	
13.59802	5.98254671	5.82067306	6.00872665	5.83812635	
13.60819	5.98254671	5.82067306	6.00872665	5.83812635	
13.61834	5.98254671	5.82067306	6.00872665	5.83812635	
13.62845	5.98254671	5.82067306	6.00872665	5.83812635	
13.63858	5.98254671	5.82067306	6.00872665	5.83812635	
13.64867	5.98254671	5.82067306	6.00872665	5.83812635	
13.65884	5.98254671	5.82067306	6.00872665	5.83812635	
13.66908	5.98254671	5.82067306	6.00872665	5.83812635	
13.67915	5.98254671	5.82067306	6.00872665	5.83812635	
13.6893	5.98254671	5.82067306	6.00872665	5.83812635	
13.69975	5.98254671	5.82067306	6.00872665	5.83812635	
13.70955	5.98254671	5.82067306	6.00872665	5.83812635	
13.71963	5.98254671	5.82067306	6.00872665	5.83812635	
13.72976	5.98254671	5.82067306	6.00872665	5.83812635	
13.7399	5.98254671	5.82067306	6.00872665	5.83812635	
13.75004	5.98254671	5.82067306	6.00872665	5.83812635	
13.76017	5.98254671	5.82067306	6.00872665	5.83812635	
13.77038	5.98254671	5.82067306	6.00872665	5.83812635	
13.7805	5.98254671	5.82067306	6.00872665	5.83812635	
13.79848	5.98254671	5.82067306	6.00872665	5.83812635	
13.80281	5.98254671	5.82067306	6.00872665	5.83812635	
13.81306	5.98254671	5.82067306	6.00872665	5.83812635	
13.82311	5.98254671	5.82067306	6.00872665	5.83812635	
13.83325	5.98254671	5.82067306	6.00872665	5.83812635	
13.84337	5.98254671	5.82067306	6.00872665	5.83812635	
13.8535	5.98254671	5.82067306	6.00872665	5.83812635	
13.8645	5.98254671	5.82067306	6.00872665	5.83812635	
13.87415	5.98254671	5.82067306	6.00872665	5.83812635	
13.88429	5.98254671	5.82067306	6.00872665	5.83812635	
13.8945	5.98254671	5.82067306	6.00872665	5.83812635	
13.90457	5.98254671	5.82067306	6.00872665	5.83812635	
13.91475	5.98254671	5.82067306	6.00872665	5.83812635	
13.92496	5.98254671	5.82067306	6.00872665	5.83812635	
13.93569	5.98254671	5.82067306	6.00872665	5.83812635	
13.94514	5.98254671	5.82067306	6.00872665	5.83812635	
13.95525	5.98254671	5.82067306	6.00872665	5.83812635	
13.96575	5.98254671	5.82067306	6.00872665	5.83812635	
13.97576	5.98254671	5.82067306	6.00872665	5.83812635	
13.98571	5.98254671	5.82067306	6.00872665	5.83812635	
13.99584	5.98254671	5.82067306	6.00872665	5.83812635	
14.00596	5.98254671	5.82067306	6.00872665	5.83812635	
14.01613	5.98254671	5.82067306	6.00872665	5.83812635	
14.02626	5.98254671	5.82067306	6.00872665	5.83812635	
14.03641	5.98254671	5.82067306	6.00872665	5.83812635	
14.04652	5.98254671	5.82067306	6.00872665	5.83812635	
14.05667	5.98254671	5.82067306	6.00872665	5.83812635	
14.06703	5.98254671	5.82067306	6.00872665	5.83812635	
14.07709	5.98254671	5.82067306	6.00872665	5.83812635	
14.08715	5.98254671	5.82067306	6.00872665	5.83812635	
14.09724	5.98254671	5.82067306	6.00872665	5.83812635	
14.10735	5.98254671	5.82067306	6.00872665	5.83812635	
14.11754	5.98254671	5.82067306	6.00872665	5.83812635	
14.13572	5.98254671	5.82067306	6.00872665	5.83812635	
14.14008	5.98254671	5.82067306	6.00872665	5.83812635	
14.15019	5.98254671	5.82067306	6.00872665	5.83812635	
14.16033	5.98254671	5.82067306	6.00872665	5.83812635	
14.17104	5.98254671	5.82067306	6.00872665	5.83812635	
14.18121	5.98254671	5.82067306	6.00872665	5.83812635	
14.19134	5.98254671	5.82067306	6.00872665	5.83812635	
14.2014	5.98254671	5.82067306	6.00872665	5.83812635	
14.21162	5.98254671	5.82067306	6.00872665	5.83812635	
14.22168	5.98254671	5.82067306	6.00872665	5.83812635	
14.23181	5.98254671	5.82067306	6.00872665	5.83812635	
14.24192	5.98254671	5.82067306	6.00872665	5.83812635	
14.26009	5.98254671	5.82067306	6.00872665	5.83812635	
14.26444	5.98254671	5.82067306	6.00872665	5.83812635	
14.27466	5.98254671	5.82067306	6.00872665	5.83812635	
14.28503	5.98254671	5.82067306	6.00872665	5.83812635	
14.29492	5.98254671	5.82067306	6.00872665	5.83812635	
14.30502	5.98254671	5.82067306	6.00872665	5.83812635	
14.31519	5.98254671	5.82067306	6.00872665	5.83812635	
14.32536	5.98254671	5.82067306	6.00872665	5.83812635	
14.33546	5.98254671	5.82067306	6.00872665	5.83812635	
14.34554	5.98254671	5.82067306	6.00872665	5.83812635	
14.35572	5.98254671	5.82067306	6.00872665	5.83812635	
14.36585	5.98254671	5.82067306	6.00872665	5.83812635	
14.37606	5.98254671	5.82067306	6.00872665	5.83812635	
14.38616	5.98254671	5.82067306	6.00872665	5.83812635	
14.39634	5.98254671	5.82067306	6.00872665	5.83812635	
14.40653	5.98254671	5.82067306	6.00872665	5.83812635	
14.41658	5.98254671	5.82067306	6.00872665	5.83812635	
14.42678	5.98254671	5.82067306	6.00872665	5.83812635	
14.43699	5.98254671	5.82067306	6.00872665	5.83812635	
14.44701	5.98254671	5.82067306	6.00872665	5.83812635	
14.45718	5.98254671	5.82067306	6.00872665	5.83812635	
14.46729	5.98254671	5.82067306	6.00872665	5.83812635	
14.47752	5.98254671	5.82067306	6.00872665	5.83812635	
14.48762	5.98254671	5.82067306	6.00872665	5.83812635	
14.49783	5.98254671	5.82067306	6.00872665	5.83812635	
14.50801	5.98254671	5.82067306	6.00872665	5.83812635	
14.51831	5.98254671	5.82067306	6.00872665	5.83812635	
14.52829	5.98254671	5.82067306	6.00872665	5.83812635	
14.53845	5.98254671	5.82067306	6.00872665	5.83812635	
14.54854	5.98254671	5.82067306	6.00872665	5.83812635	
14.55867	5.98254671	5.82067306	6.00872665	5.83812635	
14.56876	5.98254671	5.82067306	6.00872665	5.83812635	
14.57899	5.98254671	5.82067306	6.00872665	5.83812635	
14.58914	5.98254671	5.82067306	6.00872665	5.83812635	
14.59954	5.98254671	5.82067306	6.00872665	5.83812635	
14.60937	5.98254671	5.82067306	6.00872665	5.83812635	
14.61993	5.98254671	5.82067306	6.00872665	5.83812635	
14.62964	5.98254671	5.82067306	6.00872665	5.83812635	
14.63971	5.98254671	5.82067306	6.00872665	5.83812635	
14.64984	5.98254671	5.82067306	6.00872665	5.83812635	
14.65999	5.98254671	5.82067306	6.00872665	5.83812635	
14.67012	5.98254671	5.82067306	6.00872665	5.83812635	
14.68033	5.98254671	5.82067306	6.00872665	5.83812635	
14.69045	5.98254671	5.82067306	6.00872665	5.83812635	
14.70064	5.98254671	5.82067306	6.00872665	5.83812635	
14.71075	5.98254671	5.82067306	6.00872665	5.83812635	
14.72117	5.98254671	5.82067306	6.00872665	5.83812635	
14.73099	5.98254671	5.82067306	6.00872665	5.83812635	
14.74114	5.98254671	5.82067306	6.00872665	5.83812635	
14.75123	5.98254671	5.82067306	6.00872665	5.83812635	
14.76131	5.98254671	5.82067306	6.00872665	5.83812635	
14.77153	5.98254671	5.82067306	6.00872665	5.83812635	
14.78169	5.98254671	5.82067306	6.00872665	5.83812635	
14.79179	5.98254671	5.82067306	6.00872665	5.83812635	
14.80192	5.98254671	5.82067306	6.00872665	5.83812635	
14.82123	5.98254671	5.82067306	6.00872665	5.83812635	
14.82561	5.98254671	5.82067306	6.00872665	5.83812635	
14.83579	5.98254671	5.82067306	6.00872665	5.83812635	
14.84585	5.98254671	5.82067306	6.00872665	5.83812635	
14.85604	5.98254671	5.82067306	6.00872665	5.83812635	
14.86611	5.98254671	5.82067306	6.00872665	5.83812635	
14.87683	5.98254671	5.82067306	6.00872665	5.83812635	
14.88654	5.98254671	5.82067306	6.00872665	5.83812635	
14.89658	5.98254671	5.82067306	6.00872665	5.83812635	
14.90673	5.98254671	5.82067306	6.00872665	5.83812635	
14.9169	5.98254671	5.82067306	6.00872665	5.83812635	
14.94163	5.98254671	5.82067306	6.00872665	5.83812635	
