7.217802	
7.227919	
7.238105	
7.2482	
7.258268	
7.268749	
7.278541	
7.28867	
7.298797	
7.308924	
7.319083	
7.32917	
7.339386	
7.349458	
7.3674	
7.371591	
7.381779	
7.391854	
7.401982	
7.412516	
7.422288	
7.432722	
7.442705	
7.452886	
7.463604	
7.473028	
7.483145	
7.493277	
7.503422	
7.513548	
7.523716	
7.533892	
7.544254	
7.554099	
7.564268	
7.574435	
7.58449	
7.594627	
7.604868	
7.614906	
7.625048	
7.63514	
7.645319	
7.655406	
7.665634	
7.675777	
7.685957	
7.695975	
7.706134	
7.716269	
7.726432	
7.736478	
7.746701	
7.756855	
7.766923	
7.777035	
7.787129	
7.797249	
7.809818	
7.817495	
7.827628	
7.837744	
7.847859	
7.858092	
7.868182	
7.878315	
7.888403	
7.898818	
7.908633	
7.918737	
7.928872	
7.938958	
7.949145	
7.959257	
7.969393	
7.979597	
7.989657	
7.999779	
8.01014	
8.020271	
8.03048	
8.040578	
8.050675	
8.060922	
8.070965	
8.081124	
8.091274	
8.101382	
8.111543	
8.121677	
8.131834	
8.141963	
8.152064	
8.162244	
8.172446	
8.182565	
8.192646	
8.202782	
8.212965	
8.223071	
8.233196	
8.243373	
8.253471	
8.263583	
8.273842	
8.283912	
8.294058	
8.304169	
8.314274	
8.32448	
8.334607	
8.344725	
8.354856	
8.364995	
8.375138	
8.385332	
8.395466	
8.405613	
8.415669	
8.426048	
8.437349	
8.446106	
8.456201	
8.466514	
8.476628	
8.487153	
8.496971	
8.507067	
8.517192	
8.527433	
8.537447	
8.547598	
8.557695	
8.567793	
8.577929	
8.595915	
8.600184	
8.610341	
8.620459	
8.630575	
8.640758	
8.650845	
8.661054	
8.671132	
8.681255	
8.691619	
8.701578	
8.711692	
8.721829	
8.731936	
8.742119	
8.752246	
8.762395	
8.772508	
8.782609	
8.792746	
8.802929	
8.813103	
8.823205	
8.833281	
8.843502	
8.853633	
8.863722	
8.873837	
8.883955	
8.89414	
8.904251	
8.914433	
8.92456	
8.934688	
8.944788	
8.954968	
8.965338	
8.975227	
8.985357	
8.995442	
9.006417	
9.016551	61.480147	61.4792229	61.6983132	61.6973891	
9.026608	61.481669	61.4792229	61.6998351	61.6973891	
9.036757	61.4838246	61.4792229	61.7019908	61.6973891	
9.047193	61.4867058	61.4792229	61.704872	61.6973891	
9.057028	61.489981	61.4792229	61.7081471	61.6973891	
9.067105	61.4939557	61.4792229	61.7121219	61.7061157	
9.077264	61.4985826	61.4792229	61.7167487	61.7061157	
9.087353	61.5037877	61.4792229	61.7219539	61.7061157	
9.097494	61.5096385	61.4792229	61.7278046	61.7148424	
9.107645	61.5163612	61.4792229	61.7345273	61.7148424	
9.117827	61.5232314	61.4792229	61.7413976	61.7148424	
9.127966	61.5309366	61.4792229	61.7491028	61.7148424	
9.145924	61.5469338	61.4792229	61.7650999	61.7148424	
9.150279	61.550748	61.4792229	61.7689141	61.7148424	
9.16041	61.5604153	61.4792229	61.7785815	61.7148424	
9.17057	61.5707316	61.4792229	61.7888978	61.7148424	
9.180704	61.5816369	61.4792229	61.799803	61.7148424	
9.190798	61.5931055	61.4879495	61.8112717	61.7148424	
9.200937	61.6052508	61.4879495	61.823417	61.7148424	
9.211085	61.6180241	61.4879495	61.8361903	61.7148424	
9.221344	61.6315737	61.4879495	61.8497398	61.7148424	
9.231403	61.6454473	61.4879495	61.8636135	61.7148424	
9.241568	61.6600989	61.4879495	61.8782651	61.723569	
9.251708	61.6753322	61.4879495	61.8934984	61.7322956	
9.261825	61.6911445	61.4966762	61.9093107	61.7410223	
9.271988	61.7076483	61.5054028	61.9258144	61.7497489	
9.282123	61.7247184	61.5141295	61.9428846	61.7584756	
9.29227	61.742434	61.5228561	61.9606002	61.7672022	
9.302429	61.7607829	61.5403094	61.978949	61.7846555	
9.312537	61.7796566	61.5577627	61.9978228	61.7933822	
9.32303	61.7999282	61.5664894	62.0180943	61.8108355	
9.332909	61.8195673	61.5926693	62.0377334	61.8282888	
9.343016	61.8402792	61.6101226	62.0584454	61.845742	
9.353088	61.8615333	61.6275759	62.0796994	61.871922	
9.363274	61.8836607	61.6537558	62.1018269	61.8893753	
9.373441	61.9063576	61.6712091	62.1245237	61.9155552	
9.38355	61.9295338	61.6973891	62.1477	61.9330085	
9.393643	61.9532936	61.7322956	62.1714598	61.9591884	
9.40379	61.9777977	61.7497489	62.1959639	61.9853684	
9.413941	62.0029274	61.7846555	62.2210935	62.0115483	
9.424437	62.0295909	61.8108355	62.247757	62.0377283	
9.434226	62.0549919	61.8370154	62.2731581	62.0639082	
9.444403	62.0820494	61.871922	62.3002156	62.0988148	
9.45459	62.109751	61.9068286	62.3279172	62.1337214	
9.465423	62.1399604	61.9417352	62.3581265	62.168628	
9.474852	62.1667081	61.9679151	62.3848742	62.2035345	
9.485	62.1961628	62.0028217	62.4143289	62.2384411	
9.495052	62.2259303	62.0377283	62.4440965	62.2733477	
9.505171	62.2565124	62.0726348	62.4746786	62.3082543	
9.515348	62.2879087	62.1075414	62.5060749	62.3431609	
9.525617	62.3202311	62.1511747	62.5383973	62.3867941	
9.535686	62.3524909	62.1860812	62.5706571	62.4217007	
9.545813	62.3855665	62.2209878	62.6037326	62.4653339	
9.555957	62.4193289	62.2558944	62.6374951	62.5002405	
9.566084	62.4536568	62.2995276	62.671823	62.5438737	
9.576192	62.4885014	62.3344342	62.7066676	62.5787803	
9.586632	62.5257212	62.3780675	62.7438874	62.6224136	
9.596383	62.5599869	62.4129741	62.778153	62.6573201	
9.606739	62.5985758	62.4566073	62.816742	62.7009534	
9.625674	62.6690293	62.5264205	62.8871955	62.7707665	
9.630149	62.6858443	62.5438737	62.9040104	62.7969465	
9.640215	62.724396	62.587507	62.9425622	62.8318531	
9.650316	62.7637261	62.6224136	62.9818922	62.8667597	
9.660446	62.8037856	62.6660468	63.0219518	62.9103929	
9.670663	62.8448305	62.70968	63.0629967	62.9540261	
9.680791	62.8861103	62.7445866	63.1042764	62.9889327	
9.690898	62.9279165	62.7882198	63.1460826	63.0412926	
9.701123	62.9708587	62.8318531	63.1890248	63.0761992	
9.711157	63.0135844	62.8754863	63.2317506	63.1198324	
9.722334	63.061992	62.9191195	63.2801581	63.1634656	
9.731477	63.101987	62.9540261	63.3201531	63.2070989	
9.742181	63.1496295	63.006386	63.3677957	63.2507321	
9.752058	63.1940785	63.0500192	63.4122447	63.2943653	
9.762156	63.2401637	63.0936525	63.4583299	63.3379986	
9.772348	63.2873227	63.1372857	63.5054889	63.3816318	
9.782533	63.3350623	63.1809189	63.5532284	63.425265	
9.792573	63.3827129	63.2332788	63.6008791	63.4776249	
9.802735	63.4315805	63.2681854	63.6497466	63.5212581	
9.812893	63.4810429	63.3205453	63.6992091	63.5648914	
9.823612	63.5339747	63.3729051	63.7521409	63.6172512	
9.8332	63.5817885	63.4165384	63.7999546	63.6696111	
9.843357	63.6331078	63.4688982	63.8512739	63.7132443	
9.8535	63.6849577	63.5125315	63.9031239	63.7656042	
9.863567	63.7370457	63.5648914	63.9552118	63.8092375	
9.873761	63.7903969	63.6172512	64.0085631	63.8615973	
9.88388	63.8439782	63.6696111	64.0621444	63.9139572	
9.894032	63.8983536	63.721971	64.1165198	63.9663171	
9.904123	63.9530059	63.7743309	64.1711721	64.018677	
9.914249	64.0084696	63.8266907	64.2266357	64.0797635	
9.924935	64.06776	63.8790506	64.2859261	64.1233967	
9.934634	64.1220137	63.9314105	64.3401799	64.1844832	
9.944949	64.1804473	63.992497	64.3986135	64.2368431	
9.954865	64.2371365	64.0448569	64.4553026	64.2979296	
9.965229	64.2970989	64.1059434	64.5152651	64.3502895	
9.975158	64.3551005	64.1583033	64.5732667	64.411376	
9.985278	64.4148441	64.2106632	64.6330103	64.4724626	
9.995374	64.4750509	64.2717497	64.693217	64.5248224	
10.0056	64.536652	64.3328362	64.7548181	64.585909	
10.01594	64.6000978	64.3939228	64.8182639	64.6469955	
10.02622	64.6628964	64.4550093	64.8810626	64.7168087	
10.03602	64.7236878	64.5160958	64.941854	64.7778952	
10.04611	64.7868918	64.5771823	65.005058	64.8389817	
10.05622	64.8509177	64.6382688	65.0690838	64.9087949	
10.06635	64.9156353	64.6993554	65.1338014	64.9698814	
10.07646	64.9808571	64.7691685	65.1990233	65.0309679	
10.08665	65.0471678	64.8389817	65.265334	65.1007811	
10.09677	65.1137274	64.9087949	65.3318936	65.1705943	
10.10692	65.1810638	64.9786081	65.39923	65.2316808	
10.11735	65.2508988	65.0396946	65.4690649	65.301494	
10.12748	65.319379	65.1095077	65.5375451	65.3713071	
10.13732	65.3863829	65.1880476	65.604549	65.4323937	
10.1474	65.4557428	65.2578607	65.673909	65.5022068	
10.15757	65.5262825	65.3276739	65.7444487	65.57202	
10.16769	65.5971023	65.3974871	65.8152684	65.6418332	
10.17782	65.668608	65.4673002	65.8867742	65.7116463	
10.18798	65.7409385	65.5371134	65.9591047	65.7814595	
10.19822	65.8144702	65.6156532	66.0326363	65.8512727	
10.20821	65.8867756	65.6854664	66.1049417	65.9210858	
10.21866	65.9631844	65.7640062	66.1813506	65.9996257	
10.22883	66.0380866	65.8338194	66.2562528	66.0694388	
10.23869	66.1112422	65.9123592	66.3294084	66.1479787	
10.24881	66.1869572	65.990899	66.4051234	66.2177918	
10.2589	66.2631411	66.0607122	66.4813073	66.2963316	
10.26915	66.3410914	66.1305254	66.5592575	66.3748715	
10.27917	66.4179027	66.2090652	66.6360688	66.4534113	
10.28929	66.4960824	66.287605	66.7142486	66.5319511	
10.29945	66.5751914	66.3574182	66.7933576	66.6104909	
10.31754	66.7185624	66.4970445	66.9367286	66.7501172	
10.32194	66.7532709	66.5319511	66.9714371	66.7762972	
10.33214	66.8348056	66.6104909	67.0529718	66.8635636	
10.34231	66.9165753	66.6890307	67.1347415	66.9421035	
10.35238	66.9982352	66.7588439	67.2164013	67.0206433	
10.36274	67.0829158	66.8461104	67.3010819	67.1079097	
10.37269	67.1646715	66.9246502	67.3828377	67.1864496	
10.38286	67.2490222	67.00319	67.4671884	67.273716	
10.39294	67.3331839	67.0817298	67.55135	67.3522558	
10.40306	67.4182357	67.1689963	67.6364019	67.4395223	
10.41329	67.5049202	67.2475361	67.7230863	67.5180621	
10.42353	67.5923277	67.3260759	67.8104938	67.6140552	
10.43356	67.6785495	67.4133424	67.8967157	67.692595	
10.45294	67.8478335	67.570422	68.0659997	67.8584013	
10.45731	67.8859594	67.6140552	68.1041255	67.8933079	
10.46826	67.9824333	67.7013217	68.2005995	67.9805744	
10.47763	68.065364	67.7798615	68.2835302	68.0678408	
10.48769	68.1549963	67.8758546	68.3731625	68.1638339	
10.49785	68.2462505	67.9543944	68.4644167	68.2511004	
10.50805	68.3384989	68.0503875	68.556665	68.3383669	
10.51816	68.4304527	68.137654	68.6486188	68.43436	
10.52961	68.535591	68.2249205	68.7537571	68.5216264	
10.53845	68.6170382	68.3296402	68.8352044	68.6176195	
10.54854	68.7106944	68.4169067	68.9288606	68.7136127	
10.55871	68.8056595	68.5128998	69.0238257	68.8008791	
10.56877	68.9003232	68.6088929	69.1184894	68.9055989	
10.57899	68.9970857	68.704886	69.2152519	69.001592	
10.58915	69.09385	68.8008791	69.3120161	69.0888584	
10.59924	69.1906041	68.8968722	69.4087702	69.1848515	
10.60933	69.28794	68.9928653	69.5061062	69.2895713	
10.61948	69.3864649	69.0975851	69.6046311	69.3855644	
10.63825	69.5713385	69.272118	69.7895047	69.5600973	
10.64265	69.614988	69.3244779	69.8331541	69.6037306	
10.65278	69.7149242	69.420471	69.9330904	69.6997237	
10.66294	69.8162153	69.5164641	70.0343814	69.8044434	
10.67302	69.9172755	69.6211839	70.1354417	69.9004365	
10.68321	70.0201871	69.7259036	70.2383533	69.9964297	
10.69338	70.1233642	69.8306234	70.3415304	70.1011494	
10.7035	70.2267385	69.9353431	70.4449047	70.1971425	
10.71362	70.3307379	70.0400629	70.5489041	70.3018623	
10.72374	70.4353	70.1447826	70.6534662	70.406582	
10.73497	70.5522215	70.2495024	70.7703877	70.5113018	
10.74407	70.6473355	70.3542221	70.8655016	70.6160215	
10.75417	70.7534918	70.4589419	70.9716579	70.7207413	
10.76433	70.8609316	70.554935	71.0790977	70.825461	
10.77445	70.9686256	70.6683814	71.1867917	70.9301808	
10.78465	71.0777545	70.7731012	71.2959207	71.0349006	
10.79475	71.1864766	70.8778209	71.4046428	71.148347	
10.8049	71.2962587	70.9825407	71.5144248	71.2530667	
10.81503	71.4064827	71.0872604	71.6246488	71.3577865	
10.82513	71.5170023	71.1919802	71.7351685	71.4712329	
10.83632	71.6403483	71.2966999	71.8585145	71.5759526	
10.84553	71.7427785	71.4014197	71.9609446	71.6806724	
10.8556	71.8542302	71.5148661	72.0723964	71.7853921	
10.8657	71.9672088	71.6283125	72.185375	71.8988385	
10.87604	72.0835096	71.7417589	72.3016758	72.0122849	
10.8863	72.1995966	71.8552053	72.4177627	72.1170047	
10.8961	72.3109868	71.9599251	72.5291529	72.2217244	
10.90615	72.4258093	72.0820981	72.6439754	72.3438975	
10.91638	72.5433683	72.1955445	72.7615344	72.4573439	
10.92643	72.659483	72.3089909	72.8776491	72.5707903	
10.93762	72.7894964	72.4224373	73.0076625	72.6842367	
10.94679	72.8964492	72.5358837	73.1146154	72.7976831	
10.95694	73.0156277	72.6580568	73.2337938	72.9111295	
10.96704	73.1346882	72.7627765	73.3528544	73.0245759	
10.97741	73.257622	72.8849496	73.4757882	73.146749	
10.98727	73.3751127	72.998396	73.5932788	73.2601954	
10.99746	73.4972409	73.1118424	73.715407	73.3736418	
11.00757	73.6184289	73.2340154	73.836595	73.4870882	
11.01768	73.7397129	73.3474618	73.957879	73.6092612	
11.02784	73.8617889	73.4609082	74.079955	73.7227076	
11.03904	73.9961769	73.5830813	74.214343	73.836154	
11.04817	74.1056769	73.7052543	74.323843	73.9583271	
11.05823	74.2263969	73.8187007	74.444563	74.0717735	
11.06838	74.3482449	73.9408738	74.566411	74.1939465	
11.07845	74.4690969	74.0630468	74.687263	74.3161195	
11.0888	74.5932849	74.1852199	74.811451	74.4382926	
11.09877	74.7129729	74.2986663	74.931139	74.5604656	
11.10889	74.8343049	74.429566	75.052471	74.6826387	
11.11902	74.9558409	74.551739	75.174007	74.8135384	
11.12911	75.0769569	74.673912	75.295123	74.9357114	
11.14037	75.2121849	74.7960851	75.430351	75.0666111	
11.14941	75.3206169	74.9269848	75.538783	75.1887842	
11.15963	75.4431609	75.0491578	75.661327	75.3196839	
11.16971	75.5641569	75.1713309	75.782323	75.4418569	
11.17981	75.6853449	75.2935039	75.903511	75.5727566	
11.1901	75.8088009	75.4244036	76.026967	75.6949297	
11.20023	75.9303729	75.5465767	76.148539	75.8171027	
11.21034	76.0517529	75.6774764	76.269919	75.9480024	
11.22053	76.1739849	75.7996494	76.392151	76.0701754	
11.23067	76.2956529	75.9305491	76.513819	76.2010751	
11.24197	76.4313369	76.0527222	76.649503	76.3232482	
11.25094	76.5389529	76.1836218	76.757119	76.4541479	
11.26109	76.6606809	76.3145215	76.878847	76.5850476	
11.27124	76.7825289	76.4366946	77.000695	76.7072206	
11.28132	76.9035009	76.5675943	77.121667	76.8381203	
11.29151	77.0257329	76.698494	77.243899	76.96902	
11.30166	77.1476769	76.820667	77.365843	77.0911931	
11.3118	77.2692969	76.9515667	77.487463	77.2220928	
11.32192	77.3906889	77.0737398	77.608855	77.3529924	
11.33208	77.5125609	77.1959128	77.730727	77.4751655	
11.34345	77.6491329	77.3180859	77.867299	77.5973385	
11.35242	77.7567009	77.4402589	77.974867	77.7282382	
11.36254	77.8780929	77.5711586	78.096259	77.8504113	
11.37269	77.9999049	77.6933317	78.218071	77.981311	
11.38281	78.1214049	77.8242313	78.339571	78.103484	
11.3929	78.2424369	77.9376777	78.460603	78.2256571	
11.40302	78.3638649	78.0685774	78.582031	78.3565568	
11.41328	78.4870449	78.1907505	78.705211	78.4787298	
11.42356	78.6103449	78.3129235	78.828511	78.6009029	
11.43346	78.7291329	78.4438232	78.947299	78.7318026	
11.44645	78.8850849	78.5659963	79.103251	78.8539756	
11.45374	78.9725529	78.696896	79.190719	78.9761487	
11.46386	79.0940169	78.819069	79.312183	79.1070483	
11.47403	79.2160209	78.9412421	79.434187	79.2292214	
11.48413	79.3371849	79.0634151	79.555351	79.3601211	
11.49425	79.4586369	79.1855882	79.676803	79.4822941	
11.50437	79.5801129	79.3077612	79.798279	79.6044672	
11.51455	79.7022849	79.4299343	79.920451	79.7266402	
11.52471	79.8241329	79.5521073	80.042299	79.8575399	
11.53483	79.9455369	79.6742804	80.163703	79.979713	
11.54607	80.0805129	79.7877268	80.298679	80.101886	
11.5551	80.1888849	79.9186264	80.407051	80.2240591	
11.56563	80.3152929	80.0320729	80.533459	80.3462321	
11.57539	80.4322689	80.1542459	80.650435	80.4684052	
11.58547	80.5533009	80.2676923	80.771467	80.5905782	
11.60575	80.7966369	80.5120384	81.014803	80.843651	
11.61015	80.8493889	80.5643983	81.067555	80.8872842	
11.62033	80.9716209	80.6865713	81.189787	81.0094572	
11.63041	81.0925569	80.8087444	81.310723	81.1316303	
11.64056	81.2143929	80.9309174	81.432559	81.26253	
11.65075	81.3371529	81.0443638	81.555319	81.3759764	
11.66089	81.4583169	81.1665369	81.676483	81.4981494	
11.67103	81.5799609	81.2887099	81.798127	81.6203225	
11.68113	81.7011489	81.410883	81.919315	81.7424955	
11.69124	81.8225529	81.533056	82.040719	81.8559419	
11.70146	81.9451089	81.6552291	82.163275	81.978115	
11.71152	82.0658889	81.7686755	82.284055	82.100288	
11.72198	82.1914689	81.8908485	82.409635	82.2224611	
11.73182	82.3095249	82.0130216	82.527691	82.3446341	
11.74198	82.4313729	82.1351946	82.649539	82.4580805	
11.75238	82.5562449	82.2573676	82.774411	82.5802536	
11.76247	82.6773129	82.3882673	82.895479	82.6937	
11.77267	82.7996649	82.5017137	83.017831	82.8245997	
11.78283	82.9216209	82.6238868	83.139787	82.9380461	
11.79296	83.0431209	82.7460598	83.261287	83.0602191	
11.80313	83.1652089	82.8682329	83.383375	83.1823922	
11.81333	83.2875969	82.9904059	83.505763	83.3045652	
11.82371	83.4122409	83.112579	83.630407	83.4180116	
11.83351	83.5297689	83.234752	83.747935	83.5401846	
11.84371	83.6521929	83.3481984	83.870359	83.6623577	
11.85389	83.7743289	83.4703715	83.992495	83.7758041	
11.864	83.8956729	83.5838179	84.113839	83.8979771	
11.87413	84.0172209	83.7147176	84.235387	84.0201502	
11.88427	84.1389369	83.828164	84.357103	84.1335966	
11.89439	84.2603169	83.950337	84.478483	84.247043	
11.90451	84.3817329	84.0725101	84.599899	84.369216	
11.91473	84.5043849	84.1859565	84.722551	84.4826624	
11.92486	84.6259089	84.3168562	84.844075	84.6048355	
11.935	84.7476249	84.4390292	84.965791	84.7182819	
11.94509	84.8687649	84.5612023	85.086931	84.8404549	
11.95553	84.9947169	84.6833753	85.212883	84.962628	
11.96546	85.1132169	84.8055484	85.331383	85.084801	
11.97561	85.2349689	84.9277214	85.453135	85.2069741	
11.98569	85.3558689	85.0498944	85.574035	85.3291471	
11.99599	85.4804169	85.1633409	85.698583	85.4513202	
12.00599	85.5995289	85.2855139	85.817695	85.5734932	
12.01611	85.7209449	85.4076869	85.939111	85.6956663	
12.02624	85.8425289	85.52986	86.060695	85.8178393	
12.03663	85.9671969	85.6433064	86.185363	85.9400124	
12.04717	86.0937489	85.7742061	86.311915	86.0621854	
12.05693	86.2108449	85.8876525	86.429011	86.1843585	
12.06706	86.3324529	86.0098255	86.550619	86.3152582	
12.07723	86.4543729	86.1319986	86.672539	86.4374312	
12.08728	86.5749489	86.2628983	86.793115	86.5683309	
12.09744	86.6969889	86.3763447	86.915155	86.6905039	
12.10756	86.8184169	86.4985177	87.036583	86.812677	
12.11773	86.9404209	86.6206908	87.158587	86.93485	
12.12783	87.0615489	86.7428638	87.279715	87.0570231	
12.13794	87.1829769	86.8650369	87.401143	87.1791961	
12.14857	87.3105849	86.9959366	87.528751	87.3013692	
12.1583	87.4272969	87.109383	87.645463	87.4322689	
12.16841	87.5485689	87.2402827	87.766735	87.5544419	
12.17851	87.6698049	87.3537291	87.887971	87.6853416	
12.18867	87.7916169	87.4846288	88.009783	87.8075147	
12.19894	87.9149529	87.6068018	88.133119	87.9296877	
12.20898	88.0353369	87.7289749	88.253503	88.0518608	
12.2191	88.1568969	87.8511479	88.375063	88.1740338	
12.22929	88.2791769	87.9733209	88.497343	88.2962069	
12.23934	88.3996449	88.095494	88.617811	88.4183799	
12.25813	88.6252689	88.3311134	88.843435	88.6452727	
12.26254	88.6780809	88.3834733	88.896247	88.6976326	
12.27271	88.8001689	88.5056464	89.018335	88.8198056	
12.28288	88.9221369	88.6278194	89.140303	88.9419787	
12.29295	89.0430609	88.7499925	89.261227	89.0641517	
12.30313	89.1652809	88.8721655	89.383447	89.1863248	
12.31326	89.2867569	88.9943386	89.504923	89.2997712	
12.32339	89.4082689	89.1165116	89.626435	89.4219442	
12.33359	89.5306809	89.2386847	89.748847	89.5441173	
12.34361	89.6509449	89.3608577	89.869111	89.6662903	
12.35427	89.7789969	89.4830307	89.997163	89.7797367	
12.36404	89.8961049	89.6052038	90.114271	89.9019098	
12.3742	90.0180609	89.7273768	90.236227	90.0240828	
12.38433	90.1396569	89.8408232	90.357823	90.1375292	
12.39443	90.2607489	89.9629963	90.478915	90.2597023	
12.40455	90.3822609	90.0764427	90.600427	90.3731487	
12.41518	90.5098449	90.2073424	90.728011	90.4953217	
12.42532	90.6315249	90.3295154	90.849691	90.6174948	
12.43544	90.7529649	90.4516885	90.971131	90.7309412	
12.44727	90.8949369	90.5738615	91.113103	90.8531142	
12.45722	91.0143609	90.6960346	91.232527	90.9665606	
12.46585	91.1178249	90.8182076	91.335991	91.0887337	
12.47603	91.2401169	90.9403807	91.458283	91.2109067	
12.4861	91.3608849	91.0625537	91.579051	91.3330798	
12.49622	91.4823849	91.1847268	91.700551	91.4552528	
12.50638	91.6041489	91.2981732	91.822315	91.5774259	
12.51654	91.7260809	91.4203462	91.944247	91.6995989	
12.5267	91.8480489	91.5425193	92.066215	91.8217719	
12.53691	91.9705929	91.6646923	92.188759	91.943945	
12.54721	92.0941929	91.7868654	92.312359	92.066118	
12.55869	92.2320489	91.9003118	92.450215	92.1882911	
12.56716	92.3335569	92.0312115	92.551723	92.3104641	
12.57732	92.4555009	92.1446579	92.673667	92.4326372	
12.58742	92.5766289	92.2668309	92.794795	92.5548102	
12.59762	92.6991249	92.3802773	92.917291	92.6769833	
12.6077	92.8200729	92.511177	93.038239	92.807883	
12.61784	92.9416569	92.6246234	93.159823	92.930056	
12.62802	93.0639129	92.7467965	93.282079	93.0522291	
12.63812	93.1850769	92.8689695	93.403243	93.1744021	
12.64862	93.3111369	92.9911425	93.529303	93.3053018	
12.66744	93.5369649	93.1133156	93.755131	93.4274749	
12.67185	93.5898609	93.2703952	93.808027	93.5845545	
12.68201	93.7117209	93.3925683	93.929887	93.7067275	
12.69217	93.8336769	93.5147413	94.051843	93.8376272	
12.70225	93.9547089	93.6369144	94.172875	93.9598003	
12.71244	94.0768809	93.7678141	94.295047	94.0819733	
12.72257	94.1984169	93.8812605	94.416583	94.212873	
12.73272	94.3203249	94.0121602	94.538491	94.3263194	
12.74294	94.4429649	94.1343332	94.661131	94.4572191	
12.75299	94.5635049	94.2565063	94.781671	94.5793922	
12.76327	94.6869609	94.3786793	94.905127	94.7015652	
12.77343	94.8088569	94.509579	95.027023	94.8237383	
12.78348	94.9293849	94.631752	95.147551	94.9459113	
12.79357	95.0504769	94.7539251	95.268643	95.0680844	
12.80371	95.1721329	94.8760981	95.390299	95.1902574	
12.81572	95.3163369	95.0244511	95.534503	95.3298837	
12.82575	95.4366609	95.1466242	95.654827	95.4520568	
12.8359	95.5584729	95.2687972	95.776639	95.5742298	
12.846	95.6795889	95.3909703	95.897755	95.6964029	
12.85612	95.8011249	95.5131433	96.019291	95.8185759	
12.86639	95.9244369	95.6353164	96.142603	95.940749	
12.8765	96.0456249	95.7574894	96.263791	96.0541954	
12.88661	96.1669449	95.8709358	96.385111	96.1763684	
12.89673	96.2883969	95.9931089	96.506563	96.2985415	
12.90719	96.4139649	96.1152819	96.632131	96.4119879	
12.91701	96.5317689	96.237455	96.749935	96.5341609	
12.92711	96.6529689	96.359628	96.871135	96.6476073	
12.93724	96.7744569	96.4730744	96.992623	96.7697804	
12.94736	96.8959929	96.5952475	97.114159	96.8832268	
12.95753	97.0180209	96.7086939	97.236187	97.0053998	
12.96794	97.1429769	96.8308669	97.361143	97.1188462	
12.97784	97.2618009	96.9530399	97.479967	97.2410193	
12.98796	97.3831569	97.075213	97.601323	97.3544657	
13.00605	97.6002969	97.197386	97.818463	97.4766387	
13.01047	97.6533129	97.345739	97.871479	97.6249917	
13.02062	97.7751249	97.4679121	97.993291	97.7471648	
13.03076	97.8967809	97.5900851	98.114947	97.8780645	
13.0409	98.0183889	97.7122582	98.236555	98.0002375	
13.05112	98.1411009	97.8344312	98.359267	98.1224105	
13.06188	98.2703169	97.9566043	98.488483	98.2445836	
13.07132	98.3835729	98.0700507	98.601739	98.3667566	
13.08151	98.5057329	98.2009504	98.723899	98.4889297	
13.09164	98.6272809	98.3231234	98.845447	98.6111027	
13.10177	98.7488889	98.4452965	98.967055	98.7420024	
13.1119	98.8704489	98.5587429	99.088615	98.8641755	
13.12204	98.9921409	98.6896426	99.210307	98.9863485	
13.13222	99.1142409	98.8118156	99.332407	99.1085216	
13.14234	99.2357289	98.9339886	99.453895	99.2394213	
13.15244	99.3568929	99.0561617	99.575059	99.3615943	
13.16314	99.4854009	99.1783347	99.703567	99.4837674	
13.17305	99.6043689	99.3092344	99.822535	99.6146671	
13.18302	99.7239609	99.4226808	99.942127	99.7368401	
13.19306	99.8443809	99.5448539	100.062547	99.8590132	
13.20317	99.9657489	99.6670269	100.183915	99.9811862	
13.21344	100.088977	99.7892	100.307143	100.112086	
13.22349	100.209505	99.9200997	100.427671	100.234259	
13.23363	100.331185	100.033546	100.549351	100.356432	
13.24376	100.452805	100.164446	100.670971	100.478605	
13.25387	100.574017	100.277892	100.792183	100.600778	
13.26436	100.700017	100.408792	100.918183	100.722951	
13.2742	100.818133	100.530965	101.036299	100.845124	
13.28436	100.939909	100.653138	101.158075	100.967297	
13.29448	101.061457	100.775311	101.279623	101.08947	
13.30458	101.182609	100.897484	101.400775	101.211643	
13.31476	101.304721	101.019657	101.522887	101.333816	
13.32487	101.426089	101.14183	101.644255	101.455989	
13.33506	101.548333	101.264003	101.766499	101.578162	
13.34515	101.669473	101.386176	101.887639	101.691609	
13.35526	101.790697	101.508349	102.008863	101.813782	
13.36679	101.929249	101.630522	102.147415	101.935955	
13.37583	102.037597	101.752695	102.255763	102.058128	
13.38591	102.158593	101.874868	102.376759	102.171574	
13.39606	102.280441	101.997041	102.498607	102.293747	
13.40617	102.401713	102.119215	102.619879	102.415921	
13.41636	102.523921	102.232661	102.742087	102.529367	
13.4265	102.645625	102.354834	102.863791	102.65154	
13.4366	102.766837	102.46828	102.985003	102.764986	
13.44696	102.894721	102.590453	103.112887	102.887159	
13.45718	103.013773	102.712626	103.231939	103.000606	
13.46898	103.155577	102.8348	103.373743	103.114052	
13.47715	103.253425	102.956973	103.471591	103.236225	
13.48724	103.374517	103.070419	103.592683	103.358398	
13.49768	103.499809	103.192592	103.717975	103.480571	
13.50751	103.617817	103.314765	103.835983	103.594018	
13.51771	103.740157	103.436938	103.958323	103.716191	
13.52779	103.861165	103.550385	104.079331	103.838364	
13.53792	103.982605	103.681284	104.200771	103.960537	
13.54815	104.105413	103.794731	104.323579	104.08271	
13.5582	104.226097	103.916904	104.444263	104.204883	
13.56939	104.360413	104.039077	104.578579	104.327056	
13.57845	104.469049	104.16125	104.687215	104.449229	
13.59974	104.724649	104.283423	104.942815	104.571402	
13.60423	104.778421	104.466682	104.996587	104.763388	
13.61429	104.899105	104.588855	105.117271	104.885561	
13.62447	105.021301	104.702302	105.239467	105.007734	
13.63457	105.142513	104.833202	105.360679	105.138634	
13.64473	105.264433	104.946648	105.482599	105.260807	
13.6549	105.386437	105.077548	105.604603	105.38298	
13.66494	105.506929	105.190994	105.725095	105.51388	
13.67539	105.632401	105.321894	105.850567	105.636053	
13.68537	105.752113	105.43534	105.970279	105.758226	
13.6954	105.872425	105.557513	106.090591	105.880399	
13.70561	105.995065	105.679686	106.213231	106.002572	
13.71578	106.119805	105.801859	106.337971	106.124745	
13.72587	106.238065	105.924032	106.456231	106.255645	
13.73597	106.359217	106.054932	106.577383	106.369091	
13.74609	106.480729	106.168378	106.698895	106.499991	
13.75626	106.602745	106.299278	106.820911	106.622164	
13.76633	106.723669	106.412724	106.941835	106.744337	
13.77659	106.846789	106.543624	107.064955	106.86651	
13.78671	106.968181	106.665797	107.186347	106.988683	
13.79684	107.089681	106.796697	107.307847	107.110856	
13.80696	107.211181	106.91887	107.429347	107.233029	
13.81736	107.335969	107.041043	107.554135	107.355202	
13.82718	107.453845	107.163216	107.672011	107.477375	
13.83734	107.575765	107.285389	107.793931	107.599548	
13.84744	107.696857	107.407562	107.915023	107.721721	
13.85752	107.817853	107.529735	108.036019	107.843894	
13.86768	107.939821	107.651908	108.157987	107.966068	
13.87792	108.062677	107.774081	108.280843	108.088241	
13.88807	108.184441	107.896254	108.402607	108.201687	
13.89817	108.305653	108.018427	108.523819	108.32386	
13.90826	108.426805	108.1406	108.644971	108.446033	
13.91867	108.551677	108.262774	108.769843	108.559479	
13.92853	108.670021	108.37622	108.888187	108.681653	
13.93867	108.791617	108.498393	109.009783	108.803826	
13.94877	108.912925	108.611839	109.131091	108.925999	
13.95893	109.034785	108.734012	109.252951	109.039445	
13.96906	109.156441	108.856185	109.374607	109.161618	
13.97924	109.278625	108.978358	109.496791	109.283791	
13.9896	109.402837	109.100532	109.621003	109.397238	
14.00742	109.616701	109.309971	109.834867	109.606677	
14.01177	109.668853	109.362331	109.887019	109.659037	
14.02196	109.791193	109.484504	110.009359	109.78121	
14.03208	109.912597	109.606677	110.130763	109.894656	
14.04222	110.034217	109.72885	110.252383	110.016829	
14.05251	110.157805	109.851023	110.375971	110.139002	
14.06247	110.277253	109.973196	110.495419	110.252449	
14.07261	110.398933	110.095369	110.617099	110.374622	
14.08312	110.525173	110.217542	110.743339	110.505522	
14.09294	110.642929	110.339715	110.861095	110.618968	
14.10314	110.765341	110.461888	110.983507	110.749868	
14.1132	110.886037	110.575335	111.104203	110.863314	
14.12341	111.008653	110.697508	111.226819	110.994214	
14.13361	111.130921	110.819681	111.349087	111.10766	
14.14366	111.251569	110.941854	111.469735	111.23856	
14.15376	111.372709	111.0553	111.590875	111.360733	
14.16388	111.494221	111.1862	111.712387	111.482906	
14.17518	111.629881	111.299646	111.848047	111.605079	
14.18424	111.738517	111.430546	111.956683	111.735979	
14.19427	111.858949	111.543992	112.077115	111.858152	
14.20446	111.981217	111.666166	112.199383	111.980325	
14.21457	112.102453	111.788339	112.320619	112.102498	
14.22473	112.224421	111.910512	112.442587	112.224671	
14.2349	112.346401	112.032685	112.564567	112.346844	
14.24504	112.468117	112.154858	112.686283	112.469017	
14.25518	112.589821	112.277031	112.807987	112.59119	
14.26529	112.711105	112.399204	112.929271	112.713363	
14.27645	112.845085	112.521377	113.063251	112.844263	
14.28619	112.961977	112.652277	113.180143	112.966436	
14.29626	113.082697	112.765723	113.300863	113.097336	
14.3064	113.204365	112.896623	113.422531	113.210782	
14.31653	113.325961	113.010069	113.544127	113.341682	
14.32661	113.446981	113.140969	113.665147	113.455128	
14.33682	113.569537	113.254415	113.787703	113.577301	
14.34693	113.691193	113.385315	113.909359	113.699474	
14.35708	113.812645	113.498761	114.030811	113.821647	
14.3672	113.934013	113.629661	114.152179	113.94382	
14.37766	114.059713	113.743107	114.277879	114.065993	
14.3878	114.181237	113.874007	114.399403	114.188166	
14.39793	114.302773	113.99618	114.520939	114.310339	
14.40809	114.424753	114.118353	114.642919	114.423786	
14.41819	114.545977	114.240526	114.764143	114.545959	
14.42866	114.671581	114.362699	114.889747	114.668132	
14.43847	114.789385	114.476146	115.007551	114.790305	
14.44893	114.916321	114.607045	115.134487	114.912478	
14.45871	115.032181	114.720492	115.250347	115.025924	
14.4688	115.153273	114.842665	115.371439	115.148097	
14.4802	115.290073	114.964838	115.508239	115.27027	
14.48916	115.397533	115.087011	115.615699	115.392443	
14.49923	115.518385	115.209184	115.736551	115.50589	
14.50944	115.640905	115.331357	115.859071	115.628063	
14.51953	115.761973	115.45353	115.980139	115.750236	
14.5301	115.888849	115.58443	116.107015	115.872409	
14.54049	116.013541	115.697876	116.231707	115.994582	
14.55028	116.131045	115.828776	116.349211	116.116755	
14.56042	116.252689	115.950949	116.470855	116.238928	
14.57051	116.373697	116.073122	116.591863	116.361101	
14.58156	116.506405	116.195295	116.724571	116.483274	
14.5989	116.714485	116.326195	116.932651	116.605447	
14.60328	116.767033	116.465821	116.985199	116.762527	
14.61349	116.889481	116.596721	117.107647	116.875973	
14.62355	117.010201	116.710167	117.228367	117.006873	
14.63373	117.132385	116.841067	117.350551	117.129046	
14.64389	117.254377	116.954513	117.472543	117.251219	
14.654	117.375625	117.076686	117.593791	117.373392	
14.66414	117.497305	117.198859	117.715471	117.495565	
14.67424	117.618553	117.321032	117.836719	117.626465	
14.6856	117.754909	117.451932	117.973075	117.766091	
14.69562	117.875041	117.582832	118.093207	117.888264	
14.70578	117.996985	117.696278	118.215151	118.019164	
14.71591	118.118533	117.818451	118.336699	118.141337	
14.72607	118.240537	117.940624	118.458703	118.26351	
14.73617	118.361689	118.062797	118.579855	118.385683	
14.74628	118.482961	118.18497	118.701127	118.507856	
14.75642	118.604701	118.307143	118.822867	118.630029	
14.76656	118.726417	118.429316	118.944583	118.752202	
14.77663	118.847221	118.551489	119.065387	118.883102	
14.78686	118.969981	118.673662	119.188147	118.996548	
14.79703	119.092069	118.804562	119.310235	119.127448	
14.80719	119.213905	118.926735	119.432071	119.240894	
14.81727	119.334829	119.048908	119.552995	119.371794	
14.82747	119.457337	119.162355	119.675503	119.485241	
14.83761	119.57801	119.293254	119.796177	119.61614	
14.84766	119.697105	119.415427	119.915271	119.729587	
14.85784	119.81708	119.5376	120.035246	119.860486	
14.86794	119.935586	119.659774	120.153752	119.973933	
14.88644	120.150097	119.781947	120.368263	120.096106	
14.89122	120.205506	119.9303	120.423672	120.253185	
14.90101	120.318308	120.052473	120.536474	120.375359	
14.91121	120.435305	120.174646	120.653471	120.497532	
14.92128	120.55022	120.296819	120.768386	120.610978	
14.93147	120.66581	120.418992	120.883976	120.733151	
14.94166	120.780847	120.541165	120.999013	120.846597	
14.95171	120.893703	120.654611	121.111869	120.96877	
14.96186	121.00695	120.776784	121.225116	121.082217	
14.97197	121.119241	120.898957	121.337407	121.195663	
14.98217	121.231906	121.003677	121.450072	121.30911	
14.99233	121.343523	121.12585	121.561689	121.422556	
15.00249	121.454392	121.239296	121.672558	121.536002	
15.0126	121.564235	121.352743	121.782401	121.649449	
15.02273	121.67366	121.466189	121.891826	121.762895	
15.03289	121.782789	121.579636	122.000956	121.876342	
15.04306	121.891365	121.693082	122.109531	121.981061	
15.0533	122.000144	121.806528	122.21831	122.094508	
15.06337	122.106463	121.919975	122.324629	122.199228	
15.07342	122.211958	122.033421	122.430124	122.303947	
15.08358	122.317997	122.146868	122.536163	122.408667	
15.0941	122.427212	122.260314	122.645378	122.522113	
15.10388	122.528047	122.365034	122.746213	122.626833	
15.11401	122.631951	122.469754	122.850117	122.731553	
15.12419	122.735676	122.574473	122.953842	122.836273	
15.13427	122.837857	122.679193	123.056023	122.949719	
15.14445	122.940369	122.783913	123.158536	123.054439	
15.15453	123.04129	122.888633	123.259457	123.159159	
15.16474	123.142876	122.993352	123.361042	123.263878	
15.17489	123.24333	123.098072	123.461496	123.377325	
15.18496	123.342242	123.194065	123.560408	123.473318	
15.19521	123.442475	123.298785	123.660641	123.578038	
15.2053	123.540435	123.394778	123.758601	123.674031	
15.21543	123.638092	123.490771	123.856258	123.778751	
15.2256	123.735698	123.586764	123.953864	123.88347	
15.23591	123.83476	123.691484	124.052926	123.979463	
15.24589	123.928302	123.787477	124.146468	124.075457	
15.25601	124.023571	123.88347	124.241737	124.17145	
15.26605	124.117404	123.970737	124.33557	124.267443	
15.27633	124.212879	124.075457	124.431045	124.372162	
15.28635	124.305311	124.162723	124.523477	124.459429	
15.29657	124.399022	124.258716	124.617188	124.555422	
15.30672	124.491325	124.354709	124.709491	124.651415	
15.31698	124.584088	124.441976	124.802254	124.747408	
15.32713	124.675272	124.529242	124.893438	124.834675	
15.33743	124.767138	124.625235	124.985304	124.921941	
15.34733	124.854925	124.712502	125.073092	125.009208	
15.35746	124.94407	124.808495	125.162236	125.105201	
15.36758	125.032498	124.895761	125.250664	125.192467	
15.37793	125.122343	124.983028	125.340509	125.279734	
15.38783	125.207668	125.070294	125.425834	125.367	
15.40621	125.363689	125.157561	125.581855	125.454267	
15.41061	125.401034	125.26228	125.6192	125.558986	
15.42096	125.488155	125.349547	125.706321	125.646253	
15.43089	125.571246	125.436813	125.789412	125.733519	
15.44106	125.655704	125.52408	125.87387	125.812059	
15.45134	125.74177	125.611346	125.959936	125.890599	
15.46136	125.822356	125.689886	126.040522	125.977865	
15.47236	125.911625	125.777153	126.129791	126.056405	
15.48199	125.989241	125.855692	126.207407	126.134945	
15.49261	126.074189	125.942959	126.292355	126.213485	
15.5019	126.147878	126.021499	126.366044	126.292025	
15.51207	126.228	126.100038	126.446166	126.370564	
15.52219	126.307136	126.178578	126.525302	126.449104	
15.53229	126.385523	126.265845	126.603689	126.527644	
15.54247	126.463919	126.344385	126.682085	126.606184	
15.5526	126.541245	126.414198	126.759411	126.675997	
15.56273	126.61802	126.501464	126.836186	126.754537	
15.57288	126.694266	126.580004	126.912432	126.833077	
15.58299	126.769686	126.658544	126.987852	126.911617	
15.60684	126.943253	126.833077	127.161419	127.086149	
15.61129	126.975703	126.859257	127.19387	127.112329	
15.62143	127.048997	126.937796	127.267164	127.190869	
15.63152	127.121277	127.00761	127.339443	127.260682	
15.64169	127.193653	127.077423	127.41182	127.330496	
15.65178	127.264718	127.147236	127.482884	127.400309	
15.66199	127.336089	127.217049	127.554255	127.470122	
15.67203	127.405609	127.286862	127.623775	127.539935	
15.68224	127.475731	127.356676	127.693897	127.609748	
15.69242	127.545024	127.426489	127.763191	127.679561	
15.70261	127.613776	127.487575	127.831942	127.749375	
15.71271	127.681251	127.557388	127.899417	127.810461	
15.72286	127.748487	127.627202	127.966653	127.880274	
15.73297	127.814892	127.697015	128.033058	127.941361	
15.74318	127.881293	127.758101	128.099459	128.011174	
15.75325	127.94623	127.827914	128.164396	128.072261	
15.76341	128.011068	127.889001	128.229234	128.142074	
15.77358	128.075444	127.958814	128.29361	128.20316	
15.78365	128.13849	128.019901	128.356656	128.264247	
15.79412	128.203453	128.089714	128.421619	128.325333	
15.80403	128.26434	128.159527	128.482507	128.395146	
15.81415	128.325875	128.22934	128.544041	128.456233	
15.82427	128.386851	128.290427	128.605017	128.517319	
15.83436	128.447043	128.351513	128.665209	128.578406	
15.84459	128.507464	128.403873	128.72563	128.639493	
15.85467	128.56632	128.473686	128.784486	128.700579	
15.8648	128.624957	128.534773	128.843124	128.761666	
15.87496	128.683054	128.595859	128.90122	128.822752	
15.88506	128.740284	128.648219	128.95845	128.883839	
15.89531	128.797748	128.709306	129.015914	128.944925	
15.90564	128.854977	128.770392	129.073143	129.006012	
15.9158	128.910674	128.822752	129.12884	129.058372	
15.92597	128.965799	128.875112	129.183965	129.119458	
15.93607	129.019964	128.927472	129.23813	129.180545	
15.94617	129.073511	128.988558	129.291677	129.232904	
15.95639	129.127119	129.032192	129.345286	129.293991	
15.96645	129.17926	129.093278	129.397426	129.346351	
15.97659	129.2312	129.136911	129.449366	129.398711	
15.98676	129.282683	129.189271	129.500849	129.459797	
15.99722	129.334974	129.241631	129.55314	129.50343	
16.00736	129.385107	129.293991	129.603273	129.564517	
16.01714	129.432844	129.346351	129.65101	129.60815	
16.02729	129.481799	129.398711	129.699965	129.66051	
16.03737	129.529834	129.442344	129.748	129.71287	
16.04752	129.577597	129.485977	129.795763	129.76523	
16.05766	129.624689	129.538337	129.842855	129.81759	
16.06775	129.670959	129.590697	129.889126	129.861223	
16.07792	129.716963	129.625604	129.935129	129.904856	
16.08808	129.762324	129.677963	129.98049	129.948489	
16.09861	129.808694	129.721597	130.02686	129.992123	
16.10868	129.852456	129.76523	130.070623	130.035756	
16.11848	129.894442	129.808863	130.112608	130.079389	
16.12859	129.93719	129.852496	130.155356	130.123022	
16.13867	129.97921	129.89613	130.197376	130.166656	
16.14887	130.021136	129.939763	130.239302	130.210289	
16.15898	130.062038	129.974669	130.280204	130.253922	
16.16911	130.102439	130.009576	130.320605	130.288829	
16.17924	130.142262	130.053209	130.360428	130.332462	
16.18933	130.181313	130.096842	130.399479	130.376095	
16.20876	130.253842	130.166656	130.472008	130.445908	
16.2132	130.270422	130.184109	130.488589	130.463362	
16.22339	130.307844	130.219015	130.52601	130.498268	
16.23348	130.344305	130.262649	130.562471	130.541901	
16.24356	130.380127	130.297555	130.598293	130.576808	
16.25383	130.415995	130.332462	130.634161	130.611715	
16.26385	130.450411	130.367368	130.668577	130.646621	
16.27403	130.484792	130.402275	130.702958	130.681528	
16.28415	130.518338	130.437182	130.736504	130.716434	
16.29426	130.551292	130.472088	130.769458	130.751341	
16.3049	130.585299	130.506995	130.803466	130.786247	
16.31461	130.615783	130.541901	130.833949	130.812427	
16.32476	130.647058	130.576808	130.865224	130.847334	
16.33489	130.677663	130.611715	130.895829	130.882241	
16.345	130.707601	130.637895	130.925768	130.908421	
16.3552	130.737218	130.672801	130.955384	130.943327	
16.3653	130.765956	130.707708	130.984122	130.969507	
16.37544	130.794208	130.733888	131.012374	131.004414	
16.3856	130.821919	130.768794	131.040085	131.030594	
16.39595	130.849773	130.794974	131.067939	131.0655	
16.40614	130.876148	130.821154	131.094314	131.09168	
16.41615	130.901658	130.847334	131.119824	131.109133	
16.4263	130.926972	130.882241	131.145138	131.14404	
16.43648	130.951732	130.908421	131.169898	131.161493	
16.44652	130.975607	130.9346	131.193773	131.187673	
16.45781	131.001673	130.952054	131.219839	131.213853	
16.46679	131.021984	130.978234	131.240151	131.231306	
16.47696	131.044388	131.004414	131.262554	131.257486	
16.48707	131.06607	131.021867	131.284237	131.27494	
16.49741	131.087626	131.03932	131.305792	131.30112	
16.51651	131.124885	131.056774	131.343051	131.318573	
16.52094	131.133575	131.09168	131.351741	131.344753	
16.53112	131.152859	131.100407	131.371025	131.362206	
16.54125	131.171472	131.11786	131.389638	131.379659	
16.5514	131.189515	131.135313	131.407681	131.388386	
16.56157	131.207029	131.14404	131.425196	131.405839	
16.57171	131.223902	131.161493	131.442068	131.414566	
16.58192	131.240318	131.17022	131.458485	131.423293	
16.59194	131.255861	131.187673	131.474027	131.440746	
16.60207	131.270994	131.1964	131.48916	131.449473	
16.61229	131.285697	131.205127	131.503863	131.458199	
16.62245	131.299735	131.213853	131.517901	131.466926	
16.63261	131.313205	131.231306	131.531371	131.475653	
16.64274	131.326056	131.231306	131.544222	131.484379	
16.65283	131.338307	131.240033	131.556473	131.493106	
16.663	131.350097	131.24876	131.568263	131.493106	
16.67312	131.361261	131.257486	131.579427	131.501832	
16.68329	131.371926	131.266213	131.590092	131.510559	
16.69341	131.381991	131.266213	131.600157	131.510559	
16.7035	131.39148	131.266213	131.609646	131.519286	
16.71373	131.400539	131.27494	131.618705	131.519286	
16.72388	131.408988	131.27494	131.627154	131.528012	
16.73411	131.416948	131.283666	131.635114	131.528012	
16.74415	131.424244	131.283666	131.64241	131.528012	
16.75424	131.431058	131.283666	131.649224	131.528012	
16.76447	131.437429	131.283666	131.655595	131.528012	
16.77457	131.44321	131.283666	131.661376	131.528012	
16.7847	131.448504	131.283666	131.66667	131.528012	
16.79478	131.453281	131.283666	131.671447	131.528012	
16.80493	131.457599	131.283666	131.675765	131.528012	
16.81519	131.461477	131.283666	131.679643	131.528012	
16.82526	131.464831	131.283666	131.682998	131.528012	
16.83541	131.467764	131.283666	131.68593	131.528012	
16.84562	131.470281	131.283666	131.688447	131.528012	
16.85593	131.472416	131.283666	131.690582	131.528012	
16.86582	131.474094	131.283666	131.69226	131.528012	
16.87595	131.479223	131.283666	131.697389	131.528012	
16.88612	131.479223	131.283666	131.697389	131.528012	
16.89622	131.479223	131.283666	131.697389	131.528012	
16.9063	131.479223	131.283666	131.697389	131.528012	
16.91658	131.479223	131.283666	131.697389	131.528012	
16.92673	131.479223	131.283666	131.697389	131.528012	
16.9368	131.479223	131.283666	131.697389	131.528012	
16.94695	131.479223	131.283666	131.697389	131.528012	
16.95729	131.479223	131.283666	131.697389	131.528012	
16.96725	131.479223	131.283666	131.697389	131.528012	
16.97735	131.479223	131.283666	131.697389	131.528012	
16.98746	131.479223	131.283666	131.697389	131.528012	
16.99756	131.479223	131.283666	131.697389	131.528012	
17.00771	131.479223	131.283666	131.697389	131.528012	
17.01824	131.479223	131.283666	131.697389	131.528012	
17.0281	131.479223	131.283666	131.697389	131.528012	
17.0382	131.479223	131.283666	131.697389	131.528012	
17.0566	131.479223	131.283666	131.697389	131.528012	
17.06102	131.479223	131.283666	131.697389	131.528012	
17.07114	131.479223	131.283666	131.697389	131.528012	
17.08129	131.479223	131.283666	131.697389	131.528012	
17.09145	131.479223	131.283666	131.697389	131.528012	
17.10155	131.479223	131.283666	131.697389	131.528012	
17.11172	131.479223	131.283666	131.697389	131.528012	
17.12193	131.479223	131.283666	131.697389	131.528012	
17.13204	131.479223	131.283666	131.697389	131.528012	
17.14221	131.479223	131.283666	131.697389	131.528012	
17.15232	131.479223	131.283666	131.697389	131.528012	
17.16246	131.479223	131.283666	131.697389	131.528012	
17.17265	131.479223	131.283666	131.697389	131.528012	
17.18275	131.479223	131.283666	131.697389	131.528012	
17.19285	131.479223	131.283666	131.697389	131.528012	
17.20297	131.479223	131.283666	131.697389	131.528012	
17.21313	131.479223	131.283666	131.697389	131.528012	
17.22376	131.479223	131.283666	131.697389	131.528012	
17.23345	131.479223	131.283666	131.697389	131.528012	
17.24359	131.479223	131.283666	131.697389	131.528012	
17.25375	131.479223	131.283666	131.697389	131.528012	
17.26385	131.479223	131.283666	131.697389	131.528012	
17.27401	131.479223	131.283666	131.697389	131.528012	
17.28415	131.479223	131.283666	131.697389	131.528012	
17.29431	131.479223	131.283666	131.697389	131.528012	
17.3044	131.479223	131.283666	131.697389	131.528012	
17.31458	131.479223	131.283666	131.697389	131.528012	
17.32506	131.479223	131.283666	131.697389	131.528012	
17.3349	131.479223	131.283666	131.697389	131.528012	
17.34501	131.479223	131.283666	131.697389	131.528012	
17.35514	131.479223	131.283666	131.697389	131.528012	
17.36529	131.479223	131.283666	131.697389	131.528012	
17.37547	131.479223	131.283666	131.697389	131.528012	
17.38559	131.479223	131.283666	131.697389	131.528012	
17.3957	131.479223	131.283666	131.697389	131.528012	
17.40587	131.479223	131.283666	131.697389	131.528012	
17.41755	131.479223	131.283666	131.697389	131.528012	
17.42639	131.479223	131.283666	131.697389	131.528012	
17.43624	131.479223	131.283666	131.697389	131.528012	
17.44636	131.479223	131.283666	131.697389	131.528012	
17.45772	131.479223	131.283666	131.697389	131.528012	
17.4666	131.479223	131.283666	131.697389	131.528012	
17.47761	131.479223	131.283666	131.697389	131.528012	
17.48771	131.479223	131.283666	131.697389	131.528012	
17.49784	131.479223	131.283666	131.697389	131.528012	
17.50801	131.479223	131.283666	131.697389	131.528012	
17.51877	131.479223	131.283666	131.697389	131.528012	
17.52832	131.479223	131.283666	131.697389	131.528012	
17.5385	131.479223	131.283666	131.697389	131.528012	
17.54864	131.479223	131.283666	131.697389	131.528012	
17.55872	131.479223	131.283666	131.697389	131.528012	
17.56893	131.479223	131.283666	131.697389	131.528012	
17.57896	131.479223	131.283666	131.697389	131.528012	
17.60014	131.479223	131.283666	131.697389	131.528012	
17.60458	131.479223	131.283666	131.697389	131.528012	
17.61465	131.479223	131.283666	131.697389	131.528012	
17.62485	131.479223	131.283666	131.697389	131.528012	
17.63499	131.479223	131.283666	131.697389	131.528012	
17.64512	131.479223	131.283666	131.697389	131.528012	
17.65525	131.479223	131.283666	131.697389	131.528012	
17.66535	131.479223	131.283666	131.697389	131.528012	
17.67585	131.479223	131.283666	131.697389	131.528012	
17.68573	131.479223	131.283666	131.697389	131.528012	
17.69578	131.479223	131.283666	131.697389	131.528012	
17.70596	131.479223	131.283666	131.697389	131.528012	
17.71607	131.479223	131.283666	131.697389	131.528012	
17.72632	131.479223	131.283666	131.697389	131.528012	
17.73643	131.479223	131.283666	131.697389	131.528012	
17.74655	131.479223	131.283666	131.697389	131.528012	
17.75675	131.479223	131.283666	131.697389	131.528012	
17.76717	131.479223	131.283666	131.697389	131.528012	
17.77728	131.479223	131.283666	131.697389	131.528012	
17.78707	131.479223	131.283666	131.697389	131.528012	
17.79719	131.479223	131.283666	131.697389	131.528012	
17.80737	131.479223	131.283666	131.697389	131.528012	
17.83042	131.479223	131.283666	131.697389	131.528012	
17.84059	131.479223	131.283666	131.697389	131.528012	
