13.63155	
13.64074	
13.65085	
13.66101	
13.67128	
13.6814	
13.69149	
13.70157	
13.71182	
13.72225	
13.73203	
13.74214	
13.75219	
13.76231	
13.77252	
13.78262	
13.79271	
13.80284	
13.81299	
13.82314	
13.83326	
13.84332	
13.8535	
13.86362	
13.87369	
13.88383	
13.89392	
13.90407	
13.91419	
13.9243	
13.93448	
13.94458	
13.95473	
13.9649	
13.97501	
13.98533	
13.99545	
14.00559	
14.01579	
14.02585	
14.03602	
14.0462	
14.05627	
14.0664	
14.07662	
14.08671	
14.09681	
14.10696	
14.11713	
14.12723	
14.13735	
14.14748	
14.15762	
14.1678	
14.17799	
14.18805	
14.19827	
14.20833	
14.21846	
14.22861	
14.2387	
14.24888	
14.25899	
14.26917	
14.27927	
14.28935	
14.29955	
14.30967	
14.31984	
14.32993	
14.34002	
14.35026	
14.36032	
14.37215	
14.38229	
14.3925	
14.4027	
14.41265	
14.42274	
14.43287	
14.44298	
14.4614	
14.46559	
14.47577	
14.48589	
14.49597	
14.50738	
14.51629	
14.52646	
14.53651	
14.54661	
14.55688	
14.56696	
14.57709	
14.58721	
14.59733	
14.60749	
14.61763	
14.62776	
14.63784	
14.648	
14.65813	
14.66827	
14.67862	
14.68856	
14.69863	
14.70881	
14.71899	
14.72904	
14.73917	
14.74928	
14.7594	
14.76956	
14.77967	
14.78983	
14.79996	
14.81008	
14.82038	
14.83045	
14.84049	
14.85062	
14.86086	
14.87091	
14.88102	
14.89114	
14.90123	
14.91137	
14.92152	
14.93208	
14.94218	
14.95227	
14.96237	
14.97254	
14.98269	
14.99277	
15.0029	
15.01303	
15.03143	
15.03562	
15.04577	
15.05591	
15.06605	
15.07615	
15.08639	
15.09643	
15.10657	
15.11671	
15.12685	
15.13816	25.8669314	25.8657795	25.901838	25.9006861	
15.14823	25.8685268	25.8657795	25.9034334	25.9006861	
15.15842	25.8707694	25.8657795	25.905676	25.9006861	
15.16845	25.8735749	25.8657795	25.9084815	25.9006861	
15.17857	25.8770215	25.8657795	25.9119281	25.9006861	
15.18877	25.8811246	25.8657795	25.9160312	25.9006861	
15.19886	25.8857908	25.8657795	25.9206974	25.9006861	
15.20902	25.8911092	25.8657795	25.9260158	25.9094127	
15.21916	25.8970293	25.8745062	25.9319359	25.9094127	
15.22927	25.9035537	25.8745062	25.9384603	25.9094127	
15.23951	25.9107968	25.8745062	25.9457034	25.9181394	
15.2499	25.9187906	25.8745062	25.9536972	25.926866	
15.25975	25.9269678	25.8832328	25.9618744	25.926866	
15.26987	25.9359178	25.8832328	25.9708244	25.9355927	
15.27997	25.9455008	25.8919595	25.9804074	25.9355927	
15.29016	25.9558057	25.8919595	25.9907123	25.9443193	
15.30023	25.9665765	25.9006861	26.0014831	25.953046	
15.31049	25.9781983	25.9006861	26.0131048	25.9617726	
15.32052	25.9901614	25.9006861	26.025068	25.9704993	
15.33101	26.0033469	25.9094127	26.0382535	25.9792259	
15.34911	26.0284602	25.9181394	26.0633668	25.9879526	
15.35356	26.0345686	25.9181394	26.0694752	26.0054059	
15.3636	26.0491358	25.926866	26.0840424	26.0054059	
15.37373	26.0644411	25.9355927	26.0993477	26.0228591	
15.39181	26.0941805	25.9443193	26.129087	26.0403124	
15.39616	26.1012647	25.953046	26.1361713	26.0403124	
15.40636	26.1186741	25.9617726	26.1535806	26.0577657	
15.41642	26.1364598	25.9704993	26.1713664	26.0664924	
15.42653	26.1549489	25.9792259	26.1898555	26.075219	
15.43758	26.1759348	25.9966792	26.2108414	26.0926723	
15.44703	26.1943494	26.0054059	26.229256	26.1101256	
15.457	26.214383	26.0228591	26.2492896	26.1188523	
15.46714	26.2353883	26.0403124	26.2702948	26.1363055	
15.47727	26.2570012	26.0577657	26.2919078	26.1450322	
15.48741	26.2792553	26.075219	26.3141619	26.1624855	
15.4975	26.3019885	26.101399	26.336895	26.1799388	
15.50769	26.3255701	26.1188523	26.3604767	26.2061187	
15.51783	26.3496827	26.1450322	26.3845893	26.223572	
15.52794	26.3743069	26.1624855	26.4092134	26.2410253	
15.53879	26.4015161	26.1799388	26.4364227	26.2672052	
15.54827	26.4257435	26.2148454	26.4606501	26.2846585	
15.55849	26.4525199	26.2322987	26.4874265	26.3195651	
15.56854	26.4794515	26.2672052	26.5143581	26.3457451	
15.57864	26.5071192	26.2846585	26.5420258	26.371925	
15.58882	26.5356643	26.3195651	26.5705709	26.4068316	
15.59891	26.5645366	26.3544717	26.5994432	26.4330115	
15.60909	26.5943146	26.3893783	26.6292212	26.4679181	
15.63723	26.6828665	26.4766448	26.7177731	26.5639112	
15.64283	26.7003261	26.494098	26.7352327	26.5813645	
15.6517	26.7284627	26.5290046	26.7633693	26.6162711	
15.6619	26.7615267	26.5639112	26.7964333	26.6511777	
15.67201	26.7949064	26.5988178	26.8298129	26.6860843	
15.68251	26.8302405	26.642451	26.8651471	26.7297175	
15.69226	26.8635919	26.6860843	26.8984985	26.7733507	
15.70245	26.8990921	26.7209908	26.9339987	26.8082573	
15.71252	26.9347825	26.7646241	26.9696891	26.8518905	
15.72263	26.9712144	26.8082573	27.0061209	26.8955238	
15.73276	27.0083642	26.8431639	27.0432708	26.939157	
15.74409	27.0507208	26.8867971	27.0856274	26.9827902	
15.75305	27.0846225	26.9304304	27.119529	27.0176968	
15.76334	27.124245	26.9740636	27.1591516	27.0613301	
15.77334	27.1633187	27.0176968	27.1982252	27.1049633	
15.78345	27.2034628	27.0526034	27.2383694	27.1485965	
15.79392	27.2457054	27.1049633	27.2806119	27.1922297	
15.80366	27.2855263	27.1485965	27.3204328	27.235863	
15.81384	27.3277815	27.1922297	27.3626881	27.2794962	
15.82399	27.3705634	27.235863	27.40547	27.3231294	
15.83409	27.4137194	27.2794962	27.448626	27.3667627	
15.84566	27.4640474	27.3318561	27.498954	27.4103959	
15.85443	27.5025412	27.3667627	27.5374478	27.4540291	
15.86446	27.5472278	27.4191225	27.5821344	27.4976624	
15.88245	27.6297722	27.4976624	27.6646788	27.5762022	
15.88678	27.6495577	27.5151157	27.6844642	27.6023821	
15.89688	27.6965321	27.5587489	27.7314387	27.6460154	
15.90704	27.7444261	27.6111088	27.7793327	27.6896486	
15.91722	27.7929888	27.654742	27.8278953	27.7420085	
15.92734	27.8418968	27.7071019	27.8768033	27.7856417	
15.93742	27.8912397	27.7507351	27.9261463	27.8292749	
15.94778	27.9426261	27.803095	27.9775327	27.8816348	
15.95792	27.9934514	27.8554549	28.028358	27.925268	
15.96806	28.0449338	27.8990881	28.0798404	27.9776279	
15.97822	28.0971481	27.951448	28.1320547	28.0299878	
15.98831	28.1496327	27.9950812	28.1845393	28.0823477	
15.99857	28.2035851	28.0474411	28.2384917	28.1259809	
16.00862	28.2570479	28.099801	28.2919545	28.1783408	
16.01875	28.3115543	28.1521608	28.3464609	28.2307007	
16.02888	28.366726	28.2045207	28.4016326	28.2830605	
16.039	28.4223967	28.2568806	28.4573033	28.3354204	
16.0495	28.4809166	28.3092405	28.5158232	28.3877803	
16.05932	28.5360619	28.370327	28.5709685	28.4488668	
16.06945	28.5937184	28.4226869	28.6286249	28.5012267	
16.07974	28.652891	28.4837734	28.6877976	28.5623132	
16.08971	28.7107173	28.5361333	28.7456238	28.6146731	
16.09983	28.7701215	28.5972198	28.8050281	28.6757596	
16.10999	28.8303994	28.6583063	28.865306	28.7281195	
16.12011	28.8910056	28.7106662	28.9259122	28.789206	
16.13026	28.9523979	28.7717527	28.9873045	28.8502925	
16.14035	29.014073	28.8328392	29.0489796	28.9113791	
16.1511	29.0805466	28.9026524	29.1154532	28.9724656	
16.16091	29.1416501	28.9637389	29.1765567	29.0422788	
16.17102	29.205258	29.0248255	29.2401646	29.1033653	
16.18141	29.2714004	29.0771853	29.306307	29.1644518	
16.19126	29.3345726	29.1469985	29.3694792	29.234265	
16.20136	29.3999942	29.208085	29.4349008	29.2953515	
16.21154	29.466545	29.2778982	29.5014516	29.3651647	
16.22165	29.5332423	29.3389847	29.5681489	29.4262512	
16.23184	29.6011197	29.4087979	29.6360263	29.4960644	
16.24226	29.6711945	29.4786111	29.7061011	29.5658775	
16.2521	29.73792	29.5484242	29.7728265	29.6269641	
16.26224	29.807278	29.6095108	29.8421846	29.6967772	
16.27234	29.8769937	29.6880506	29.9119002	29.7665904	
16.28245	29.9473989	29.7578637	29.9823055	29.8364036	
16.2926	30.0187447	29.8276769	30.0536513	29.9149434	
16.30276	30.0907022	29.8974901	30.1256088	29.9847565	
16.31286	30.1628587	29.9673033	30.1977652	30.0545697	
16.32297	30.2357655	30.0458431	30.2706721	30.1243829	
16.33318	30.3099708	30.1156562	30.3448773	30.1941961	
16.34368	30.3869841	30.1941961	30.4218907	30.2727359	
16.35348	30.4593909	30.2640092	30.4942974	30.3512757	
16.36353	30.5342734	30.342549	30.56918	30.4210889	
16.37366	30.6103322	30.4210889	30.6452388	30.4996287	
16.38384	30.6874354	30.4996287	30.722342	30.5781685	
16.39401	30.7650524	30.5781685	30.799959	30.6567083	
16.40407	30.8424101	30.6567083	30.8773167	30.7352481	
16.41418	30.9208216	30.7352481	30.9557282	30.8137879	
16.4243	30.9999651	30.8137879	31.0348717	30.8923278	
16.43441	31.0795647	30.8923278	31.1144713	30.9795942	
16.46195	31.3024939	31.0494074	31.3374005	31.1366739	
16.46634	31.3377936	31.1454005	31.3727001	31.232667	
16.47645	31.4199341	31.2239403	31.4548407	31.3112068	
16.48659	31.5029938	31.3112068	31.5379004	31.3984732	
16.49673	31.5866291	31.3897466	31.6215357	31.4857397	
16.50687	31.6709062	31.4770131	31.7058128	31.5730062	
16.51705	31.7561474	31.5555529	31.791054	31.651546	
16.52716	31.8414054	31.6428193	31.876312	31.7388124	
16.53726	31.9271395	31.7213592	31.9620461	31.8260789	
16.54742	32.0140383	31.8086256	32.0489449	31.9046187	
16.55762	32.1020091	31.8958921	32.1369157	32.0006118	
16.56774	32.1897199	31.9744319	32.2246265	32.0791517	
16.57786	32.27815	32.0616984	32.3130566	32.1664181	
16.588	32.367337	32.1489648	32.4022436	32.2536846	
16.60614	32.5235	32.2362313	32.5584066	32.340951	
16.61049	32.5609499	32.340951	32.5958564	32.4543974	
16.62983	32.7246623	32.5067573	32.7595689	32.6202037	
16.63415	32.7613519	32.5503905	32.7962585	32.663837	
16.64429	32.846561	32.637657	32.8814675	32.7598301	
16.65518	32.9373236	32.7249235	32.9722302	32.8470965	
16.66469	33.0160608	32.8121899	33.0509674	32.934363	
16.67472	33.0985626	32.908183	33.1334692	33.0216294	
16.6849	33.1817137	32.9954495	33.2166203	33.1176226	
16.69498	33.2634187	33.0914426	33.2983252	33.2136157	
16.70528	33.3462415	33.1787091	33.3811481	33.3008821	
16.71539	33.4269465	33.2659755	33.4618531	33.3881486	
16.72555	33.5074635	33.3619687	33.5423701	33.4754151	
16.73568	33.5871611	33.4492351	33.6220677	33.5626815	
16.74576	33.6658282	33.5365016	33.7007348	33.649948	
16.75677	33.7510237	33.623768	33.7859303	33.7372144	
16.7661	33.8226921	33.7197611	33.8575987	33.8244809	
16.77621	33.8997839	33.798301	33.9346905	33.9030207	
16.78635	33.9764894	33.8855674	34.011396	33.9902872	
16.79645	34.0523141	33.9728339	34.0872206	34.068827	
16.80671	34.1287578	34.0601004	34.1636644	34.1473668	
16.81676	34.2029091	34.1386402	34.2378157	34.2259066	
16.82691	34.2773056	34.21718	34.3122122	34.3131731	
16.83705	34.3510367	34.2957198	34.3859433	34.3829863	
16.84714	34.4236626	34.3829863	34.4585692	34.4615261	
16.85772	34.499351	34.4527994	34.5342576	34.5400659	
16.86749	34.5685304	34.5226126	34.6034369	34.6098791	
16.87762	34.6396888	34.6011524	34.6745954	34.6796922	
16.88776	34.7103876	34.6796922	34.7452941	34.7582321	
16.89788	34.7803025	34.7495054	34.8152091	34.8280452	
16.90805	34.8499047	34.8193186	34.8848113	34.8978584	
16.91822	34.9189922	34.8891317	34.9538988	34.9589449	
16.92832	34.986952	34.9502183	35.0218586	35.0287581	
16.93845	35.0544888	35.0113048	35.0893954	35.0898446	
16.94856	35.1212785	35.081118	35.1561851	35.1509311	
16.95905	35.1917984	35.1509311	35.226705	35.2207443	
16.96888	35.2537482	35.2120177	35.2886548	35.2818308	
16.97898	35.3187478	35.2731042	35.3536544	35.3429174	
16.98919	35.3837996	35.3254641	35.4187062	35.4040039	
16.9994	35.4481882	35.3952772	35.4830948	35.4650904	
17.00942	35.510837	35.4563638	35.5457436	35.5174503	
17.01957	35.5736461	35.5087236	35.6085527	35.5785368	
17.02969	35.6357536	35.5698102	35.6706602	35.6396233	
17.03984	35.697378	35.6308967	35.7322845	35.6919832	
17.04992	35.7579825	35.6919832	35.792889	35.7530697	
17.06069	35.8221269	35.7443431	35.8570335	35.8054296	
17.0703	35.8787151	35.8054296	35.9136217	35.8577895	
17.08053	35.9383667	35.8577895	35.9732733	35.918876	
17.09057	35.9963184	35.918876	36.031225	35.9712359	
17.10086	36.056058	35.9712359	36.0909646	36.0235958	
17.11087	36.1117448	36.0235958	36.1466514	36.0846823	
17.12105	36.1687305	36.0846823	36.2036371	36.1370422	
17.13111	36.2244486	36.1370422	36.2593552	36.189402	
17.14126	36.2800363	36.1981287	36.3149429	36.2417619	
17.15133	36.3345937	36.2504886	36.3695002	36.2941218	
17.17053	36.4359765	36.3464817	36.4708831	36.3988416	
17.17503	36.4597758	36.3726616	36.4946824	36.4250215	
17.1853	36.5133824	36.4250215	36.548289	36.4773814	
17.19541	36.5655093	36.4773814	36.6004159	36.5384679	
17.2056	36.61749	36.5384679	36.6523965	36.5821011	
17.21573	36.6685557	36.5821011	36.7034623	36.6431876	
17.22586	36.7190456	36.6431876	36.7539522	36.6955475	
17.23603	36.7690846	36.6955475	36.8039911	36.7479074	
17.24609	36.8180275	36.7479074	36.8529341	36.8002673	
17.25627	36.8669256	36.8002673	36.9018321	36.8526272	
17.26647	36.9153764	36.8526272	36.950283	36.904987	
17.27657	36.9626481	36.904987	36.9975547	36.9660736	
17.28675	37.0097474	36.9486203	37.0446539	37.0097068	
17.2968	37.0556189	37.0009801	37.0905255	37.0620667	
17.30697	37.101472	37.05334	37.1363786	37.1056999	
17.31715	37.146752	37.0969733	37.1816586	37.1580598	
17.32723	37.1910536	37.1406065	37.2259602	37.2104197	
17.33739	37.2349906	37.1929664	37.2698971	37.2540529	
17.34749	37.2781478	37.2365996	37.3130543	37.2976861	
17.35765	37.3209496	37.2802328	37.3558562	37.350046	
17.36785	37.3633372	37.3238661	37.3982437	37.3936792	
17.37795	37.4046457	37.3674993	37.4395523	37.4373125	
17.3881	37.4456304	37.4111325	37.480537	37.4809457	
17.39823	37.485918	37.4460391	37.5208246	37.5245789	
17.40832	37.525425	37.4896723	37.5603316	37.5594855	
17.4185	37.564722	37.5245789	37.5996286	37.6118454	
17.42864	37.603231	37.5594855	37.6381376	37.646752	
17.43886	37.6414468	37.6031187	37.6763534	37.6903852	
17.44889	37.6783884	37.6380253	37.713295	37.7340184	
17.459	37.7150293	37.6816586	37.7499359	37.768925	
17.46943	37.7522066	37.7165651	37.7871132	37.8038316	
17.47952	37.787541	37.7514717	37.8224476	37.8387382	
17.48964	37.8224111	37.7776517	37.8573177	37.8736448	
17.49972	37.8565634	37.8125582	37.89147	37.9085514	
17.50987	37.8903581	37.8387382	37.9252647	37.9434579	
17.52009	37.9237672	37.8736448	37.9586738	37.9783645	
17.53015	37.9560829	37.9085514	37.9909895	38.0045445	
17.54033	37.98817	37.9434579	38.0230766	38.039451	
17.55044	38.0194703	37.9696379	38.0543769	38.0743576	
17.56052	38.0500837	37.9958178	38.0849903	38.1005376	
17.57077	38.0806031	38.0307244	38.1155097	38.1354442	
17.58088	38.110096	38.0569043	38.1450026	38.1616241	
17.59103	38.139138	38.0830843	38.1740446	38.187804	
17.60136	38.1681551	38.1179909	38.2030616	38.2227106	
17.61154	38.1960066	38.1441708	38.2309132	38.2401639	
17.62325	38.2272906	38.1703507	38.2621972	38.2663438	
17.63195	38.2501876	38.1965307	38.2850942	38.2925238	
17.64195	38.2758763	38.2227106	38.3107829	38.3187037	
17.65209	38.3013281	38.2401639	38.3362347	38.3448837	
17.66247	38.3267699	38.2663438	38.3616765	38.362337	
17.6724	38.3505613	38.2925238	38.3854679	38.3885169	
17.68269	38.3745942	38.3099771	38.4095008	38.4146968	
17.69262	38.3972419	38.3274304	38.4321485	38.4321501	
17.70276	38.4197821	38.3536103	38.4546887	38.4496034	
17.71289	38.4417174	38.3710636	38.476624	38.4757834	
17.72301	38.4630242	38.3885169	38.4979307	38.4932367	
17.73323	38.4839859	38.4059702	38.5188925	38.5106899	
17.74326	38.5039693	38.4321501	38.5388759	38.5281432	
17.75338	38.5235539	38.4496034	38.5584605	38.5455965	
17.76385	38.5432011	38.4670567	38.5781077	38.5717765	
17.77375	38.56124	38.48451	38.5961466	38.5805031	
17.78388	38.5790986	38.5019633	38.6140052	38.5979564	
17.79397	38.5963477	38.5194166	38.6312543	38.6154097	
17.80409	38.6130519	38.5368699	38.6479585	38.632863	
17.81425	38.6292611	38.5543232	38.6641677	38.6415896	
17.82462	38.6451845	38.5717765	38.6800911	38.6590429	
17.83457	38.6599287	38.5805031	38.6948352	38.6764962	
17.85252	38.6843609	38.6066831	38.7192675	38.6939495	
17.85684	38.6902886	38.6066831	38.7251952	38.7026762	
17.86713	38.7037021	38.6154097	38.7386087	38.7114028	
17.87725	38.7163198	38.632863	38.7512264	38.7201295	
17.8873	38.7283154	38.6415896	38.763222	38.7288561	
17.8974	38.7398089	38.6503163	38.7747155	38.7375827	
17.90752	38.7507798	38.6590429	38.7856864	38.7463094	
17.91771	38.7612627	38.6677696	38.7961692	38.755036	
17.92784	38.7711439	38.6764962	38.8060504	38.7637627	
17.93797	38.7804784	38.6852229	38.815385	38.7724893	
17.94811	38.7892887	38.6939495	38.8241953	38.781216	
17.9582	38.797522	38.7026762	38.8324286	38.7899426	
17.96946	38.8060202	38.7114028	38.8409268	38.7986693	
17.97892	38.812745	38.7114028	38.8476516	38.7986693	
17.98867	38.819184	38.7114028	38.8540906	38.8073959	
17.99884	38.8253691	38.7201295	38.8602757	38.8073959	
18.00889	38.8309884	38.7288561	38.865895	38.8161226	
18.0191	38.8361861	38.7288561	38.8710927	38.8161226	
18.02924	38.8408602	38.7288561	38.8757668	38.8161226	
18.03936	38.8450436	38.7288561	38.8799502	38.8161226	
18.04948	38.8487613	38.7288561	38.8836679	38.8161226	
18.05972	38.8520593	38.7288561	38.8869659	38.8161226	
18.07086	38.8550945	38.7288561	38.8900011	38.8161226	
18.08003	38.8572926	38.7288561	38.8921992	38.8161226	
18.09004	38.8592894	38.7288561	38.894196	38.8161226	
18.10015	38.8609387	38.7288561	38.8958453	38.8161226	
18.11026	38.8657795	38.7288561	38.9006861	38.8161226	
18.12041	38.8657795	38.7288561	38.9006861	38.8161226	
18.13057	38.8657795	38.7288561	38.9006861	38.8161226	
18.14071	38.8657795	38.7288561	38.9006861	38.8161226	
18.15086	38.8657795	38.7288561	38.9006861	38.8161226	
18.16115	38.8657795	38.7288561	38.9006861	38.8161226	
18.17218	38.8657795	38.7288561	38.9006861	38.8161226	
18.18129	38.8657795	38.7288561	38.9006861	38.8161226	
18.19139	38.8657795	38.7288561	38.9006861	38.8161226	
18.20145	38.8657795	38.7288561	38.9006861	38.8161226	
18.21158	38.8657795	38.7288561	38.9006861	38.8161226	
18.22181	38.8657795	38.7288561	38.9006861	38.8161226	
18.23188	38.8657795	38.7288561	38.9006861	38.8161226	
18.24203	38.8657795	38.7288561	38.9006861	38.8161226	
18.25213	38.8657795	38.7288561	38.9006861	38.8161226	
18.26248	38.8657795	38.7288561	38.9006861	38.8161226	
18.2734	38.8657795	38.7288561	38.9006861	38.8161226	
18.28254	38.8657795	38.7288561	38.9006861	38.8161226	
18.29263	38.8657795	38.7288561	38.9006861	38.8161226	
18.30281	38.8657795	38.7288561	38.9006861	38.8161226	
18.3129	38.8657795	38.7288561	38.9006861	38.8161226	
18.32303	38.8657795	38.7288561	38.9006861	38.8161226	
18.34101	38.8657795	38.7288561	38.9006861	38.8161226	
18.34535	38.8657795	38.7288561	38.9006861	38.8161226	
18.35545	38.8657795	38.7288561	38.9006861	38.8161226	
18.36564	38.8657795	38.7288561	38.9006861	38.8161226	
18.37651	38.8657795	38.7288561	38.9006861	38.8161226	
18.38592	38.8657795	38.7288561	38.9006861	38.8161226	
18.39607	38.8657795	38.7288561	38.9006861	38.8161226	
18.40619	38.8657795	38.7288561	38.9006861	38.8161226	
18.4163	38.8657795	38.7288561	38.9006861	38.8161226	
18.42648	38.8657795	38.7288561	38.9006861	38.8161226	
18.43661	38.8657795	38.7288561	38.9006861	38.8161226	
18.44678	38.8657795	38.7288561	38.9006861	38.8161226	
18.45687	38.8657795	38.7288561	38.9006861	38.8161226	
18.46698	38.8657795	38.7288561	38.9006861	38.8161226	
18.47781	38.8657795	38.7288561	38.9006861	38.8161226	
18.48729	38.8657795	38.7288561	38.9006861	38.8161226	
18.49738	38.8657795	38.7288561	38.9006861	38.8161226	
18.50755	38.8657795	38.7288561	38.9006861	38.8161226	
18.51767	38.8657795	38.7288561	38.9006861	38.8161226	
18.52785	38.8657795	38.7288561	38.9006861	38.8161226	
18.53795	38.8657795	38.7288561	38.9006861	38.8161226	
18.5481	38.8657795	38.7288561	38.9006861	38.8161226	
18.55824	38.8657795	38.7288561	38.9006861	38.8161226	
18.56835	38.8657795	38.7288561	38.9006861	38.8161226	
18.57877	38.8657795	38.7288561	38.9006861	38.8161226	
18.58871	38.8657795	38.7288561	38.9006861	38.8161226	
18.59889	38.8657795	38.7288561	38.9006861	38.8161226	
18.60897	38.8657795	38.7288561	38.9006861	38.8161226	
18.61981	38.8657795	38.7288561	38.9006861	38.8161226	
18.62922	38.8657795	38.7288561	38.9006861	38.8161226	
18.63934	38.8657795	38.7288561	38.9006861	38.8161226	
18.64944	38.8657795	38.7288561	38.9006861	38.8161226	
18.65962	38.8657795	38.7288561	38.9006861	38.8161226	
18.66973	38.8657795	38.7288561	38.9006861	38.8161226	
18.68915	38.8657795	38.7288561	38.9006861	38.8161226	
18.69355	38.8657795	38.7288561	38.9006861	38.8161226	
18.70367	38.8657795	38.7288561	38.9006861	38.8161226	
18.71374	38.8657795	38.7288561	38.9006861	38.8161226	
18.724	38.8657795	38.7288561	38.9006861	38.8161226	
18.73404	38.8657795	38.7288561	38.9006861	38.8161226	
18.7442	38.8657795	38.7288561	38.9006861	38.8161226	
18.7543	38.8657795	38.7288561	38.9006861	38.8161226	
18.76438	38.8657795	38.7288561	38.9006861	38.8161226	
18.77495	38.8657795	38.7288561	38.9006861	38.8161226	
18.78505	38.8657795	38.7288561	38.9006861	38.8161226	
18.79501	38.8657795	38.7288561	38.9006861	38.8161226	
18.80511	38.8657795	38.7288561	38.9006861	38.8161226	
18.81523	38.8657795	38.7288561	38.9006861	38.8161226	
18.82539	38.8657795	38.7288561	38.9006861	38.8161226	
18.83552	38.8657795	38.7288561	38.9006861	38.8161226	
18.8457	38.8657795	38.7288561	38.9006861	38.8161226	
18.85581	38.8657795	38.7288561	38.9006861	38.8161226	
18.8659	38.8657795	38.7288561	38.9006861	38.8161226	
18.87606	38.8657795	38.7288561	38.9006861	38.8161226	
18.88629	38.8657795	38.7288561	38.9006861	38.8161226	
18.89664	38.8657795	38.7288561	38.9006861	38.8161226	
18.90657	38.8657795	38.7288561	38.9006861	38.8161226	
18.91665	38.8657795	38.7288561	38.9006861	38.8161226	
18.92688	38.8657795	38.7288561	38.9006861	38.8161226	
18.93695	38.8657795	38.7288561	38.9006861	38.8161226	
18.94704	38.8657795	38.7288561	38.9006861	38.8161226	
18.95721	38.8657795	38.7288561	38.9006861	38.8161226	
18.96731	38.8657795	38.7288561	38.9006861	38.8161226	
18.97747	38.8657795	38.7288561	38.9006861	38.8161226	
18.98784	38.8657795	38.7288561	38.9006861	38.8161226	
18.99795	38.8657795	38.7288561	38.9006861	38.8161226	
19.00818	38.8657795	38.7288561	38.9006861	38.8161226	
19.0182	38.8657795	38.7288561	38.9006861	38.8161226	
19.02841	38.8657795	38.7288561	38.9006861	38.8161226	
19.03851	38.8657795	38.7288561	38.9006861	38.8161226	
19.04864	38.8657795	38.7288561	38.9006861	38.8161226	
19.05878	38.8657795	38.7288561	38.9006861	38.8161226	
19.06888	38.8657795	38.7288561	38.9006861	38.8161226	
19.0791	38.8657795	38.7288561	38.9006861	38.8161226	
19.08925	38.8657795	38.7288561	38.9006861	38.8161226	
19.09932	38.8657795	38.7288561	38.9006861	38.8161226	
19.10957	38.8657795	38.7288561	38.9006861	38.8161226	
19.11966	38.8657795	38.7288561	38.9006861	38.8161226	
19.12977	38.8657795	38.7288561	38.9006861	38.8161226	
19.13992	38.8657795	38.7288561	38.9006861	38.8161226	
19.15006	38.8657795	38.7288561	38.9006861	38.8161226	
19.16026	38.8657795	38.7288561	38.9006861	38.8161226	
19.17033	38.8657795	38.7288561	38.9006861	38.8161226	
19.18041	38.8657795	38.7288561	38.9006861	38.8161226	
19.19074	38.8657795	38.7288561	38.9006861	38.8161226	
19.20073	38.8657795	38.7288561	38.9006861	38.8161226	
19.21901	38.8657795	38.7288561	38.9006861	38.8161226	
19.22336	38.8657795	38.7288561	38.9006861	38.8161226	
19.23384	38.8657795	38.7288561	38.9006861	38.8161226	
19.24363	38.8657795	38.7288561	38.9006861	38.8161226	
19.25375	38.8657795	38.7288561	38.9006861	38.8161226	
19.26401	38.8657795	38.7288561	38.9006861	38.8161226	
19.27396	38.8657795	38.7288561	38.9006861	38.8161226	
19.28487	38.8657795	38.7288561	38.9006861	38.8161226	
19.29429	38.8657795	38.7288561	38.9006861	38.8161226	
19.30443	38.8657795	38.7288561	38.9006861	38.8161226	
19.31467	38.8657795	38.7288561	38.9006861	38.8161226	
19.32471	38.8657795	38.7288561	38.9006861	38.8161226	
19.33521	38.8657795	38.7288561	38.9006861	38.8161226	
19.34506	38.8657795	38.7288561	38.9006861	38.8161226	
19.35521	38.8657795	38.7288561	38.9006861	38.8161226	
19.36533	38.8657795	38.7288561	38.9006861	38.8161226	
19.37694	38.8657795	38.7288561	38.9006861	38.8161226	
19.38747	38.8657795	38.7288561	38.9006861	38.8161226	
19.39718	38.8657795	38.7288561	38.9006861	38.8161226	
19.4073	38.8657795	38.7288561	38.9006861	38.8161226	
19.41752	38.8657795	38.7288561	38.9006861	38.8161226	
19.42756	38.8657795	38.7288561	38.9006861	38.8161226	
19.43776	38.8657795	38.7288561	38.9006861	38.8161226	
19.44783	38.8657795	38.7288561	38.9006861	38.8161226	
19.45799	38.8657795	38.7288561	38.9006861	38.8161226	
19.46812	38.8657795	38.7288561	38.9006861	38.8161226	
19.47824	38.8657795	38.7288561	38.9006861	38.8161226	
19.48876	38.8657795	38.7288561	38.9006861	38.8161226	
19.49853	38.8657795	38.7288561	38.9006861	38.8161226	
19.50868	38.8657795	38.7288561	38.9006861	38.8161226	
19.5189	38.8657795	38.7288561	38.9006861	38.8161226	
19.52894	38.8657795	38.7288561	38.9006861	38.8161226	
19.53911	38.8657795	38.7288561	38.9006861	38.8161226	
19.54925	38.8657795	38.7288561	38.9006861	38.8161226	
19.55939	38.8657795	38.7288561	38.9006861	38.8161226	
19.56954	38.8657795	38.7288561	38.9006861	38.8161226	
19.57961	38.8657795	38.7288561	38.9006861	38.8161226	
19.59008	38.8657795	38.7288561	38.9006861	38.8161226	
19.59993	38.8657795	38.7288561	38.9006861	38.8161226	
19.62036	38.8657795	38.7288561	38.9006861	38.8161226	
19.63428	38.8657795	38.7288561	38.9006861	38.8161226	
19.6386	38.8657795	38.7288561	38.9006861	38.8161226	
19.64872	38.8657795	38.7288561	38.9006861	38.8161226	
19.65889	38.8657795	38.7288561	38.9006861	38.8161226	
19.66904	38.8657795	38.7288561	38.9006861	38.8161226	
19.67913	38.8657795	38.7288561	38.9006861	38.8161226	
19.68995	38.8657795	38.7288561	38.9006861	38.8161226	
19.69947	38.8657795	38.7288561	38.9006861	38.8161226	
19.70964	38.8657795	38.7288561	38.9006861	38.8161226	
19.71974	38.8657795	38.7288561	38.9006861	38.8161226	
19.72985	38.8657795	38.7288561	38.9006861	38.8161226	
19.74003	38.8657795	38.7288561	38.9006861	38.8161226	
19.7501	38.8657795	38.7288561	38.9006861	38.8161226	
19.76035	38.8657795	38.7288561	38.9006861	38.8161226	
19.7704	38.8657795	38.7288561	38.9006861	38.8161226	
19.78049	38.8657795	38.7288561	38.9006861	38.8161226	
19.79122	38.8657795	38.7288561	38.9006861	38.8161226	
19.80088	38.8657795	38.7288561	38.9006861	38.8161226	
19.81096	38.8657795	38.7288561	38.9006861	38.8161226	
19.82108	38.8657795	38.7288561	38.9006861	38.8161226	
19.8313	38.8657795	38.7288561	38.9006861	38.8161226	
19.84136	38.8657795	38.7288561	38.9006861	38.8161226	
19.85151	38.8657795	38.7288561	38.9006861	38.8161226	
19.86168	38.8657795	38.7288561	38.9006861	38.8161226	
19.87174	38.8657795	38.7288561	38.9006861	38.8161226	
19.88189	38.8657795	38.7288561	38.9006861	38.8161226	
19.90227	38.8657795	38.7288561	38.9006861	38.8161226	
19.90684	38.8657795	38.7288561	38.9006861	38.8161226	
19.91761	38.8657795	38.7288561	38.9006861	38.8161226	
