7.83098	
7.839566	
7.860131	
7.864434	
7.874454	
7.884674	
7.894801	
7.904903	
7.914997	
7.925172	
7.935354	
7.945394	
7.955574	
7.965705	
7.975866	
7.985983	
7.996052	
8.006239	
8.016392	
8.026518	
8.036644	
8.046769	
8.056837	
8.067056	
8.077145	
8.087355	
8.097406	
8.107542	
8.117733	
8.12863	
8.138013	
8.148156	
8.158135	
8.16826	
8.178431	
8.188581	
8.198652	
8.208782	
8.218895	
8.237295	
8.241569	
8.251673	
8.261825	
8.272789	
8.282095	
8.292236	
8.302383	
8.312576	
8.322669	
8.332803	
8.342957	
8.353073	
8.363195	
8.373358	
8.38349	
8.393628	
8.403779	
8.413923	
8.424041	
8.43411	
8.444251	
8.454502	
8.464643	
8.474776	
8.484864	
8.495105	
8.505308	
8.515417	
8.52558	
8.53569	
8.545781	
8.555947	
8.566083	
8.576223	
8.586337	
8.596493	
8.606642	
8.616744	
8.62688	
8.636988	
8.647192	
8.657256	
8.667387	
8.677506	
8.687623	
8.697769	
8.70791	
8.71854	
8.728168	
8.738243	
8.748367	
8.758519	
8.769689	
8.779082	
8.788889	
8.806964	
8.811333	
8.821446	
8.831585	
8.841695	
8.851791	
8.861986	
8.872102	
8.882229	
8.895091	64.3954142	64.3939228	64.6048537	64.6033623	
8.902485	64.3964752	64.3939228	64.6059147	64.6033623	
8.912665	64.3986452	64.3939228	64.6080847	64.6033623	
8.922764	64.4014074	64.3939228	64.6108469	64.6033623	
8.932903	64.4047986	64.3939228	64.6142381	64.6033623	
8.943095	64.4088319	64.3939228	64.6182714	64.6033623	
8.953133	64.4134045	64.4026494	64.6228441	64.6033623	
8.963306	64.4186638	64.4026494	64.6281033	64.6120889	
8.973431	64.4245119	64.4026494	64.6339514	64.6120889	
8.983577	64.4309925	64.4026494	64.640432	64.6120889	
8.994676	64.438853	64.4026494	64.6482925	64.6120889	
9.003825	64.445776	64.4026494	64.6552155	64.6120889	
9.013989	64.4541186	64.4026494	64.6635581	64.6120889	
9.024139	64.4630709	64.4026494	64.6725104	64.6120889	
9.034248	64.472598	64.4026494	64.6820375	64.6120889	
9.044366	64.482747	64.4026494	64.6921865	64.6120889	
9.054515	64.493546	64.4026494	64.7029855	64.6120889	
9.064631	64.5049252	64.4026494	64.7143647	64.6120889	
9.074767	64.516944	64.4026494	64.7263835	64.6120889	
9.084883	64.5295486	64.4026494	64.7389881	64.6208156	
9.095971	64.5441499	64.4026494	64.7535894	64.6295422	
9.105225	64.5567902	64.4026494	64.7662298	64.6382688	
9.115281	64.5711419	64.4201027	64.7805814	64.6469955	
9.12547	64.5863299	64.4288293	64.7957694	64.6644488	
9.135576	64.6019967	64.437556	64.8114363	64.6819021	
9.145705	64.6183188	64.4550093	64.8277584	64.6906287	
9.155807	64.635202	64.4724626	64.8446415	64.7168087	
9.165977	64.6528266	64.4899159	64.8622661	64.7255353	
9.176089	64.6709605	64.5160958	64.8804001	64.7517152	
9.186219	64.6897507	64.5422757	64.8991902	64.7691685	
9.197235	64.7109476	64.559729	64.9203871	64.7866218	
9.206606	64.7294417	64.585909	64.9388812	64.8128018	
9.216738	64.750079	64.6120889	64.9595185	64.8302551	
9.226846	64.7712837	64.6469955	64.9807233	64.856435	
9.237128	64.7935043	64.6644488	65.0029438	64.8826149	
9.247195	64.8158464	64.6993554	65.0252859	64.9087949	
9.257256	64.8387913	64.7255353	65.0482309	64.9349748	
9.267383	64.862497	64.7517152	65.0719365	64.9611548	
9.286384	64.9096615	64.8128018	65.119101	65.0222413	
9.291266	64.921707	64.8215284	65.1311466	65.0309679	
9.301458	64.9476659	64.856435	65.1571054	65.0658745	
9.311617	64.9741513	64.8913416	65.1835908	65.1007811	
9.321735	65.0011374	64.9262482	65.2105769	65.1356877	
9.331863	65.0287602	64.9611548	65.2381997	65.1705943	
9.342032	65.0571249	64.9873347	65.2665644	65.2055009	
9.352186	65.0860717	65.0222413	65.2955112	65.2316808	
9.36231	65.1155384	65.0571479	65.3249779	65.2665874	
9.372604	65.1461469	65.0833278	65.3555864	65.301494	
9.382748	65.1769162	65.1182344	65.3863557	65.3364005	
9.392844	65.2081499	65.1444143	65.4175894	65.3713071	
9.403375	65.241441	65.1793209	65.4508805	65.4062137	
9.4132	65.2730054	65.2055009	65.4824449	65.4323937	
9.423354	65.3062789	65.2404074	65.5157184	65.4673002	
9.433443	65.3399549	65.275314	65.5493944	65.5022068	
9.443577	65.3743953	65.3102206	65.5838348	65.5371134	
9.453783	65.4097039	65.3451272	65.6191435	65.5632934	
9.463888	65.4452835	65.3713071	65.654723	65.5981999	
9.473993	65.4814576	65.4062137	65.6908971	65.6331065	
9.484124	65.5183559	65.4411203	65.7277955	65.6680131	
9.494238	65.5557982	65.4760269	65.7652377	65.7029197	
9.504604	65.5948452	65.5109335	65.8042847	65.7465529	
9.514558	65.6329	65.5458401	65.8423395	65.7814595	
9.524719	65.6723798	65.5807466	65.8818193	65.8163661	
9.534861	65.7124065	65.6243799	65.921846	65.8512727	
9.545051	65.7532389	65.6592865	65.9626784	65.8861793	
9.555111	65.7941536	65.694193	66.0035931	65.9298125	
9.565218	65.8358779	65.7290996	66.0453174	65.9647191	
9.575419	65.8786132	65.7727329	66.0880527	65.9996257	
9.585491	65.9214126	65.8163661	66.1308521	66.0432589	
9.595595	65.9649703	65.8512727	66.1744098	66.0781655	
9.606066	66.0108107	65.8949059	66.2202502	66.1217987	
9.615957	66.0546122	65.9385391	66.2640517	66.1654319	
9.626097	66.1001821	65.9821724	66.3096217	66.2177918	
9.636221	66.1462901	66.0258056	66.3557296	66.2526984	
9.646352	66.1930601	66.0781655	66.4024996	66.3050583	
9.656591	66.2409374	66.1217987	66.450377	66.3574182	
9.666663	66.2886419	66.1741586	66.4980814	66.4010514	
9.676763	66.3370967	66.2177918	66.5465362	66.4534113	
9.686896	66.386322	66.2701517	66.5957615	66.4970445	
9.69707	66.4363936	66.3225116	66.6458331	66.5494044	
9.707234	66.487026	66.3661448	66.6964655	66.6017643	
9.717335	66.5379294	66.4185047	66.7473689	66.6541241	
9.7275	66.5897926	66.4708646	66.7992321	66.706484	
9.737537	66.6416085	66.5232244	66.8510481	66.7588439	
9.747909	66.6958151	66.5755843	66.9052546	66.8112038	
9.757889	66.7485326	66.6366708	66.9579721	66.8722903	
9.767984	66.8024832	66.6890307	67.0119227	66.9246502	
9.778075	66.8570231	66.7413906	67.0664626	66.9857367	
9.788189	66.9122906	66.8024771	67.1217301	67.0380966	
9.798398	66.9687502	66.854837	67.1781897	67.0904564	
9.808582	67.0256994	66.9159235	67.2351389	67.151543	
9.818645	67.0824967	66.9682834	67.2919362	67.2126295	
9.828766	67.1402892	67.0293699	67.3497287	67.2649894	
9.838853	67.1984855	67.0904564	67.407925	67.3348025	
9.852416	67.2815468	67.1428163	67.4909863	67.3871624	
9.862127	67.3354045	67.2213561	67.5448441	67.4657022	
9.872194	67.3954984	67.2824427	67.604938	67.5355154	
9.882351	67.4567635	67.3435292	67.666203	67.5966019	
9.892492	67.5185364	67.4046157	67.7279759	67.6489618	
9.902592	67.5806701	67.4744289	67.7901097	67.718775	
9.912889	67.6446833	67.5442421	67.8541228	67.7798615	
9.922982	67.7079959	67.6053286	67.9174354	67.840948	
9.9331	67.7721121	67.6664151	67.9815516	67.9107612	
9.943279	67.8372061	67.7362283	68.0466456	67.9718477	
9.953352	67.9022469	67.7973148	68.1116864	68.0416609	
9.971598	68.0225592	67.9194878	68.2319987	68.1551073	
9.975967	68.0512482	67.9456678	68.2606877	68.1900139	
9.986098	68.1186491	68.015481	68.3280886	68.2511004	
9.996203	68.1865025	68.0852941	68.395942	68.3209136	
10.00708	68.2603224	68.1551073	68.469762	68.3907267	
10.01662	68.3254939	68.2249205	68.5349334	68.4605399	
10.02666	68.394702	68.2947336	68.6041416	68.5303531	
10.0368	68.4652756	68.3645468	68.6747151	68.5914396	
10.04693	68.536367	68.43436	68.7458065	68.6612528	
10.05706	68.6080954	68.4954465	68.8175349	68.7397926	
10.06721	68.6805988	68.5652597	68.8900383	68.8096058	
10.07731	68.7532469	68.6350728	68.9626864	68.8794189	
10.08747	68.8270351	68.7136127	69.0364747	68.9492321	
10.09755	68.900872	68.7834258	69.1103115	69.0277719	
10.10868	68.9832284	68.853239	69.1926679	69.0975851	
10.11788	69.0515931	68.9230522	69.2610326	69.1761249	
10.12863	69.1324314	68.9928653	69.3418709	69.2459381	
10.13806	69.203639	69.0714051	69.4130785	69.3244779	
10.14822	69.281185	69.1412183	69.4906245	69.3942911	
10.15836	69.3590946	69.2197581	69.5685341	69.4728309	
10.16847	69.4374402	69.2895713	69.6468797	69.5513707	
10.17867	69.5170788	69.3681111	69.7265183	69.6299105	
10.18872	69.5964099	69.4466509	69.8058494	69.7084503	
10.1989	69.6768962	69.5251908	69.8863357	69.7869901	
10.20996	69.7654604	69.6037306	69.9749	69.86553	
10.21923	69.8400096	69.6822704	70.0494491	69.9440698	
10.22932	69.9218516	69.7608102	70.1312911	70.0226096	
10.23946	70.0047339	69.8480767	70.2141734	70.1098761	
10.24988	70.0905901	69.9266165	70.3000296	70.1971425	
10.25972	70.1721742	70.0138829	70.3816137	70.2756823	
10.26984	70.2567371	70.0924228	70.4661766	70.3542221	
10.29693	70.4889456	70.2495024	70.6983851	70.5200284	
10.30134	70.5264766	70.3542221	70.7359161	70.6247482	
10.31263	70.6238849	70.4414886	70.8333244	70.7120146	
10.32164	70.7018299	70.5287551	70.9112694	70.7992811	
10.33172	70.7898527	70.6160215	70.9992922	70.8952742	
10.34211	70.881168	70.7120146	71.0906075	70.9825407	
10.3521	70.9678002	70.8080078	71.1772397	71.0698071	
10.36217	71.0544667	70.8952742	71.2639062	71.1658003	
10.38053	71.2101823	71.0698071	71.4196219	71.3316065	
10.38503	71.2483936	71.1047137	71.4578331	71.3752398	
10.39515	71.3335836	71.2094335	71.5430231	71.4625062	
10.40527	71.4181458	71.2966999	71.6275853	71.5584993	
10.41551	71.5030986	71.3926931	71.7125381	71.6457658	
10.42554	71.5857314	71.4886862	71.7951709	71.7330323	
10.43572	71.6689856	71.5759526	71.8784251	71.8290254	
10.44585	71.7512608	71.6632191	71.9607003	71.9162918	
10.45597	71.8327644	71.7592122	72.0422039	72.0122849	
10.46609	71.9137059	71.8464787	72.1231454	72.0995514	
10.47616	71.9937312	71.9424718	72.2031707	72.1868179	
10.48638	72.0742889	72.0297382	72.2837284	72.2740843	
10.49647	72.1531805	72.1170047	72.36262	72.3613508	
10.50677	72.2331232	72.2042712	72.4425627	72.4398906	
10.51696	72.3116124	72.282811	72.5210519	72.5271571	
10.52709	72.3889774	72.3613508	72.5984169	72.6056969	
10.53718	72.4654701	72.4486173	72.6749096	72.6842367	
10.54727	72.5413794	72.5358837	72.7508189	72.7627765	
10.55741	72.6170074	72.6056969	72.8264469	72.8413163	
10.56756	72.6921929	72.6842367	72.9016324	72.9198561	
10.57784	72.7676428	72.7627765	72.9770823	72.9896693	
10.58798	72.8415158	72.8325897	73.0509553	73.0594825	
10.59797	72.9136999	72.9111295	73.1231394	73.1292957	
10.60805	72.9859065	72.9809427	73.195346	73.1991088	
10.61822	73.0581694	73.0507558	73.2676089	73.268922	
10.62836	73.1296442	73.1118424	73.3390837	73.3387352	
10.63848	73.2003011	73.1816555	73.4097407	73.4085483	
10.64883	73.2720395	73.2427421	73.481479	73.4696349	
10.65893	73.3413527	73.3125552	73.5507922	73.5307214	
10.66911	73.4106793	73.3736418	73.6201188	73.6005346	
10.67928	73.4792576	73.4434549	73.6886971	73.6616211	
10.68933	73.5465172	73.4958148	73.7559567	73.7227076	
10.69944	73.6135107	73.565628	73.8229502	73.7925208	
10.70985	73.6818619	73.6179878	73.8913014	73.8448807	
10.71976	73.7464069	73.687801	73.9558464	73.9059672	
10.7298	73.8111459	73.7576142	74.0205854	73.9670537	
10.73994	73.876007	73.8099741	74.0854465	74.0281402	
10.75008	73.9402022	73.8710606	74.1496417	74.0892267	
10.76047	74.0053653	73.9321471	74.2148048	74.1590399	
10.77211	74.077536	74.0019603	74.2869755	74.2201264	
10.78057	74.1295876	74.0630468	74.3390271	74.281213	
10.79069	74.1912803	74.1241333	74.4007199	74.3422995	
10.80087	74.2526705	74.1852199	74.46211	74.403386	
10.81112	74.3139374	74.2463064	74.523377	74.4731992	
10.82134	74.3744026	74.3161195	74.5838421	74.5342857	
10.83146	74.4336277	74.3684794	74.6430672	74.5953722	
10.84157	74.4922545	74.429566	74.701694	74.6564588	
10.85167	74.5502265	74.4906525	74.759666	74.7175453	
10.86189	74.6082108	74.5604656	74.8176503	74.7786318	
10.87198	74.664883	74.6128255	74.8743225	74.8397183	
10.88213	74.7213273	74.673912	74.9307668	74.9008048	
10.89225	74.776996	74.7349986	74.9864355	74.9618914	
10.90266	74.8336659	74.7873584	75.0431054	75.0229779	
10.91253	74.886728	74.8397183	75.0961675	75.0840644	
10.92276	74.9412382	74.9008048	75.1506777	75.1451509	
10.93288	74.9944323	74.9618914	75.2038718	75.1975108	
10.94296	75.0468819	75.0142513	75.2563214	75.2585973	
10.95308	75.0989816	75.0666111	75.3084211	75.3109572	
10.96324	75.1506481	75.118971	75.3600876	75.3633171	
10.97337	75.2015547	75.1713309	75.4109942	75.415677	
10.98355	75.252161	75.2236908	75.4616005	75.4680369	
10.99362	75.301584	75.267324	75.5110235	75.5291234	
11.00376	75.3507211	75.3196839	75.5601606	75.5727566	
11.01397	75.3996598	75.3633171	75.6090993	75.6251165	
11.02413	75.44774	75.415677	75.6571795	75.6774764	
11.03422	75.4948431	75.4680369	75.7042826	75.7211096	
11.04434	75.5415539	75.5116701	75.7509934	75.7734695	
11.05448	75.5877085	75.5553033	75.797148	75.8171027	
11.06458	75.6331248	75.5989366	75.8425643	75.8694626	
11.07475	75.6782565	75.6425698	75.887696	75.9130958	
11.08488	75.7226109	75.686203	75.9320504	75.956729	
11.09499	75.7662844	75.7298362	75.9757239	75.9916356	
11.10511	75.8093598	75.7734695	76.0187993	76.0352689	
11.11525	75.8519734	75.8171027	76.0614129	76.0789021	
11.12544	75.8942251	75.8520093	76.1036646	76.1138087	
11.13589	75.9368312	75.8956425	76.1462707	76.1574419	
11.14615	75.9781134	75.9392758	76.1875529	76.2010751	
11.1561	76.0175293	75.982909	76.2269688	76.2359817	
11.16623	76.0570907	76.0178156	76.2665302	76.2708883	
11.1764	76.0962309	76.0614488	76.3056704	76.3145215	
11.1865	76.1345018	76.0963554	76.3439413	76.3494281	
11.19663	76.172288	76.131262	76.3817275	76.3843347	
11.20677	76.2095022	76.1661686	76.4189417	76.4192413	
11.22543	76.2755502	76.2272551	76.4849897	76.4803278	
11.23015	76.2923247	76.2447084	76.5017642	76.4977811	
11.23994	76.3263723	76.279615	76.5358118	76.5326877	
11.25007	76.3610228	76.3145215	76.5704623	76.5675943	
11.26017	76.3950003	76.3407015	76.6044398	76.6025009	
11.27033	76.428596	76.3756081	76.6380355	76.6374075	
11.28185	76.465854	76.4105147	76.6752935	76.672314	
11.29064	76.4938763	76.4454212	76.7033159	76.698494	
11.30071	76.5255174	76.4803278	76.7349569	76.7334006	
11.31084	76.5565088	76.5152344	76.7659483	76.7595805	
11.32116	76.5876151	76.550141	76.7970546	76.7944871	
11.33145	76.6180009	76.5850476	76.8274404	76.8293937	
11.34143	76.6469011	76.6112275	76.8563406	76.8555736	
11.35163	76.6758423	76.6461341	76.8852818	76.8904802	
11.36182	76.7041696	76.672314	76.9136091	76.9166601	
11.37188	76.7315528	76.698494	76.9409923	76.9428401	
11.38202	76.758567	76.7246739	76.9680065	76.96902	
11.39213	76.784914	76.7595805	76.9943535	77.0039266	
11.40227	76.8107574	76.7857604	77.0201969	77.0301065	
11.41237	76.8359289	76.8119404	77.0453684	77.0562865	
11.42253	76.86063	76.8293937	77.0700696	77.0737398	
11.43305	76.8856053	76.8643003	77.0950448	77.0999197	
11.4431	76.9088895	76.8904802	77.118329	77.1260996	
11.45327	76.9318534	76.9079335	77.1412929	77.1435529	
11.46344	76.9542472	76.9341134	77.1636867	77.1697329	
11.47355	76.975912	76.9602934	77.1853515	77.1871862	
11.48367	76.9970547	76.9777467	77.2064942	77.2133661	
11.4938	77.0176095	77.0039266	77.227049	77.2308194	
11.50407	77.0378628	77.0213799	77.2473023	77.2482727	
11.51405	77.056991	77.0388332	77.2664305	77.265726	
11.52501	77.0773044	77.0562865	77.2867439	77.2831793	
11.53442	77.0942777	77.0737398	77.3037172	77.2919059	
11.54448	77.1118269	77.0911931	77.3212664	77.3093592	
11.55465	77.1290137	77.0999197	77.3384532	77.3180859	
11.56473	77.1454761	77.1086464	77.3549157	77.3355392	
11.57492	77.161554	77.1260996	77.3709935	77.3442658	
11.58504	77.1769269	77.1435529	77.3863664	77.3617191	
11.59515	77.1917358	77.1435529	77.4011753	77.3704457	
11.60528	77.2060207	77.1610062	77.4154602	77.3791724	
11.61546	77.21979	77.1697329	77.4292295	77.387899	
11.62622	77.2337112	77.1784595	77.4431507	77.4053523	
11.63572	77.245529	77.1871862	77.4549685	77.414079	
11.64585	77.2575634	77.1959128	77.4670029	77.4228056	
11.656	77.2690534	77.2046395	77.4784929	77.4315323	
11.66608	77.2799213	77.2133661	77.4893608	77.4402589	
11.67626	77.2903517	77.2133661	77.4997912	77.4489856	
11.68639	77.3001767	77.2308194	77.5096162	77.4577122	
11.69646	77.3094175	77.2308194	77.518857	77.4577122	
11.70665	77.318208	77.239546	77.5276475	77.4664388	
11.71697	77.3266161	77.2482727	77.5360556	77.4751655	
11.72751	77.3345172	77.2482727	77.5439568	77.4751655	
11.73707	77.3412784	77.2569993	77.5507179	77.4838921	
11.74715	77.3478826	77.265726	77.5573221	77.4838921	
11.75729	77.354011	77.265726	77.5634505	77.4926188	
11.76752	77.3596722	77.2744526	77.5691117	77.4926188	
11.77752	77.3647309	77.2744526	77.5741704	77.4926188	
11.78773	77.369391	77.2831793	77.5788305	77.5013454	
11.79781	77.3735181	77.2831793	77.5829576	77.5013454	
11.80795	77.377203	77.2831793	77.5866425	77.5013454	
11.81806	77.3804278	77.2831793	77.5898673	77.5013454	
11.82872	77.3833348	77.2831793	77.5927743	77.5013454	
11.83836	77.3856072	77.2831793	77.5950467	77.5013454	
11.84957	77.38775	77.2831793	77.5971895	77.5013454	
11.85887	77.3892288	77.2831793	77.5986683	77.5013454	
11.86905	77.3939228	77.2831793	77.6033623	77.5013454	
11.87963	77.3939228	77.2831793	77.6033623	77.5013454	
11.88926	77.3939228	77.2831793	77.6033623	77.5013454	
11.89941	77.3939228	77.2831793	77.6033623	77.5013454	
11.90951	77.3939228	77.2831793	77.6033623	77.5013454	
11.91963	77.3939228	77.2831793	77.6033623	77.5013454	
11.93107	77.3939228	77.2831793	77.6033623	77.5013454	
11.93989	77.3939228	77.2831793	77.6033623	77.5013454	
11.95007	77.3939228	77.2831793	77.6033623	77.5013454	
11.96016	77.3939228	77.2831793	77.6033623	77.5013454	
11.97024	77.3939228	77.2831793	77.6033623	77.5013454	
11.98042	77.3939228	77.2831793	77.6033623	77.5013454	
11.99099	77.3939228	77.2831793	77.6033623	77.5013454	
12.00113	77.3939228	77.2831793	77.6033623	77.5013454	
12.01127	77.3939228	77.2831793	77.6033623	77.5013454	
12.02136	77.3939228	77.2831793	77.6033623	77.5013454	
12.03252	77.3939228	77.2831793	77.6033623	77.5013454	
12.04203	77.3939228	77.2831793	77.6033623	77.5013454	
12.05218	77.3939228	77.2831793	77.6033623	77.5013454	
12.06231	77.3939228	77.2831793	77.6033623	77.5013454	
12.07239	77.3939228	77.2831793	77.6033623	77.5013454	
12.08255	77.3939228	77.2831793	77.6033623	77.5013454	
12.0927	77.3939228	77.2831793	77.6033623	77.5013454	
12.10285	77.3939228	77.2831793	77.6033623	77.5013454	
12.113	77.3939228	77.2831793	77.6033623	77.5013454	
12.12306	77.3939228	77.2831793	77.6033623	77.5013454	
12.13449	77.3939228	77.2831793	77.6033623	77.5013454	
12.14345	77.3939228	77.2831793	77.6033623	77.5013454	
12.15352	77.3939228	77.2831793	77.6033623	77.5013454	
12.1636	77.3939228	77.2831793	77.6033623	77.5013454	
12.17373	77.3939228	77.2831793	77.6033623	77.5013454	
12.1839	77.3939228	77.2831793	77.6033623	77.5013454	
12.19398	77.3939228	77.2831793	77.6033623	77.5013454	
12.20414	77.3939228	77.2831793	77.6033623	77.5013454	
12.21431	77.3939228	77.2831793	77.6033623	77.5013454	
12.22439	77.3939228	77.2831793	77.6033623	77.5013454	
12.2357	77.3939228	77.2831793	77.6033623	77.5013454	
12.24473	77.3939228	77.2831793	77.6033623	77.5013454	
12.25483	77.3939228	77.2831793	77.6033623	77.5013454	
12.26503	77.3939228	77.2831793	77.6033623	77.5013454	
12.27508	77.3939228	77.2831793	77.6033623	77.5013454	
12.29361	77.3939228	77.2831793	77.6033623	77.5013454	
12.29799	77.3939228	77.2831793	77.6033623	77.5013454	
12.30812	77.3939228	77.2831793	77.6033623	77.5013454	
12.31823	77.3939228	77.2831793	77.6033623	77.5013454	
12.32843	77.3939228	77.2831793	77.6033623	77.5013454	
12.33962	77.3939228	77.2831793	77.6033623	77.5013454	
12.34975	77.3939228	77.2831793	77.6033623	77.5013454	
12.35988	77.3939228	77.2831793	77.6033623	77.5013454	
12.37032	77.3939228	77.2831793	77.6033623	77.5013454	
12.38016	77.3939228	77.2831793	77.6033623	77.5013454	
12.39026	77.3939228	77.2831793	77.6033623	77.5013454	
12.40039	77.3939228	77.2831793	77.6033623	77.5013454	
12.41056	77.3939228	77.2831793	77.6033623	77.5013454	
12.42061	77.3939228	77.2831793	77.6033623	77.5013454	
12.43105	77.3939228	77.2831793	77.6033623	77.5013454	
12.44146	77.3939228	77.2831793	77.6033623	77.5013454	
12.45127	77.3939228	77.2831793	77.6033623	77.5013454	
12.46141	77.3939228	77.2831793	77.6033623	77.5013454	
12.47159	77.3939228	77.2831793	77.6033623	77.5013454	
12.48169	77.3939228	77.2831793	77.6033623	77.5013454	
12.49183	77.3939228	77.2831793	77.6033623	77.5013454	
12.50196	77.3939228	77.2831793	77.6033623	77.5013454	
12.51215	77.3939228	77.2831793	77.6033623	77.5013454	
12.52221	77.3939228	77.2831793	77.6033623	77.5013454	
12.5324	77.3939228	77.2831793	77.6033623	77.5013454	
12.54277	77.3939228	77.2831793	77.6033623	77.5013454	
12.55268	77.3939228	77.2831793	77.6033623	77.5013454	
12.5628	77.3939228	77.2831793	77.6033623	77.5013454	
12.57296	77.3939228	77.2831793	77.6033623	77.5013454	
12.58306	77.3939228	77.2831793	77.6033623	77.5013454	
12.59322	77.3939228	77.2831793	77.6033623	77.5013454	
12.60335	77.3939228	77.2831793	77.6033623	77.5013454	
12.61349	77.3939228	77.2831793	77.6033623	77.5013454	
12.62366	77.3939228	77.2831793	77.6033623	77.5013454	
12.63374	77.3939228	77.2831793	77.6033623	77.5013454	
12.64398	77.3939228	77.2831793	77.6033623	77.5013454	
12.65415	77.3939228	77.2831793	77.6033623	77.5013454	
12.6642	77.3939228	77.2831793	77.6033623	77.5013454	
12.67433	77.3939228	77.2831793	77.6033623	77.5013454	
12.68445	77.3939228	77.2831793	77.6033623	77.5013454	
12.69458	77.3939228	77.2831793	77.6033623	77.5013454	
12.70473	77.3939228	77.2831793	77.6033623	77.5013454	
12.71486	77.3939228	77.2831793	77.6033623	77.5013454	
12.72498	77.3939228	77.2831793	77.6033623	77.5013454	
12.7351	77.3939228	77.2831793	77.6033623	77.5013454	
12.74528	77.3939228	77.2831793	77.6033623	77.5013454	
12.75554	77.3939228	77.2831793	77.6033623	77.5013454	
12.76559	77.3939228	77.2831793	77.6033623	77.5013454	
12.77574	77.3939228	77.2831793	77.6033623	77.5013454	
12.78582	77.3939228	77.2831793	77.6033623	77.5013454	
12.79597	77.3939228	77.2831793	77.6033623	77.5013454	
12.80612	77.3939228	77.2831793	77.6033623	77.5013454	
12.81624	77.3939228	77.2831793	77.6033623	77.5013454	
12.82636	77.3939228	77.2831793	77.6033623	77.5013454	
12.83646	77.3939228	77.2831793	77.6033623	77.5013454	
12.84673	77.3939228	77.2831793	77.6033623	77.5013454	
12.85684	77.3939228	77.2831793	77.6033623	77.5013454	
12.86694	77.3939228	77.2831793	77.6033623	77.5013454	
12.87708	77.3939228	77.2831793	77.6033623	77.5013454	
12.8872	77.3939228	77.2831793	77.6033623	77.5013454	
12.89731	77.3939228	77.2831793	77.6033623	77.5013454	
12.90743	77.3939228	77.2831793	77.6033623	77.5013454	
12.91754	77.3939228	77.2831793	77.6033623	77.5013454	
12.92774	77.3939228	77.2831793	77.6033623	77.5013454	
12.93814	77.3939228	77.2831793	77.6033623	77.5013454	
12.94802	77.3939228	77.2831793	77.6033623	77.5013454	
12.95817	77.3939228	77.2831793	77.6033623	77.5013454	
12.96823	77.3939228	77.2831793	77.6033623	77.5013454	
12.97833	77.3939228	77.2831793	77.6033623	77.5013454	
12.98845	77.3939228	77.2831793	77.6033623	77.5013454	
12.99864	77.3939228	77.2831793	77.6033623	77.5013454	
13.00878	77.3939228	77.2831793	77.6033623	77.5013454	
13.0189	77.3939228	77.2831793	77.6033623	77.5013454	
13.02909	77.3939228	77.2831793	77.6033623	77.5013454	
13.03963	77.3939228	77.2831793	77.6033623	77.5013454	
13.04937	77.3939228	77.2831793	77.6033623	77.5013454	
13.05945	77.3939228	77.2831793	77.6033623	77.5013454	
13.06956	77.3939228	77.2831793	77.6033623	77.5013454	
13.0797	77.3939228	77.2831793	77.6033623	77.5013454	
13.08989	77.3939228	77.2831793	77.6033623	77.5013454	
13.09996	77.3939228	77.2831793	77.6033623	77.5013454	
13.11013	77.3939228	77.2831793	77.6033623	77.5013454	
13.12019	77.3939228	77.2831793	77.6033623	77.5013454	
13.13029	77.3939228	77.2831793	77.6033623	77.5013454	
13.14981	77.3939228	77.2831793	77.6033623	77.5013454	
13.15417	77.3939228	77.2831793	77.6033623	77.5013454	
13.16427	77.3939228	77.2831793	77.6033623	77.5013454	
13.17447	77.3939228	77.2831793	77.6033623	77.5013454	
13.18456	77.3939228	77.2831793	77.6033623	77.5013454	
13.19469	77.3939228	77.2831793	77.6033623	77.5013454	
13.20489	77.3939228	77.2831793	77.6033623	77.5013454	
13.21503	77.3939228	77.2831793	77.6033623	77.5013454	
13.22517	77.3939228	77.2831793	77.6033623	77.5013454	
13.23526	77.3939228	77.2831793	77.6033623	77.5013454	
13.24542	77.3939228	77.2831793	77.6033623	77.5013454	
13.25568	77.3939228	77.2831793	77.6033623	77.5013454	
13.26572	77.3939228	77.2831793	77.6033623	77.5013454	
13.28713	77.3939228	77.2831793	77.6033623	77.5013454	
13.29168	77.3939228	77.2831793	77.6033623	77.5013454	
13.30185	77.3939228	77.2831793	77.6033623	77.5013454	
