13.98676	
13.99692	
14.00702	
14.01713	
14.0273	
14.03743	
14.04756	
14.0577	
14.06779	
14.07792	
14.08813	
14.0982	
14.10834	
14.11851	
14.12859	
14.13874	
14.14889	
14.15903	
14.16915	
14.1793	
14.18944	
14.19961	
14.20963	
14.21981	
14.23012	
14.24044	
14.25055	
14.26063	
14.2708	
14.28091	
14.29146	
14.30157	
14.31167	
14.32177	
14.33189	
14.35029	
14.35452	
14.36466	
14.37476	
14.38488	
14.39509	
14.4052	
14.4153	
14.42553	
14.43558	
14.44578	
14.45597	
14.46604	
14.47618	
14.48627	
14.49646	
14.50659	
14.51673	
14.52686	
14.53699	
14.54711	
14.55726	
14.56741	
14.57755	
14.58767	
14.59782	
14.60806	
14.61811	
14.62822	
14.63836	
14.64941	
14.65968	
14.66976	
14.67993	
14.69007	
14.70015	
14.71832	
14.72249	
14.73266	
14.74281	
14.75294	
14.76303	
14.77315	
14.78327	
14.7934	
14.80357	
14.81367	
14.82377	
14.83393	
14.84408	
14.85421	
14.86438	
14.87579	
14.88462	
14.89485	
14.90489	
14.9152	
14.92513	
14.9353	
14.9455	
14.95556	
14.9657	
14.97593	
14.98597	
14.99612	
15.00624	
15.01642	
15.02655	
15.03665	
15.04684	
15.05689	
15.06708	
15.07715	
15.08734	
15.09753	
15.10755	
15.11775	
15.12808	
15.13802	
15.14816	
15.15826	
15.16843	
15.17851	
15.18866	
15.19881	
15.20892	
15.21905	
15.22918	
15.23931	
15.2495	
15.25962	
15.2697	
15.27984	
15.28997	
15.3001	
15.3102	
15.32038	
15.33042	
15.34061	
15.3508	
15.36086	
15.37097	
15.38109	
15.39123	
15.40135	
15.41146	
15.42159	
15.43171	
15.44184	
15.45203	
15.46215	
15.47227	
15.48241	
15.49248	
15.50259	
15.51272	
15.52281	
15.53298	
15.54343	
15.55322	
15.5634	
15.57356	
15.58365	
15.59433	
15.60424	
15.61548	
15.62453	
15.63462	
15.64473	
15.65492	
15.665	
15.6751	
15.68529	
15.69543	
15.7056	
15.71568	
15.72579	
15.73593	
15.74609	
15.75624	
15.76792	90.3132897	90.3120621	90.5227292	90.5215017	
15.77798	90.3149058	90.3120621	90.5243453	90.5215017	
15.78811	90.3171507	90.3120621	90.5265902	90.5302283	
15.79827	90.3200236	90.3207888	90.5294631	90.5302283	
15.80846	90.3235263	90.3207888	90.5329658	90.5389549	
15.81855	90.3276029	90.3295154	90.5370424	90.5389549	
15.82862	90.3322835	90.3382421	90.541723	90.5476816	
15.83885	90.3376633	90.3382421	90.5471028	90.5476816	
15.84892	90.3435696	90.3382421	90.5530091	90.5564082	
15.85933	90.3503359	90.3469687	90.5597754	90.5651349	
15.86951	90.3575655	90.3556954	90.567005	90.5738615	
15.87985	90.3655568	90.364422	90.5749963	90.5825882	
15.88983	90.3738543	90.3731487	90.5832938	90.5913148	
15.90006	90.3829971	90.3731487	90.5924366	90.6000415	
15.91012	90.3925819	90.3818753	90.6020214	90.6087681	
15.92027	90.4028813	90.390602	90.6123208	90.6174948	
15.93033	90.4136975	90.3993286	90.623137	90.6174948	
15.94049	90.4252318	90.3993286	90.6346713	90.6262214	
15.95057	90.437301	90.4080553	90.6467406	90.6349481	
15.96098	90.4504172	90.4080553	90.6598567	90.6349481	
15.97092	90.4635148	90.4080553	90.6729543	90.6436747	
15.9811	90.4775545	90.4167819	90.686994	90.6524013	
15.99122	90.4921268	90.4255085	90.7015663	90.6524013	
16.00138	90.5073737	90.4342352	90.7168132	90.6524013	
16.01151	90.5232032	90.4429618	90.7326427	90.661128	
16.02166	90.5396677	90.4429618	90.7491072	90.6698546	
16.03176	90.5566859	90.4516885	90.7661254	90.6785813	
16.0419	90.5743557	90.4691418	90.7837952	90.6873079	
16.05204	90.5926716	90.4778684	90.8021111	90.6960346	
16.06257	90.6123679	90.4953217	90.8218074	90.7047612	
16.07239	90.631287	90.512775	90.8407265	90.7222145	
16.08244	90.6512581	90.5302283	90.8606976	90.7396678	
16.09255	90.6719549	90.5476816	90.8813944	90.7571211	
16.10272	90.6934117	90.5651349	90.9028512	90.7745744	
16.11293	90.7155663	90.5825882	90.9250058	90.7920277	
16.12294	90.7378907	90.6000415	90.9473302	90.809481	
16.13309	90.7611545	90.6174948	90.970594	90.8269343	
16.14323	90.7850025	90.6436747	90.994442	90.8618409	
16.15333	90.8093745	90.6698546	91.018814	90.8792942	
16.17284	90.8593162	90.7222145	91.0687557	90.9403807	
16.17724	90.8704528	90.7309412	91.0798923	90.957834	
16.18736	90.8969293	90.7571211	91.1063688	90.9840139	
16.19752	90.9241611	90.7920277	91.1336007	91.0189205	
16.20761	90.9517841	90.8269343	91.1612236	91.0625537	
16.21779	90.9802921	90.8705675	91.1897316	91.0974603	
16.22788	91.0091447	90.9054741	91.2185842	91.1323669	
16.24799	91.0697082	90.9840139	91.2791477	91.2109067	
16.25237	91.0827769	91.0014672	91.2922164	91.22836	
16.26279	91.1148097	91.0451004	91.3242492	91.2719932	
16.27319	91.1473923	91.0887337	91.3568318	91.3156265	
16.28276	91.1778805	91.1236402	91.38732	91.350533	
16.29286	91.2106923	91.1672735	91.4201318	91.3941663	
16.30332	91.245396	91.2109067	91.4548355	91.4377995	
16.31306	91.2781801	91.2458133	91.4876196	91.4727061	
16.32323	91.3130949	91.2894465	91.5225344	91.5163393	
16.33337	91.3485158	91.3243531	91.5579554	91.5512459	
16.34352	91.3845828	91.3679863	91.5940224	91.5948791	
16.35374	91.4215309	91.4028929	91.6309705	91.6297857	
16.36378	91.4584313	91.4465262	91.6678708	91.673419	
16.3742	91.4974567	91.4901594	91.7068962	91.7170522	
16.38432	91.5358706	91.525066	91.7453101	91.7519588	
16.39466	91.575815	91.5599726	91.7852545	91.795592	
16.40452	91.6144032	91.6036058	91.8238427	91.8392252	
16.4146	91.6545619	91.647239	91.8640014	91.8741318	
16.42481	91.6958356	91.6908723	91.9052751	91.9090384	
16.43489	91.737156	91.7257788	91.9465955	91.9526716	
16.44506	91.7794894	91.7694121	91.9889289	91.9875782	
16.45518	91.8222662	91.8043187	92.0317057	92.0312115	
16.4653	91.8656189	91.8392252	92.0750585	92.066118	
16.4766	91.914838	91.8828585	92.1242775	92.1097513	
16.48704	91.9609828	91.9264917	92.1704223	92.1533845	
16.49685	92.0048187	91.9613983	92.2142582	92.1882911	
16.5072	92.0517653	92.0050315	92.2612048	92.2319243	
16.51728	92.0980882	92.0399381	92.3075277	92.2755576	
16.5274	92.1452246	92.0835713	92.3546641	92.3104641	
16.53763	92.1935144	92.1272046	92.4029539	92.3540974	
16.54768	92.2415363	92.1708378	92.4509758	92.3977306	
16.55783	92.2906817	92.214471	92.5001212	92.4413638	
16.56793	92.3401612	92.2581043	92.5496008	92.4937237	
16.5781	92.3906264	92.3104641	92.6000659	92.5373569	
16.58829	92.4418196	92.362824	92.6512591	92.5897168	
16.59842	92.4933152	92.4064572	92.7027547	92.6420767	
16.60859	92.5456359	92.4588171	92.7550754	92.6857099	
16.61861	92.5977723	92.511177	92.8072118	92.7380698	
16.62879	92.6513624	92.5722635	92.8608019	92.7904297	
16.63893	92.7053952	92.6246234	92.9148347	92.8515162	
16.64975	92.7638189	92.6769833	92.9732584	92.9038761	
16.65914	92.8148982	92.7380698	93.0243377	92.956236	
16.66927	92.8706609	92.7991563	93.0801005	93.0173225	
16.67944	92.9273216	92.8515162	93.1367611	93.078409	
16.68966	92.9848607	92.9213294	93.1943002	93.1394955	
16.69974	93.0422397	92.9824159	93.2516792	93.2005821	
16.70987	93.1005149	93.0435024	93.3099544	93.2616686	
16.72004	93.1596598	93.1133156	93.3690993	93.3227551	
16.73011	93.2187756	93.1744021	93.4282151	93.3838416	
16.74027	93.2790536	93.2354886	93.4884931	93.4449282	
16.75037	93.3396705	93.3053018	93.54911	93.5147413	
16.76058	93.4014849	93.375115	93.6109244	93.5845545	
16.77061	93.4628254	93.4362015	93.6722649	93.645641	
16.78086	93.526161	93.5060147	93.7356005	93.7154542	
16.79098	93.5892598	93.5671012	93.7986993	93.7765407	
16.8014	93.6549543	93.6369144	93.8643938	93.8463539	
16.81148	93.71908	93.6980009	93.9285195	93.916167	
16.8216	93.7841085	93.7590874	93.993548	93.9772536	
16.83173	93.8497718	93.8289006	94.0592113	94.0470667	
16.8419	93.9163226	93.8987138	94.1257621	94.1081533	
16.85209	93.983601	93.9598003	94.1930405	94.1779664	
16.86216	94.0507653	94.0208868	94.2602048	94.2477796	
16.87266	94.121417	94.0819733	94.3308565	94.3175928	
16.8828	94.1902586	94.1430599	94.3996981	94.3874059	
16.89289	94.2594601	94.212873	94.4688996	94.4572191	
16.90308	94.3298481	94.2826862	94.5392876	94.5183056	
16.91315	94.4000179	94.3437727	94.6094574	94.5881188	
16.92329	94.4713368	94.4135859	94.6807763	94.657932	
16.93343	94.5432441	94.4746724	94.7526836	94.7277452	
16.9514	94.6730749	94.5968455	94.8825144	94.8411916	
16.95573	94.7042794	94.631752	94.9137189	94.8760981	
16.96586	94.7781004	94.6928386	94.9875399	94.9459113	
16.976	94.8526411	94.7626517	95.0620806	95.0157245	
16.98617	94.9280167	94.8411916	95.1374562	95.0855376	
16.99635	95.0040811	94.9110047	95.2135206	95.1553508	
17.00666	95.0817969	94.9808179	95.2912364	95.225164	
17.01662	95.1573461	95.0506311	95.3667856	95.3037038	
17.02676	95.234922	95.1204442	95.4443615	95.373517	
17.0369	95.3131377	95.1989841	95.5225772	95.4520568	
17.04707	95.392214	95.2775239	95.6016535	95.5305966	
17.05716	95.4713244	95.3647903	95.6807639	95.6091364	
17.06725	95.5509744	95.4433301	95.7604139	95.6964029	
17.07739	95.6316775	95.5305966	95.841117	95.7749427	
17.08791	95.7161537	95.6091364	95.9255933	95.8534825	
17.09784	95.7963337	95.6964029	96.0057732	95.9494756	
17.10788	95.8780262	95.7836693	96.0874657	96.0280154	
17.11808	95.9616829	95.8709358	96.1711224	96.1152819	
17.12819	96.045187	95.9582023	96.2546265	96.2025484	
17.13835	96.1297667	96.0541954	96.3392062	96.2898148	
17.14864	96.2160511	96.1327352	96.4254906	96.3770813	
17.15863	96.3003756	96.2287283	96.5098151	96.4643478	
17.16875	96.3865017	96.3247214	96.5959412	96.5516142	
17.17883	96.4728102	96.4119879	96.6822497	96.6476073	
17.18908	96.5612448	96.507981	96.7706843	96.7348738	
17.19922	96.6493879	96.6039741	96.8588274	96.8308669	
17.20935	96.7379452	96.6912406	96.9473847	96.9181334	
17.21949	96.8273486	96.7959603	97.0367881	97.0053998	
17.22994	96.9183186	96.8832268	97.1277582	97.1013929	
17.24143	97.0171585	96.9966732	97.2265981	97.2148393	
17.25152	97.1034696	97.0839396	97.3129092	97.3021058	
17.26162	97.1892691	97.1799328	97.3987086	97.3893723	
17.27177	97.2749141	97.2759259	97.4843536	97.494092	
17.28193	97.3601378	97.3631923	97.5695773	97.5813585	
17.2922	97.4454792	97.4591854	97.6549187	97.6773516	
17.30225	97.5284885	97.5464519	97.737928	97.7646181	
17.31244	97.6120248	97.6337184	97.8214643	97.8518845	
17.32249	97.6937776	97.7297115	97.9032171	97.9478776	
17.33285	97.7774868	97.8082513	97.9869263	98.0351441	
17.34272	97.8565555	97.9042444	98.065995	98.1224105	
17.35287	97.9373292	97.9827842	98.1467687	98.209677	
17.36298	98.0171869	98.0700507	98.2266264	98.2969435	
17.37306	98.0961821	98.1573171	98.3056216	98.3754833	
17.38323	98.1753126	98.2358569	98.3847521	98.4627498	
17.39341	98.2538899	98.3231234	98.4633295	98.5412896	
17.40356	98.3315268	98.4016632	98.5409663	98.6198294	
17.41366	98.4082912	98.480203	98.6177307	98.6983692	
17.42379	98.4846212	98.5587429	98.6940607	98.776909	
17.43413	98.5618716	98.6372827	98.7713111	98.8467222	
17.44426	98.6370168	98.7158225	98.8464563	98.925262	
17.45438	98.7114806	98.7856357	98.9209201	98.9950752	
17.46457	98.7858195	98.8554488	98.995259	99.0648883	
17.47463	98.8585998	98.925262	99.0680393	99.1347015	
17.4848	98.9315175	98.9950752	99.140957	99.2045147	
17.49504	99.0044623	99.0648883	99.2139018	99.2743279	
17.50514	99.0756144	99.1347015	99.2850539	99.344141	
17.51525	99.146378	99.2045147	99.3558175	99.4139542	
17.52536	99.2164328	99.2743279	99.4258723	99.4750407	
17.53558	99.2867313	99.344141	99.4961709	99.5448539	
17.54574	99.3559535	99.4139542	99.565393	99.6059404	
17.55583	99.4240716	99.4750407	99.6335111	99.6757536	
17.56597	99.4920104	99.5361272	99.7014499	99.7368401	
17.57606	99.5589274	99.6059404	99.7683669	99.7979266	
17.58725	99.6324239	99.6670269	99.8418634	99.8677398	
17.5966	99.6933481	99.7281135	99.9027876	99.9288263	
17.60658	99.7577564	99.7979266	99.9671959	99.9899128	
17.61675	99.8227612	99.8502865	100.032201	100.050999	
17.62678	99.8863181	99.911373	100.095758	100.112086	
17.63697	99.9502324	99.9724596	100.159672	100.181899	
17.64714	100.013411	100.033546	100.22285	100.242986	
17.65728	100.075845	100.094633	100.285285	100.295345	
17.66736	100.137251	100.155719	100.34669	100.356432	
17.67748	100.198331	100.216806	100.40777	100.426245	
17.68845	100.263854	100.269166	100.473294	100.478605	
17.69791	100.319752	100.330252	100.529191	100.539692	
17.70796	100.378614	100.391339	100.588053	100.600778	
17.71811	100.43741	100.443698	100.646849	100.661865	
17.72826	100.495621	100.496058	100.705061	100.722951	
17.73841	100.553258	100.557145	100.762698	100.775311	
17.74849	100.60985	100.609505	100.81929	100.836398	
17.75864	100.666281	100.670591	100.87572	100.897484	
17.76879	100.722028	100.722951	100.931467	100.949844	
17.77892	100.777114	100.775311	100.986554	101.01093	
17.78973	100.835367	100.827671	101.044806	101.06329	
17.79927	100.885928	100.888757	101.095367	101.124377	
17.80961	100.940217	100.949844	101.149657	101.176737	
17.81972	100.992745	101.002204	101.202184	101.229097	
17.83002	101.046038	101.054564	101.255478	101.281456	
17.83997	101.09617	101.106924	101.305609	101.333816	
17.85012	101.147108	101.159283	101.356548	101.386176	
17.86024	101.197299	101.211643	101.406738	101.438536	
17.87036	101.24682	101.264003	101.456259	101.490896	
17.88191	101.30258	101.316363	101.512019	101.543256	
17.89093	101.345766	101.368723	101.555205	101.586889	
17.90084	101.392462	101.412356	101.601902	101.639249	
17.91095	101.439576	101.464716	101.649016	101.682882	
17.92105	101.486036	101.508349	101.695476	101.735242	
17.93113	101.531817	101.560709	101.741257	101.787602	
17.94144	101.578012	101.613069	101.787452	101.831235	
17.95144	101.622249	101.656702	101.831689	101.883595	
17.96157	101.666421	101.709062	101.875861	101.927228	
17.97168	101.709921	101.752695	101.91936	101.970862	
17.98194	101.753461	101.796329	101.962901	102.014495	
17.99214	101.796197	101.839962	102.005637	102.058128	
18.00219	101.837591	101.883595	102.047031	102.101761	
18.01224	101.878444	101.927228	102.087884	102.145394	
18.02241	101.919181	101.962135	102.12862	102.189028	
18.0325	101.959016	102.005768	102.168455	102.232661	
18.04288	101.999372	102.049401	102.208812	102.267568	
18.05275	102.037151	102.093035	102.24659	102.311201	
18.06289	102.075393	102.127941	102.284832	102.346107	
18.07297	102.11281	102.171574	102.322249	102.381014	
18.08308	102.14974	102.206481	102.35918	102.415921	
18.09331	102.18651	102.241388	102.395949	102.450827	
18.1034	102.222155	102.276294	102.431595	102.485734	
18.11359	102.257537	102.311201	102.466977	102.52064	
18.12363	102.291819	102.346107	102.501259	102.555547	
18.13376	102.325833	102.372287	102.535272	102.590453	
18.14415	102.360084	102.407194	102.569523	102.616633	
18.15432	102.393015	102.433374	102.602455	102.642813	
18.16443	102.425157	102.46828	102.634597	102.67772	
18.17455	102.456716	102.49446	102.666155	102.7039	
18.18465	102.487666	102.52064	102.697106	102.73008	
18.19587	102.521259	102.555547	102.730698	102.764986	
18.205	102.548153	102.581727	102.757593	102.791166	
18.21515	102.577408	102.607907	102.786848	102.817346	
18.22523	102.605913	102.634087	102.815352	102.8348	
18.2452	102.65952	102.686447	102.86896	102.887159	
18.24962	102.671447	102.695173	102.880886	102.895886	
18.2597	102.697943	102.721353	102.907383	102.922066	
18.26988	102.724106	102.747533	102.933546	102.939519	
18.27996	102.749429	102.764986	102.958869	102.965699	
18.29009	102.774283	102.791166	102.983722	102.991879	
18.3006	102.799434	102.80862	103.008874	103.009332	
18.31038	102.82229	102.8348	103.031729	103.026786	
18.32053	102.845438	102.852253	103.054877	103.052966	
18.33057	102.867748	102.869706	103.077187	103.070419	
18.34117	102.890662	102.895886	103.100101	103.096599	
18.35092	102.911187	102.913339	103.120627	103.114052	
18.36102	102.931891	102.939519	103.14133	103.131506	
18.37115	102.952054	102.956973	103.161493	103.148959	
18.38124	102.97159	102.974426	103.181029	103.175139	
18.39144	102.99073	102.991879	103.200169	103.192592	
18.4019	103.009734	103.009332	103.219174	103.210045	
18.4117	103.027002	103.035512	103.236441	103.227499	
18.42181	103.0443	103.052966	103.25374	103.244952	
18.43192	103.060917	103.070419	103.270356	103.262405	
18.45044	103.089113	103.087872	103.298552	103.279858	
18.45479	103.095788	103.114052	103.305228	103.297312	
18.46495	103.110679	103.122779	103.320118	103.314765	
18.47507	103.124932	103.140232	103.334371	103.332218	
18.48517	103.138601	103.148959	103.34804	103.349672	
18.49535	103.151808	103.166412	103.361247	103.358398	
18.50554	103.164463	103.175139	103.373903	103.375852	
18.51565	103.176464	103.183865	103.385904	103.393305	
18.52575	103.18789	103.201319	103.39733	103.402032	
18.5359	103.198823	103.210045	103.408262	103.419485	
18.54607	103.209226	103.218772	103.418666	103.428211	
18.55621	103.219039	103.227499	103.428479	103.436938	
18.56635	103.228315	103.236225	103.437754	103.445665	
18.57653	103.237077	103.244952	103.446516	103.454391	
18.58662	103.245224	103.253679	103.454664	103.463118	
18.59679	103.252906	103.253679	103.462345	103.471845	
18.60705	103.260107	103.262405	103.469546	103.480571	
18.61713	103.266673	103.271132	103.476112	103.480571	
18.62726	103.272754	103.271132	103.482194	103.489298	
18.63735	103.278308	103.279858	103.487747	103.489298	
18.64752	103.283402	103.279858	103.492842	103.489298	
18.65767	103.287993	103.279858	103.497433	103.489298	
18.66777	103.292085	103.279858	103.501524	103.489298	
18.67792	103.295728	103.279858	103.505168	103.489298	
18.68802	103.298905	103.279858	103.508344	103.489298	
18.69818	103.301661	103.279858	103.511101	103.489298	
18.70838	103.304009	103.279858	103.513449	103.489298	
18.7185	103.305947	103.279858	103.515386	103.489298	
18.7286	103.307523	103.279858	103.516963	103.489298	
18.73874	103.312062	103.279858	103.521502	103.489298	
18.74884	103.312062	103.279858	103.521502	103.489298	
18.75907	103.312062	103.279858	103.521502	103.489298	
18.76918	103.312062	103.279858	103.521502	103.489298	
18.77929	103.312062	103.279858	103.521502	103.489298	
18.7895	103.312062	103.279858	103.521502	103.489298	
18.79975	103.312062	103.279858	103.521502	103.489298	
18.80986	103.312062	103.279858	103.521502	103.489298	
18.81993	103.312062	103.279858	103.521502	103.489298	
18.83004	103.312062	103.279858	103.521502	103.489298	
18.84019	103.312062	103.279858	103.521502	103.489298	
18.85027	103.312062	103.279858	103.521502	103.489298	
18.86045	103.312062	103.279858	103.521502	103.489298	
18.87056	103.312062	103.279858	103.521502	103.489298	
18.88206	103.312062	103.279858	103.521502	103.489298	
18.89083	103.312062	103.279858	103.521502	103.489298	
18.9012	103.312062	103.279858	103.521502	103.489298	
18.91118	103.312062	103.279858	103.521502	103.489298	
18.92123	103.312062	103.279858	103.521502	103.489298	
18.93134	103.312062	103.279858	103.521502	103.489298	
18.94146	103.312062	103.279858	103.521502	103.489298	
18.95161	103.312062	103.279858	103.521502	103.489298	
18.96173	103.312062	103.279858	103.521502	103.489298	
18.97186	103.312062	103.279858	103.521502	103.489298	
18.98217	103.312062	103.279858	103.521502	103.489298	
18.99219	103.312062	103.279858	103.521502	103.489298	
19.00261	103.312062	103.279858	103.521502	103.489298	
19.01245	103.312062	103.279858	103.521502	103.489298	
19.02254	103.312062	103.279858	103.521502	103.489298	
19.03271	103.312062	103.279858	103.521502	103.489298	
19.04277	103.312062	103.279858	103.521502	103.489298	
19.05293	103.312062	103.279858	103.521502	103.489298	
19.06312	103.312062	103.279858	103.521502	103.489298	
19.07314	103.312062	103.279858	103.521502	103.489298	
19.0833	103.312062	103.279858	103.521502	103.489298	
19.09342	103.312062	103.279858	103.521502	103.489298	
19.11285	103.312062	103.279858	103.521502	103.489298	
19.11723	103.312062	103.279858	103.521502	103.489298	
19.12735	103.312062	103.279858	103.521502	103.489298	
19.13751	103.312062	103.279858	103.521502	103.489298	
19.14758	103.312062	103.279858	103.521502	103.489298	
19.15779	103.312062	103.279858	103.521502	103.489298	
19.16792	103.312062	103.279858	103.521502	103.489298	
19.17808	103.312062	103.279858	103.521502	103.489298	
19.18818	103.312062	103.279858	103.521502	103.489298	
19.19829	103.312062	103.279858	103.521502	103.489298	
19.20989	103.312062	103.279858	103.521502	103.489298	
19.21859	103.312062	103.279858	103.521502	103.489298	
19.22871	103.312062	103.279858	103.521502	103.489298	
19.23883	103.312062	103.279858	103.521502	103.489298	
19.24894	103.312062	103.279858	103.521502	103.489298	
19.25912	103.312062	103.279858	103.521502	103.489298	
19.26924	103.312062	103.279858	103.521502	103.489298	
19.27943	103.312062	103.279858	103.521502	103.489298	
19.28992	103.312062	103.279858	103.521502	103.489298	
19.29992	103.312062	103.279858	103.521502	103.489298	
19.31122	103.312062	103.279858	103.521502	103.489298	
19.31994	103.312062	103.279858	103.521502	103.489298	
19.33007	103.312062	103.279858	103.521502	103.489298	
19.3402	103.312062	103.279858	103.521502	103.489298	
19.35028	103.312062	103.279858	103.521502	103.489298	
19.36051	103.312062	103.279858	103.521502	103.489298	
19.37057	103.312062	103.279858	103.521502	103.489298	
19.38064	103.312062	103.279858	103.521502	103.489298	
19.39082	103.312062	103.279858	103.521502	103.489298	
19.40126	103.312062	103.279858	103.521502	103.489298	
19.41237	103.312062	103.279858	103.521502	103.489298	
19.42122	103.312062	103.279858	103.521502	103.489298	
19.43132	103.312062	103.279858	103.521502	103.489298	
19.44145	103.312062	103.279858	103.521502	103.489298	
19.45159	103.312062	103.279858	103.521502	103.489298	
19.46171	103.312062	103.279858	103.521502	103.489298	
19.47184	103.312062	103.279858	103.521502	103.489298	
19.48207	103.312062	103.279858	103.521502	103.489298	
19.49212	103.312062	103.279858	103.521502	103.489298	
19.50262	103.312062	103.279858	103.521502	103.489298	
19.51405	103.312062	103.279858	103.521502	103.489298	
19.52245	103.312062	103.279858	103.521502	103.489298	
19.53262	103.312062	103.279858	103.521502	103.489298	
19.54273	103.312062	103.279858	103.521502	103.489298	
19.55285	103.312062	103.279858	103.521502	103.489298	
19.56298	103.312062	103.279858	103.521502	103.489298	
19.57307	103.312062	103.279858	103.521502	103.489298	
19.58326	103.312062	103.279858	103.521502	103.489298	
19.59336	103.312062	103.279858	103.521502	103.489298	
19.60351	103.312062	103.279858	103.521502	103.489298	
19.6155	103.312062	103.279858	103.521502	103.489298	
19.62395	103.312062	103.279858	103.521502	103.489298	
19.63415	103.312062	103.279858	103.521502	103.489298	
19.64424	103.312062	103.279858	103.521502	103.489298	
19.65528	103.312062	103.279858	103.521502	103.489298	
19.66467	103.312062	103.279858	103.521502	103.489298	
19.67476	103.312062	103.279858	103.521502	103.489298	
19.68486	103.312062	103.279858	103.521502	103.489298	
19.69503	103.312062	103.279858	103.521502	103.489298	
19.70514	103.312062	103.279858	103.521502	103.489298	
19.71662	103.312062	103.279858	103.521502	103.489298	
19.72544	103.312062	103.288585	103.521502	103.489298	
19.7356	103.312062	103.288585	103.521502	103.489298	
19.74574	103.312062	103.288585	103.521502	103.489298	
19.75583	103.312062	103.288585	103.521502	103.489298	
19.76605	103.312062	103.288585	103.521502	103.489298	
19.77614	103.312062	103.288585	103.521502	103.489298	
19.78626	103.312062	103.288585	103.521502	103.489298	
19.79641	103.312062	103.288585	103.521502	103.489298	
19.8065	103.312062	103.288585	103.521502	103.489298	
19.81784	103.312062	103.288585	103.521502	103.489298	
19.8268	103.312062	103.288585	103.521502	103.489298	
19.83696	103.312062	103.288585	103.521502	103.489298	
19.84708	103.312062	103.288585	103.521502	103.489298	
19.85719	103.312062	103.288585	103.521502	103.489298	
19.86736	103.312062	103.288585	103.521502	103.489298	
19.87747	103.312062	103.288585	103.521502	103.489298	
19.88763	103.312062	103.288585	103.521502	103.489298	
19.89785	103.312062	103.288585	103.521502	103.489298	
19.90793	103.312062	103.288585	103.521502	103.489298	
19.91934	103.312062	103.288585	103.521502	103.489298	
19.92819	103.312062	103.288585	103.521502	103.489298	
19.93837	103.312062	103.288585	103.521502	103.489298	
19.9485	103.312062	103.288585	103.521502	103.489298	
19.95859	103.312062	103.288585	103.521502	103.489298	
19.96882	103.312062	103.288585	103.521502	103.489298	
19.9789	103.312062	103.288585	103.521502	103.489298	
19.98903	103.312062	103.288585	103.521502	103.489298	
19.99919	103.312062	103.288585	103.521502	103.489298	
20.00927	103.312062	103.288585	103.521502	103.489298	
20.02047	103.312062	103.288585	103.521502	103.489298	
20.0296	103.312062	103.288585	103.521502	103.489298	
20.03975	103.312062	103.288585	103.521502	103.489298	
20.04985	103.312062	103.288585	103.521502	103.489298	
20.06008	103.312062	103.288585	103.521502	103.489298	
20.07011	103.312062	103.288585	103.521502	103.489298	
20.0802	103.312062	103.288585	103.521502	103.489298	
20.09037	103.312062	103.288585	103.521502	103.489298	
20.10048	103.312062	103.288585	103.521502	103.498025	
20.11058	103.312062	103.288585	103.521502	103.498025	
20.12213	103.312062	103.288585	103.521502	103.498025	
20.13086	103.312062	103.288585	103.521502	103.498025	
20.141	103.312062	103.288585	103.521502	103.498025	
20.15117	103.312062	103.288585	103.521502	103.498025	
20.16141	103.312062	103.288585	103.521502	103.498025	
20.17138	103.312062	103.288585	103.521502	103.498025	
20.18152	103.312062	103.288585	103.521502	103.498025	
20.19164	103.312062	103.288585	103.521502	103.498025	
20.20174	103.312062	103.288585	103.521502	103.498025	
20.21188	103.312062	103.288585	103.521502	103.498025	
20.22353	103.312062	103.288585	103.521502	103.498025	
20.2429	103.312062	103.288585	103.521502	103.498025	
20.24732	103.312062	103.288585	103.521502	103.498025	
20.25738	103.312062	103.288585	103.521502	103.498025	
20.2675	103.312062	103.288585	103.521502	103.498025	
20.27767	103.312062	103.288585	103.521502	103.498025	
20.28781	103.312062	103.288585	103.521502	103.498025	
20.29798	103.312062	103.288585	103.521502	103.498025	
20.30806	103.312062	103.288585	103.521502	103.498025	
20.3182	103.312062	103.288585	103.521502	103.498025	
20.32836	103.312062	103.288585	103.521502	103.498025	
20.33851	103.312062	103.288585	103.521502	103.498025	
20.34866	103.312062	103.288585	103.521502	103.498025	
20.35877	103.312062	103.288585	103.521502	103.498025	
20.3689	103.312062	103.288585	103.521502	103.498025	
20.37901	103.312062	103.288585	103.521502	103.498025	
20.38919	103.312062	103.288585	103.521502	103.498025	
20.39933	103.312062	103.288585	103.521502	103.498025	
20.40944	103.312062	103.288585	103.521502	103.498025	
20.41953	103.312062	103.288585	103.521502	103.498025	
20.42977	103.312062	103.288585	103.521502	103.498025	
20.43984	103.312062	103.288585	103.521502	103.498025	
20.45007	103.312062	103.288585	103.521502	103.498025	
20.46016	103.312062	103.288585	103.521502	103.498025	
20.47025	103.312062	103.288585	103.521502	103.498025	
20.48041	103.312062	103.288585	103.521502	103.498025	
20.49053	103.312062	103.288585	103.521502	103.498025	
20.50064	103.312062	103.288585	103.521502	103.498025	
20.51079	103.312062	103.288585	103.521502	103.498025	
20.52125	103.312062	103.288585	103.521502	103.498025	
20.5311	103.312062	103.288585	103.521502	103.498025	
20.54119	103.312062	103.288585	103.521502	103.498025	
20.55136	103.312062	103.288585	103.521502	103.498025	
20.56146	103.312062	103.288585	103.521502	103.498025	
20.57157	103.312062	103.288585	103.521502	103.498025	
20.5817	103.312062	103.288585	103.521502	103.498025	
20.60112	103.312062	103.288585	103.521502	103.498025	
20.60565	103.312062	103.288585	103.521502	103.498025	
20.61637	103.312062	103.288585	103.521502	103.498025	
