3.027438	-813.940676	-813.943023	-1270.03481	-1270.03246	
3.037531	-813.938781	-813.943023	-1270.03671	-1270.03246	
3.047797	-813.936216	-813.943023	-1270.03927	-1270.03246	
3.057908	-813.933081	-813.934297	-1270.04241	-1270.04119	
3.068039	-813.929324	-813.934297	-1270.04616	-1270.04119	
3.078156	-813.924958	-813.934297	-1270.05053	-1270.04119	
3.088289	-813.919968	-813.934297	-1270.05552	-1270.04119	
3.098423	-813.914361	-813.934297	-1270.06113	-1270.04119	
3.108589	-813.908116	-813.934297	-1270.06737	-1270.04119	
3.118663	-813.901323	-813.934297	-1270.07416	-1270.04119	
3.128799	-813.893866	-813.934297	-1270.08162	-1270.04119	
3.138981	-813.885754	-813.934297	-1270.08973	-1270.04119	
3.149031	-813.877147	-813.934297	-1270.09834	-1270.04119	
3.15917	-813.867843	-813.934297	-1270.10764	-1270.04119	
3.169284	-813.857947	-813.92557	-1270.11754	-1270.04119	
3.179416	-813.847419	-813.92557	-1270.12807	-1270.04119	
3.189528	-813.8363	-813.916843	-1270.13919	-1270.04119	
3.19965	-813.82455	-813.908117	-1270.15094	-1270.04119	
3.209884	-813.812037	-813.89939	-1270.16345	-1270.04992	
3.219912	-813.799189	-813.881937	-1270.1763	-1270.04992	
3.230032	-813.785599	-813.864483	-1270.18989	-1270.05864	
3.240145	-813.771404	-813.84703	-1270.20408	-1270.05864	
3.250435	-813.756317	-813.829577	-1270.21917	-1270.0761	
3.268273	-813.727859	-813.803397	-1270.24763	-1270.10228	
3.272658	-813.72093	-813.79467	-1270.25456	-1270.111	
3.282787	-813.704124	-813.777217	-1270.27136	-1270.12846	
3.292927	-813.686681	-813.751037	-1270.28881	-1270.13718	
3.303046	-813.668658	-813.74231	-1270.30683	-1270.16336	
3.313227	-813.649901	-813.724857	-1270.32559	-1270.18082	
3.323381	-813.630578	-813.707404	-1270.34491	-1270.19827	
3.333462	-813.610792	-813.698677	-1270.36469	-1270.21572	
3.343583	-813.590302	-813.681224	-1270.38519	-1270.23318	
3.353741	-813.569118	-813.672497	-1270.40637	-1270.25063	
3.363855	-813.547416	-813.655044	-1270.42807	-1270.27681	
3.373992	-813.525045	-813.646317	-1270.45044	-1270.29426	
3.384094	-813.502149	-813.637591	-1270.47334	-1270.32044	
3.394332	-813.478305	-813.620137	-1270.49718	-1270.3379	
3.404475	-813.454063	-813.602684	-1270.52142	-1270.3728	
3.415019	-813.428188	-813.593957	-1270.5473	-1270.39898	
3.424693	-813.403912	-813.567778	-1270.57158	-1270.42516	
3.444694	-813.350686	-813.550324	-1270.6248	-1270.46007	
3.44913	-813.338979	-813.524144	-1270.63651	-1270.51243	
3.476136	-813.261453	-813.497964	-1270.71403	-1270.53861	
3.483525	-813.240355	-813.445604	-1270.73513	-1270.61715	
3.507478	-813.167335	-813.358338	-1270.80815	-1270.71314	
3.537609	-813.069459	-813.253618	-1270.90603	-1270.82659	
3.556201	-813.007621	-813.209985	-1270.96787	-1270.86149	
3.560632	-812.992974	-813.157625	-1270.98251	-1270.91385	
3.577562	-812.934588	-813.087812	-1271.0409	-1270.97494	
3.597466	-812.8634	-813.009272	-1271.11209	-1271.06221	
3.61745	-812.789516	-812.913279	-1271.18597	-1271.14075	
3.637895	-812.711392	-812.826013	-1271.26409	-1271.21056	
3.657473	-812.634336	-812.730019	-1271.34115	-1271.2891	
3.695942	-812.471854	-812.65148	-1271.50363	-1271.35019	
3.701984	-812.446722	-812.529307	-1271.52877	-1271.45491	
3.724698	-812.347929	-812.459493	-1271.62756	-1271.51599	
3.729152	-812.328702	-812.398407	-1271.64678	-1271.55963	
3.747889	-812.244848	-812.31114	-1271.73064	-1271.64689	
3.767465	-812.154876	-812.215147	-1271.82061	-1271.73416	
3.787471	-812.060505	-812.127881	-1271.91498	-1271.83888	
3.807479	-811.970817	-812.031888	-1272.00467	-1271.93487	
3.827525	-811.883281	-811.944621	-1272.09221	-1272.03087	
3.847569	-811.798083	-811.857355	-1272.1774	-1272.13559	
3.867504	-811.715634	-811.778815	-1272.25985	-1272.2403	
3.88792	-811.63363	-811.682822	-1272.34186	-1272.34502	
3.907484	-811.557212	-811.613009	-1272.41827	-1272.44974	
3.927463	-811.481492	-811.525742	-1272.49399	-1272.54574	
3.947474	-811.407937	-811.455929	-1272.56755	-1272.633	
3.951905	-811.391585	-811.438476	-1272.5839	-1272.65046	
3.976177	-811.306648	-811.377389	-1272.66884	-1272.71154	
3.980719	-811.290636	-811.333756	-1272.68485	-1272.75518	
3.994677	-811.242842	-811.298849	-1272.73265	-1272.79008	
4.006201	-811.204082	-811.255216	-1272.7714	-1272.81626	
4.014685	-811.175882	-811.22031	-1272.7996	-1272.85117	
4.027487	-811.134443	-811.159223	-1272.84104	-1272.88608	
4.04768	-811.071791	-811.080683	-1272.9037	-1272.92971	
4.065949	-811.016898	-811.01087	-1272.95859	-1272.96462	
4.087504	-810.954972	-810.93233	-1273.02051	-1272.9908	
4.107508	-810.899674	-810.871244	-1273.07581	-1273.0257	
4.127466	-810.846727	-810.810157	-1273.12876	-1273.05188	
4.147517	-810.795801	-810.749071	-1273.17969	-1273.07806	
4.167483	-810.747304	-810.687984	-1273.22818	-1273.11297	
4.187506	-810.700908	-810.644351	-1273.27458	-1273.14788	
4.207517	-810.656749	-810.600718	-1273.31874	-1273.20024	
4.22751	-810.614826	-810.557085	-1273.36066	-1273.24387	
4.247456	-810.575186	-810.522178	-1273.4003	-1273.30496	
4.267494	-810.537546	-810.495998	-1273.43794	-1273.35732	
4.287468	-810.50218	-810.478545	-1273.47331	-1273.4184	
4.307492	-810.468883	-810.469818	-1273.5066	-1273.47076	
4.327481	-810.437766	-810.469818	-1273.53772	-1273.52312	
4.347918	-810.408183	-810.469818	-1273.5673	-1273.57548	
4.367635	-810.381625	-810.469818	-1273.59386	-1273.61912	
4.387501	-810.356914	-810.461091	-1273.61857	-1273.65402	
4.417453	-810.324996	-810.434912	-1273.65049	-1273.70638	
4.426279	-810.315496	-810.434912	-1273.65999	-1273.70638	
4.437554	-810.304055	-810.417458	-1273.67143	-1273.72383	
4.457908	-810.28587	-810.391278	-1273.68962	-1273.72383	
4.47747	-810.270168	-810.356372	-1273.70532	-1273.72383	
4.497474	-810.255981	-810.330192	-1273.71951	-1273.72383	
4.517476	-810.243584	-810.295285	-1273.7319	-1273.72383	
4.537499	-810.232896	-810.269105	-1273.74259	-1273.72383	
4.557467	-810.223866	-810.242925	-1273.75162	-1273.72383	
4.57745	-810.216363	-810.216745	-1273.75912	-1273.72383	
4.597436	-810.21028	-810.199292	-1273.76521	-1273.72383	
4.617465	-810.205475	-810.181839	-1273.77001	-1273.72383	
4.637507	-810.201802	-810.173112	-1273.77368	-1273.72383	
4.657474	-810.199093	-810.173112	-1273.77639	-1273.72383	
4.677637	-810.193023	-810.173112	-1273.78246	-1273.72383	
4.697743	-810.193023	-810.173112	-1273.78246	-1273.72383	
4.717866	-810.193023	-810.173112	-1273.78246	-1273.72383	
4.737461	-810.193023	-810.173112	-1273.78246	-1273.72383	
4.757458	-810.193023	-810.181839	-1273.78246	-1273.72383	
4.777637	-810.193023	-810.181839	-1273.78246	-1273.72383	
4.79745	-810.193023	-810.181839	-1273.78246	-1273.72383	
4.816172	-810.193023	-810.181839	-1273.78246	-1273.72383	
4.820674	-810.193023	-810.181839	-1273.78246	-1273.72383	
4.837461	-810.193023	-810.181839	-1273.78246	-1273.72383	
4.857515	-810.193023	-810.181839	-1273.78246	-1273.72383	
4.875082	-810.193023	-810.181839	-1273.78246	-1273.72383	
4.887481	-810.193023	-810.181839	-1273.78246	-1273.72383	
4.907537	-810.193023	-810.181839	-1273.78246	-1273.73256	
4.927882	-810.193023	-810.181839	-1273.78246	-1273.73256	
4.947521	-810.193023	-810.181839	-1273.78246	-1273.73256	
4.96752	-810.193023	-810.181839	-1273.78246	-1273.73256	
4.987707	-810.193023	-810.181839	-1273.78246	-1273.73256	
5.007473	-810.193023	-810.181839	-1273.78246	-1273.73256	
5.027544	-810.193023	-810.181839	-1273.78246	-1273.73256	
5.047458	-810.193023	-810.181839	-1273.78246	-1273.73256	
5.067068	-810.193023	-810.181839	-1273.78246	-1273.73256	
5.087527	-810.193023	-810.181839	-1273.78246	-1273.73256	
5.107536	-810.193023	-810.181839	-1273.78246	-1273.73256	
5.127472	-810.193023	-810.181839	-1273.78246	-1273.73256	
5.147536	-810.193023	-810.181839	-1273.78246	-1273.73256	
5.167512	-810.193023	-810.181839	-1273.78246	-1273.73256	
5.18754	-810.193023	-810.181839	-1273.78246	-1273.73256	
5.207495	-810.193023	-810.181839	-1273.78246	-1273.73256	
5.227543	-810.193023	-810.181839	-1273.78246	-1273.73256	
5.244699	-810.193023	-810.181839	-1273.78246	-1273.73256	
5.256216	-810.193023	-810.181839	-1273.78246	-1273.73256	
5.264772	-810.193023	-810.181839	-1273.78246	-1273.73256	
5.277645	-810.193023	-810.181839	-1273.78246	-1273.73256	
5.295309	-810.193023	-810.181839	-1273.78246	-1273.73256	
5.305432	-810.193023	-810.181839	-1273.78246	-1273.73256	
5.315762	-810.193023	-810.181839	-1273.78246	-1273.73256	
5.333609	-810.193023	-810.181839	-1273.78246	-1273.73256	
5.338019	-810.193023	-810.181839	-1273.78246	-1273.73256	
5.348148	-810.193023	-810.181839	-1273.78246	-1273.73256	
5.358277	-810.193023	-810.181839	-1273.78246	-1273.73256	
5.368584	-810.193023	-810.181839	-1273.78246	-1273.73256	
5.378545	-810.193023	-810.181839	-1273.78246	-1273.73256	
5.3887	-810.193023	-810.181839	-1273.78246	-1273.73256	
5.398777	-810.193023	-810.181839	-1273.78246	-1273.73256	
5.409106	-810.193023	-810.181839	-1273.78246	-1273.73256	
5.419288	-810.193023	-810.181839	-1273.78246	-1273.73256	
5.429349	-810.193023	-810.181839	-1273.78246	-1273.73256	
5.439474	-810.193023	-810.181839	-1273.78246	-1273.73256	
5.449609	-810.193023	-810.181839	-1273.78246	-1273.73256	
5.459767	-810.193023	-810.181839	-1273.78246	-1273.73256	
5.469848	-810.193023	-810.181839	-1273.78246	-1273.73256	
5.479993	-810.193023	-810.181839	-1273.78246	-1273.73256	
5.490136	-810.193023	-810.181839	-1273.78246	-1273.73256	
5.500236	-810.193023	-810.181839	-1273.78246	-1273.73256	
5.510375	-810.193023	-810.181839	-1273.78246	-1273.73256	
5.520498	-810.193023	-810.181839	-1273.78246	-1273.73256	
5.530623	-810.193023	-810.181839	-1273.78246	-1273.73256	
5.540938	-810.193023	-810.181839	-1273.78246	-1273.73256	
5.550896	-810.193023	-810.181839	-1273.78246	-1273.73256	
5.561019	-810.193023	-810.181839	-1273.78246	-1273.73256	
5.571206	-810.193023	-810.181839	-1273.78246	-1273.73256	
5.581264	-810.193023	-810.181839	-1273.78246	-1273.73256	
5.591407	-810.193023	-810.181839	-1273.78246	-1273.73256	
5.601519	-810.193023	-810.181839	-1273.78246	-1273.73256	
5.611676	-810.193023	-810.181839	-1273.78246	-1273.73256	
5.621783	-810.193023	-810.181839	-1273.78246	-1273.73256	
5.631973	-810.193023	-810.181839	-1273.78246	-1273.73256	
5.642115	-810.193023	-810.181839	-1273.78246	-1273.73256	
5.652196	-810.193023	-810.181839	-1273.78246	-1273.73256	
5.662334	-810.193023	-810.181839	-1273.78246	-1273.73256	
5.672458	-810.193023	-810.181839	-1273.78246	-1273.73256	
5.682579	-810.193023	-810.181839	-1273.78246	-1273.73256	
5.692753	-810.193023	-810.181839	-1273.78246	-1273.73256	
5.702822	-810.193023	-810.181839	-1273.78246	-1273.73256	
5.71296	-810.193023	-810.181839	-1273.78246	-1273.73256	
5.72315	-810.193023	-810.181839	-1273.78246	-1273.73256	
5.733258	-810.193023	-810.181839	-1273.78246	-1273.73256	
5.743344	-810.193023	-810.181839	-1273.78246	-1273.73256	
5.753471	-810.193023	-810.181839	-1273.78246	-1273.73256	
5.76363	-810.193023	-810.181839	-1273.78246	-1273.73256	
5.773737	-810.193023	-810.181839	-1273.78246	-1273.73256	
5.78385	-810.193023	-810.181839	-1273.78246	-1273.73256	
5.794012	-810.193023	-810.181839	-1273.78246	-1273.73256	
5.80413	-810.193023	-810.181839	-1273.78246	-1273.73256	
5.814238	-810.193023	-810.181839	-1273.78246	-1273.73256	
5.82441	-810.193023	-810.181839	-1273.78246	-1273.73256	
5.834569	-810.193023	-810.181839	-1273.78246	-1273.73256	
5.844691	-810.193023	-810.181839	-1273.78246	-1273.73256	
5.854773	-810.193023	-810.181839	-1273.78246	-1273.73256	
5.864906	-810.193023	-810.181839	-1273.78246	-1273.73256	
5.875042	-810.193023	-810.181839	-1273.78246	-1273.73256	
5.88516	-810.193023	-810.181839	-1273.78246	-1273.73256	
5.895296	-810.193023	-810.181839	-1273.78246	-1273.73256	
5.90542	-810.193023	-810.181839	-1273.78246	-1273.73256	
5.915574	-810.193023	-810.181839	-1273.78246	-1273.73256	
5.933724	-810.193023	-810.181839	-1273.78246	-1273.73256	
5.938176	-810.193023	-810.181839	-1273.78246	-1273.73256	
5.948259	-810.193023	-810.181839	-1273.78246	-1273.73256	
5.958387	-810.193023	-810.181839	-1273.78246	-1273.73256	
5.968506	-810.193023	-810.181839	-1273.78246	-1273.73256	
5.978634	-810.193023	-810.181839	-1273.78246	-1273.73256	
5.988811	-810.193023	-810.181839	-1273.78246	-1273.73256	
5.998879	-810.193023	-810.181839	-1273.78246	-1273.73256	
6.009011	-810.193023	-810.181839	-1273.78246	-1273.73256	
